,0,1,2,3,4,5,6,7,8,9,10,11,12,13,14,15,16,17,18,19,20,21,22,23,24,25,26,27,28,29,30,31,32,33,34,35,36,37,38,39,40,41,42,43,44,45,46,47,48,49,50,51,52,53,54,55,56,57,58,59,60,61,62,63,64,65,66,67,68,69,70,71,72,73,74,75,76,77,78,79,80,81,82,83,84,85,86,87,88,89,90,91,92,93,94,95,96,97,98
35000,22.682782078457876,0.8034445785803417,1.0,0.6385791111157858,1.1661761937713548,1.09140651484966,0.6913953052856548,1.3830243302055125,0.8626272009737159,0.49512077574522606,0.8592705775801708,0.7903812092348944,0.7161182205896862,0.621298236635133,0.953130435957323,0.5734460885310669,1.707023884396915,0.8733046971857372,0.8294040820744996,1.2342688751854838,0.9061478510255885,0.6149757962591015,0.8881616871195639,0.8302569562271758,0.8894705988855679,0.6421880423373219,41029.0,65359.0,10.0,80.0,0.0022965879265091863,0.4069576632753528,0.6613062028224483,0.5789556015861952,1531.0,21.645312937719794,0.004886151598105192,-0.0006194622342515663,-7.887731209326484,0.0071806161798088405,0.8924693192667935,0.04440423931308986,0.002632236524340111,13.59560343129474,16.791029120721227,18.033823714830792,18.798434287655677,19.433602107273018,19.958617039979263,20.376839024003125,20.677098162742762,20.971087749419002,21.231716969181374,21.51333050508025,21.728350818888185,21.911687648057647,22.100355394914367,22.263098261850757,22.413981143421868,22.531443824042306,22.535487924653197,22.663998940155782,22.682782078457873,106.51315789473684,308.1377049180328,504.41639344262296,702.6622950819672,887.5,1051.3081967213116,1213.6590163934427,1260.462295081967,1347.2105263157894,1382.1901639344262,1467.983606557377,1481.9409836065574,1428.092105263158,1363.72131147541,1267.822950819672,1150.52131147541,987.171052631579,685.5213114754098,447.26229508196724,152.0,3048.0,874.0,2.254755331443215,0.36921264925622865,1.131298718053218,1.4165696874271836,1.5970394368018663,1.7668628629415275,1.950809938599864,2.243150283740248,2.5704510656506123,3.004973305072704,3.669845841431021,11.525990192571973,1.3534920263486807,0.33919080325868
35001,14.812677187313996,2.300386399829522,1.0,0.6625483531659689,1.0921834852565138,1.0510356684274191,0.6183438945023153,1.2937531018026,0.8688817518033441,0.771036739680573,0.38800624008311324,0.826691022868313,1.2469383890353687,0.2999074858583914,0.6490993532663438,0.525631055654099,0.29699580261763564,0.6175807089758804,0.8500626598361776,0.22956142265771437,1.063307294059946,0.7469118709011396,1.0834099783482025,1.0116757461246657,1.2079230951286493,0.8374163330226423,4993.0,8237.0,5.083333333333333,34.0,0.015180265654648957,0.4372623574144487,0.6901140684410646,0.5522220265229792,234.0,13.34865594073248,0.03701615253016303,-0.006423676746294742,-5.762455676418402,0.02378762507126326,0.2330954108330565,0.036408884599608476,0.013386898006180014,4.336974227328167,7.247591651154332,8.482299708098399,9.39284478302101,10.156306796519084,10.816181242474924,11.342911916917663,11.902043201209986,12.339429080370506,12.738567292099685,13.059673023850236,13.32584156148977,13.566761529654565,13.836728632085038,13.987288056651904,14.170795904015758,14.339499843667452,14.53755094763641,14.787214868680506,14.81267718731399,14.576923076923077,39.43396226415094,62.34615384615385,79.71698113207547,104.0,131.65384615384616,148.0566037735849,161.32075471698113,178.5,204.77358490566039,217.28301886792454,226.07692307692307,223.56603773584905,220.41509433962264,191.57692307692307,163.33962264150944,131.62264150943398,102.76923076923077,76.58490566037736,26.0,527.0,95.0,2.19095746274398,0.6114508948849857,1.3226142320003256,1.515105435310176,1.6915693404813597,1.8313452733526978,2.0299361687905235,2.3091480800798525,2.5061569200106923,2.736039213989988,3.302922775218728,4.591537370150567,0.643029607804055,0.738228078295942
35002,20.360976244779057,3.7241984574982894,1.0,0.6840831494394162,1.037951437408994,1.0312146351865845,0.706599887637924,1.067905757235979,1.1706467298446435,0.8154249684170339,1.59455043353404,1.1352115164975627,1.1540123097710908,1.493156510047437,0.9965845869360955,0.6893656056168569,1.0828746052772147,0.9664181955251021,0.9756095602014894,1.0140170122127434,0.9650365931251689,0.6513456315461645,0.9951329378970444,0.9358251523947373,0.9218026254200696,0.9318546427474184,60880.0,95338.0,14.486486486486486,82.0,0.0013950244129272262,0.3834883720930233,0.6493023255813953,0.5942027931981507,2431.0,19.860205929099457,0.003279424692362032,-0.00011713642485231217,-27.99662612630352,0.0038690180900652947,0.2594845615235305,0.020015708247010176,0.001723070251639901,10.934827067824518,14.472138412317399,15.868459237758632,16.76087257397249,17.436154797046008,17.939402091396033,18.2655712143338,18.67720185100168,19.037058376529156,19.299411944146872,19.579821134727094,19.80212213761158,19.97003187157844,20.138731859418613,20.34022436181421,20.36097624477904,20.36097624477904,20.36097624477904,20.36097624477905,20.36097624477905,135.58837209302325,403.2906976744186,675.9093023255814,922.9279069767442,1177.4720930232559,1427.546511627907,1490.3976744186045,1724.667441860465,1942.6860465116279,2111.3651162790698,2278.7,2387.4813953488374,2338.118604651163,2317.0116279069766,2320.0488372093023,1935.5,1505.5,1075.5,645.5,215.0,4301.0,1098.0,2.3021958728770207,0.32548484730084004,1.1982694509762766,1.434651312397526,1.662378634392956,1.8898649365574092,2.1149688629262893,2.363254025899226,2.628102136386529,3.0570984914494055,3.739020333259606,6.605869011537128,1.0935886298468858,0.391207796395756
35003,20.05584333941224,2.0812763749904146,1.0000000000000002,0.5965871385799322,1.233729830677066,1.1201029795083073,0.7482996844474101,1.3457656557640285,1.3453603364753866,0.9938971599949028,1.5091089226076693,1.201104149429154,1.32820737553679,1.1213757136274267,0.9503711287135657,0.4358773169869004,1.4100650198704714,0.8484676374405781,0.5824903124324831,1.047779019943809,0.8713217199884628,0.45080950618610477,1.0651070838176269,0.777894297157345,0.6024451373636618,0.7914506357445539,42883.0,58873.0,5.066666666666666,36.0,0.0035195776506819184,0.42473591549295775,0.6808978873239436,0.5361261002805696,1597.0,19.669681768496694,0.004765282073971622,-0.00013639933606421977,-34.936255640775435,0.007911341093495521,0.4170805268974215,0.04504089998376291,0.0031670496248487542,10.896239438769848,14.66636714990475,16.033124196912738,16.946002213438867,17.618466228075203,18.15045969056121,18.54993723626536,18.881390259817046,19.172236065602473,19.43078771362303,19.64457800297218,19.77011678922832,19.927153500884234,20.037007512459397,20.055843339412228,20.055843339412228,20.055843339412228,20.055843339412228,20.055843339412235,20.055843339412238,69.14096916299559,221.33920704845815,372.57709251101323,529.9824561403509,667.1013215859031,820.7709251101321,996.4052863436124,1165.4473684210527,1313.1850220264316,1450.863436123348,1562.5330396475772,1542.4122807017543,1544.1938325991189,1445.15859030837,1250.0,1022.5,795.0,568.0,341.0,113.5,2273.0,748.0,1.736880830880345,0.2896437377435571,0.6964709323983009,0.875803839349437,1.0351726181509087,1.210188326603491,1.3531315803013477,1.5706229920139387,1.8656755368217541,2.3185514316481153,3.3469574399516735,8.313953079764076,1.5279325241458221,0.446950709756929
35004,20.330099400901005,2.46006816085905,1.0,0.6706061881548586,1.0323417245160516,1.0670979041006208,0.7070666869104969,1.2497350049180294,1.1898475952116414,1.117749470817468,0.5899890561567548,1.115031329964496,1.580826096759607,0.4720913264291996,1.0123718514501268,0.8311233120392861,0.7434421613581125,0.9487150593772193,1.175452510244614,0.5948798412723305,0.9193693410742744,0.6205690263813084,0.8148065937159954,0.8615604412128838,0.8776668988506063,0.6519834929081136,18495.0,33313.0,16.076923076923077,88.0,0.0036231884057971015,0.39150699119627136,0.6514759192128431,0.589100311942698,820.0,18.892305695775725,0.010622922777819819,-0.0021370526908621335,-4.9708286666223005,0.009254288575889153,0.3733565117892458,0.03005310602343125,0.004015989592125963,9.586592261758486,13.366112488586406,14.752182919049103,15.612668916421006,16.198454552369085,16.691608255587163,17.128808704830917,17.494457728138975,17.907739700276814,18.216286641812673,18.47774723324623,18.72347620566245,18.97512124452388,19.164580034187715,19.33989048571712,19.513618758459554,19.805093293867984,20.05571815442187,20.330083478266417,20.330099400900995,59.69948186528497,174.78238341968913,287.51295336787564,396.979274611399,468.45595854922277,544.4093264248704,605.5721649484536,632.7046632124352,683.0103626943005,739.4093264248704,764.0466321243523,779.1813471502591,784.5751295336787,719.2422680412371,643.4922279792746,533.1658031088083,496.5284974093264,403.82901554404145,290.0,96.5,1932.0,501.0,2.4784054242793196,0.6793801170177427,1.3525721805795987,1.628699375468751,1.9322791470837406,2.131740506897933,2.3644405474483206,2.581614269862596,2.8601961092380197,3.18527138603599,3.7223489720341956,8.354941246204689,0.9653191159004432,0.475534030608833
35005,26.709166162718276,2.036126327187918,1.0000000000000002,0.688776106125387,0.9864793692999342,1.0290318143193187,0.6905946660571896,1.1374024481390075,1.1048496905611924,0.7939252436226776,0.87593031403042,1.0736788456749762,1.1496255077604827,0.7701146726592664,0.9240390187515899,0.6538967186403368,0.7380506562835597,0.8979693396193206,0.9468603665499298,0.6488913906341082,0.9738123561985484,0.690108806082523,0.8398888631327712,0.9463384344853355,0.9992964614432364,0.7384271631443898,591670.0,1080182.0,194.95,1102.0,0.00018093407214746126,0.3854435246754422,0.6458587777626996,0.6038357774775628,16218.0,24.448983864810607,0.0004985114928391292,-0.00014226827171307638,-3.5040243817997347,0.0005580368171965974,0.1269809050418634,0.0032694644265370337,0.00021486997175403522,16.04214433241996,19.386500059129165,20.705330536256255,21.57946523609251,22.22935526575471,22.73121946067207,23.147566873625397,23.47543950821323,23.831470456045473,24.183916926650756,24.46354027234257,24.746782956895583,25.047539978526583,25.34018471978754,25.531600183211626,25.77551349885599,26.047861888474163,26.22345516442779,26.562725473675478,26.70916616271826,1426.893010631079,4084.08753675639,6583.821121664405,8859.572947296992,11004.032790592491,12725.57091155847,13820.118724559023,13972.471838950463,14739.25712347354,15638.78330694413,15490.485410540601,15335.519448213478,15446.552589911784,15371.542966983265,13708.704817914499,12315.310492989598,10953.021262157883,8145.538444142921,5881.630852748247,2210.5,44215.0,10357.0,2.506846614777603,0.24008510728814894,1.3667250646612807,1.6624167554738654,1.9003012965310666,2.1228268451948575,2.33656846635951,2.5779918826958994,2.8814939054919186,3.2655846732819445,3.841846464673653,10.619535383060331,1.0871212244165966,0.0288270650967024
35006,20.260635868026238,3.345868685317518,1.0,0.6213737760639433,1.228887412133719,1.1656173608542109,0.7913883474104672,1.460635478608909,1.5358080565066612,0.719157479803349,4.345327593382964,1.3175919543452577,0.9087289219717885,2.9749568985695185,0.7566862081331452,0.4506736372536021,0.8330730489380886,0.6491720469731297,0.5694721671455854,0.5703497286889793,0.8361930226253657,0.5102635333926491,0.9252621674628425,0.717382093565053,0.6447700867245548,0.6334654888323339,44864.0,63620.0,9.609756097560975,96.0,0.003998400639744102,0.4344,0.6828,0.5433291460131555,1286.0,19.22620007412529,0.005518114502098796,-0.000645424909749244,-8.549584031770102,0.006765906873083489,0.4626916140770299,0.034855027228282,0.00294439201915077,10.848321454113842,14.56685745008267,15.931433360265595,16.74929247552208,17.314882747404134,17.7639151147196,18.124253113296867,18.432792958172502,18.74825207138982,18.993607967114215,19.197327735169278,19.375819307156096,19.57797769256382,19.807129900053102,19.996938272597973,20.201238883645413,20.23408744748654,20.260635868026224,20.26063586802623,20.260635868026235,77.196,231.788,410.116,577.18,742.596,894.084,1019.452,1131.06,1201.596,1236.388,1238.18,1198.428,1198.572,1199.892,1140.74,1077.844,856.356,625.5,375.5,125.0,2501.0,789.0,1.8787565534548654,0.534516038629409,0.9615350387014703,1.158445656079986,1.3967120188575102,1.566888948886793,1.7192808019081705,1.8790977123098607,2.103194623726528,2.4039886492776006,2.971757543699906,6.112465221634983,0.7627427741623125,0.711509506599978
35007,13.517287362796612,1.5806598582704492,0.9999999999999999,0.6246728526793547,1.1936117803916546,1.122657047454507,0.7156445570236097,1.477462303978466,0.6622752994905138,0.4930124252201221,0.3613782375574538,0.5899177322158581,0.6889068328425185,0.2445938800498296,0.7267591693046274,0.4990953594780084,0.5690085923293566,0.6473563506793713,0.69740677069321,0.38512562438794373,0.9347238961871334,0.6069908331299764,0.9892142130087715,0.8325996779751306,0.8481736179961629,0.669536008022029,19456.0,30066.0,6.774193548387097,38.0,0.0045662100456621,0.42493472584856395,0.6677545691906005,0.5636788337503512,705.0,12.28723265659041,0.01100665069094597,-0.0013332227335273502,-8.255672825069013,0.007791532313659375,0.07370128092610259,0.01303624278602123,0.003993282931323866,4.040762979366839,6.909910137442914,8.165493749420481,9.060173005194946,9.841217242123035,10.443324111323443,10.93539712253509,11.311603588445271,11.640642879294385,11.925039648723947,12.172976745094054,12.400533949633544,12.663835691530714,12.874623555660694,13.027309143093094,13.190257190116961,13.322903596238858,13.323050517258695,13.431882746352588,13.51728736279661,51.35947712418301,135.22222222222223,211.73856209150327,293.0844155844156,373.06535947712416,461.45098039215685,529.40522875817,585.5519480519481,632.8235294117648,645.3921568627451,672.4183006535948,677.3311688311688,694.5816993464052,692.2614379084968,649.3006535947712,592.487012987013,503.96078431372547,351.0,216.1045751633987,76.5,1533.0,442.0,2.251989903580596,0.36855989844567566,1.2226639107181418,1.4370266494972717,1.69051724569355,1.9352097006759827,2.103255671216499,2.3320237917482998,2.6014137502397623,2.877902840576288,3.4151281503829702,6.331395353360459,0.9382948237338057,0.571486907359213
35008,17.93098684379671,2.816479296922734,1.0000000000000002,0.7012944696362088,0.9073321846257073,0.9827023702193399,0.6730897379689481,0.9428440861199103,1.1517677268854254,0.6832808422010839,1.4642889237458665,1.172041262735888,1.0151407808755004,1.5530552137966522,0.8648904657683284,0.620115264234338,0.7148469607888487,0.8801143580993747,0.921296566050077,0.7581815183575695,1.0424661719134691,0.756744485622673,0.879556995579775,1.0608157703749,1.1242846873674728,0.9328763986837092,12013.0,19989.0,9.923076923076923,62.0,0.0054005400540054005,0.390990990990991,0.6513513513513514,0.596390746701876,524.0,16.370138671242376,0.016684087337502707,-0.0038950143113380903,-4.283446992463313,0.01361667346565223,0.2520148071356489,0.03372643728978789,0.006533838957423269,6.788237393987187,10.440493486272242,11.972701474308785,13.088823691014445,13.872717710331381,14.45248390972126,14.951529727518514,15.42173135093045,15.849760016675026,16.17278654373447,16.39586750178979,16.51124983397566,16.758606510161425,16.857967469086365,17.033139445007713,17.366942271816608,17.712246167350603,17.930962123609834,17.930986843796713,17.93098684379671,25.81081081081081,76.57657657657657,125.34234234234235,195.3153153153153,259.43243243243245,306.036036036036,356.5315315315315,410.6306306306306,456.72972972972974,490.43243243243245,486.4954954954955,427.5855855855856,449.34234234234236,388.0,324.7837837837838,314.9189189189189,306.4054054054054,278.0,167.0,55.5,1111.0,255.0,2.5017870435662375,0.20861209224915012,1.0890182110498687,1.5731463007719373,1.86986701529853,2.1882173317724267,2.418741884797938,2.6961179370724513,2.9322368811128148,3.3811134576551853,3.724865139772938,7.919697470209658,1.2683707941286346,0.650649452416692
35009,16.95894398583226,3.5294385767717733,1.0000000000000002,0.6766056096320566,1.02798675646437,1.0777675743429513,0.7228654569268891,1.1969492024751012,0.7744042030376086,0.5345583196608386,0.5820320049583309,0.7185261660054258,0.7394990513634462,0.4862629122061161,0.7843646600830384,0.5633045989255521,0.5734341601318176,0.727767914674198,0.7792661739852994,0.4790797796147461,0.9421810492233196,0.6435274173259274,0.8831203698006588,0.8741968784853352,0.8902450810995304,0.7378093974034202,31354.0,54912.0,18.533333333333335,112.0,0.002669336002669336,0.3918558077436582,0.6518691588785047,0.5950100714285962,1568.0,16.036523684502374,0.004618461678949161,-0.0005110975544364998,-9.036360355981651,0.004482478440941418,0.3091004270179489,0.015190966065252609,0.0021542061354390043,8.593068603886092,11.244578937562856,12.47272410705147,13.294507196713603,13.886556518923493,14.360899138034132,14.768888915100737,15.0796940706287,15.360987205935645,15.63428043289251,15.92908668725036,16.14478658891125,16.337919627417307,16.519163193237407,16.655249633830415,16.707773086649073,16.948512206055213,16.958943985832256,16.95894398583226,16.95894398583226,115.94314381270902,313.11333333333334,509.4046822742475,708.1066666666667,888.5866666666667,1034.3846153846155,1181.7066666666667,1270.4133333333334,1330.9565217391305,1394.92,1516.9733333333334,1515.8829431438128,1505.18,1470.64,1360.675585284281,1113.28,1038.52,749.0,449.5,149.5,2997.0,829.0,2.307720687353518,0.3155192391252959,1.2320088940299576,1.466026929241761,1.7529102392832034,1.9487489926787365,2.1461809552609994,2.3870290392589992,2.6318613751551987,2.9784365959006927,3.5853413403269916,7.275035838402326,1.0071752246691448,0.657994855875149
35010,20.939879517322943,2.0144743003941743,1.0,0.6078330286716616,1.3169922258333824,1.1687200890572438,0.7467671043208525,1.6990801444416381,1.122922650195309,0.9737861436493636,0.733697562592799,0.9608140227153298,1.3040024634386829,0.4318204559055165,0.9423696156864376,0.5505921193910114,1.2448783796458878,0.8063261892303115,0.7373009820668889,0.7326778455497678,0.8181598499805264,0.5210082392650349,0.8430837064243208,0.7000477339621164,0.6976850429678019,0.49620008166323437,51255.0,73999.0,10.157894736842104,72.0,0.0023232658479920344,0.4342629482071713,0.6816069057104913,0.5507102054327718,1386.0,19.251674116544592,0.005471041446485579,-0.001369081714177589,-3.9961394486756747,0.0062833350653813975,0.268302485314134,0.02736031469093758,0.0025497785921459334,10.591698926593844,14.517068476886092,15.876553321085282,16.736847704901766,17.341930182883363,17.83927954507946,18.201175807836403,18.555290255045147,18.821347873141764,19.071762370551525,19.314993941408257,19.498787228786195,19.715684168370572,19.99806329662809,20.050733624858108,20.22304378519767,20.568240298581713,20.82380658223674,20.93987951732293,20.939879517322932,90.89036544850498,269.9700996677741,455.4086378737542,666.2549668874173,855.6777408637873,1012.4518272425249,1114.4352159468438,1248.3807947019868,1297.2624584717607,1303.637873754153,1352.2458471760797,1284.5794701986756,1211.5049833887044,1220.485049833887,985.0,809.0562913907285,788.8637873754153,665.21926910299,452.0,150.5,3013.0,916.0,2.0224579471198916,0.46101288304034727,1.0958971894220528,1.3161417165640168,1.4996762051719963,1.6632312450022626,1.829121200958519,1.9907256107950557,2.2154045066811783,2.564321137184368,3.1879541725894476,8.475266672478996,0.8522479652947778,0.24799392710207
35011,36.844229783963684,0.8275914973434695,0.9999999999999998,0.8177868320233901,0.6344269876806186,0.7908698779817407,0.5873848941580995,0.5270064112046033,0.7186870043258806,0.7116637126376303,0.2700599943148738,0.9087297725384774,1.2115798681844892,0.5124415729546534,1.1057255720797805,1.3036473281921277,0.5800053077145595,1.398113144606715,2.2194090129958983,1.1005659426207246,1.2837845438630264,1.6302826829548802,0.687523393358782,1.6232563403972076,2.7754930356041405,1.3045825985063018,1094214.0,1536186.0,115.22033898305085,1270.0,0.0002443494196701283,0.4451422148372593,0.6756426546769622,0.5559069700574557,7296.0,28.652477033731465,0.0020320820557561113,-0.0008821410518354713,-2.303579514328187,0.0008800859712300902,0.010165232623963703,0.0009218316025474418,0.00046351044555494834,11.98772331914391,17.474421437709037,20.101996364294504,21.83251142319691,23.127320171875457,24.211239666672853,25.113870787240245,25.90753549113764,26.66166113075932,27.325725486823814,27.95597156928603,28.574374413122026,29.137514984801545,29.71932004235943,30.309391671013856,30.902743984423424,31.54115657764461,32.28759526530401,33.19170392242295,34.73768399917037,517.4178885630498,1388.4081133919844,2278.97727827999,3169.4794721407625,3962.6403615929635,4810.7761485826,5476.96994869289,5979.345552297165,6529.826777424872,6910.987292277615,7127.067448680352,7250.1255802589785,7179.093841642229,6995.560469093574,6557.134897360704,5956.806254580992,5159.426197458455,4124.94038602492,2842.084066471163,1126.0190569264598,40925.0,3352.0,2.5655064875883142,0.13933534035365625,0.9223414357626244,1.309476243578319,1.6841749027078294,2.0514842930598367,2.39190225976772,2.746669774598295,3.199061187090244,3.746558476279494,4.458431799225148,7.425743236901761,1.864571759795537,0.0114621221949346
35012,20.32272971835019,0.6592879548690395,1.0,0.6013721457620249,1.27580211899534,1.191570284866746,0.8188389376573553,1.5412433247176744,0.6697585774237428,0.40386923275972453,0.518301424929328,0.5620806308531286,0.49322182200466436,0.33628786358200163,1.008435723700883,0.49520680072155343,1.640103555807125,0.8463082174071309,0.6047670401926755,1.0641431690272267,0.7897897579007432,0.46588707076441305,0.8662965048389795,0.6628142443054175,0.5689605725117146,0.5620764034761792,18394.0,25986.0,3.6842105263157894,22.0,0.009033423667570008,0.4448462929475588,0.6880650994575045,0.5319416158308772,624.0,19.67765602447302,0.013145207767248134,-0.0010712176083393838,-12.27127678345954,0.017778880437143898,0.4075460885466265,0.06479195826878072,0.006804905314654088,9.340693106585482,13.769192274249859,15.361302219199763,16.387721496559312,17.09607998895651,17.595496191150225,17.997888174423167,18.396499276424613,18.747990683225176,19.0843490350104,19.34994732235606,19.566738443722368,19.70779457460731,19.85823576838673,20.023470260532257,20.061862171410343,20.248019131670095,20.322729718350182,20.32272971835019,20.322729718350192,27.3,82.90990990990991,134.75454545454545,199.76576576576576,268.13513513513516,332.8454545454546,405.5855855855856,462.6756756756757,492.2818181818182,529.7657657657658,586.1891891891892,615.1909090909091,575.981981981982,552.2792792792793,522.5363636363636,421.6216216216216,362.60360360360363,276.5,166.0,55.0,1107.0,354.0,1.8620876545997382,0.4234247153679569,0.9435822590863463,1.0972145572019223,1.227066719407991,1.3700998392127979,1.5856830935906516,1.8000621441498894,2.0681342064142085,2.474208200376395,3.1193261213004284,6.455262082748608,1.067529560735805,0.918084583738819
35013,23.38190181894715,7.132282177432128,1.0,0.6034957227589314,1.3065228464142438,1.1128080316440037,0.7212960771763989,1.476047356018206,1.5977251303387567,1.3608794107320705,2.9127065947592206,1.435759883920286,1.8867140052381794,1.9733151398452113,0.9702356768658045,0.5353119676108676,1.378306540927923,0.8718805483749337,0.7421528891525535,0.933782060113607,0.8801910259239139,0.5207256266485476,1.088588389364388,0.7909639406749844,0.7219304847559844,0.7375023470120704,68726.0,105790.0,12.545454545454545,90.0,0.0013109023377758358,0.4104020979020979,0.6682692307692307,0.5583616938092867,2797.0,22.937025010877484,0.0026089256464742745,-0.00011750493342170873,-22.202690308424806,0.003551053243338073,0.5425420560407318,0.032110868116856144,0.0018003013701205382,14.023298665107207,17.999067437178677,19.365665065078787,20.209884706314508,20.85070318086906,21.35363590618673,21.717253700859715,22.01159624923519,22.30521686753616,22.533556312591067,22.69666309860296,22.90315352136451,22.9902966427581,23.19524962605642,23.338618593862336,23.381901818947135,23.381901818947135,23.381901818947135,23.381901818947142,23.381901818947142,147.3741794310722,446.55676855895194,763.6695842450766,1086.3034934497816,1400.0589519650655,1714.4901531728665,1999.3034934497816,2268.0414847161574,2496.789934354486,2614.085152838428,2614.3689956331878,2709.63238512035,2478.2860262008735,2517.093886462882,2412.3304157549233,2059.5,1601.5,1144.0,686.5,228.5,4577.0,1411.0,2.020873709005184,0.20056602008423433,0.8894088367731783,1.0897358128543262,1.2681822963471183,1.4860789654284683,1.685107718735366,1.9022927559833291,2.203308929459283,2.6723100079419346,3.668794250338614,10.334356138759604,1.59159117572763,0.382717282911763
35014,43.078856758886275,1.0183956698881098,1.0,0.6391064898067399,1.1514431663646982,1.056579610357827,0.6691108987146195,1.272268392987612,3.8427178710343184,3.0032783840575212,2.79212045321806,3.636941157451375,4.48846131459957,2.19460018704186,1.5317834140397728,0.7897791165044197,4.692287264388751,1.4497567424389446,1.1803411333182694,3.6881268844304613,0.9164193775950871,0.607993085485274,0.8899394778723263,0.867345317486041,0.9086581710942767,0.6994903612928091,20469.0,26915.0,4.918918918918919,36.0,0.007157464212678937,0.4094165813715456,0.6530194472876152,0.5625609251293894,437.0,41.695463990539466,0.026257554444154046,-0.0037092229253457443,-7.078990659938975,0.043050625474921354,3.3592522230793223,0.6147099327296712,0.01487652894618375,26.814913418606285,34.90801798103646,37.260242468503066,38.12468219765859,38.78723245136826,39.36580843185703,39.89258584988841,40.27660313755854,40.63563597775815,40.92005541938581,41.18897719135914,41.54908299972983,41.74346275693258,41.925798325037654,42.114732363447764,42.320847643097245,42.55527826648746,42.68131856361022,42.97339990895528,42.99009020339017,13.34020618556701,58.275510204081634,108.1938775510204,171.5612244897959,215.53608247422682,250.60204081632654,289.7244897959184,326.3775510204082,356.35051546391753,382.98979591836735,381.66326530612247,411.5612244897959,401.1443298969072,357.4183673469388,327.7857142857143,291.96938775510205,259.7319587628866,194.58163265306123,143.60204081632654,46.683673469387756,978.0,239.0,2.2440320690961753,0.8747988756817495,1.2908113815822753,1.5341841474058535,1.6794531951560747,1.8737084265158157,2.051351329903696,2.2354152611961453,2.5003616482715234,2.9096447836307213,3.417609940868827,8.13258880619897,0.8749164287568159,0.894307354865596
35015,20.915653937444176,1.2660652333726305,1.0,0.6972758621736052,0.9603049948259412,1.0029742329144877,0.6743332170912327,1.0515939115270152,0.8775874005060653,0.7076374584310905,0.572628980066397,0.8749849913451239,1.0493884039755852,0.5445343243143018,0.9869236332409465,0.7253166631349404,0.7794494754581244,0.9839969969847573,1.075605716508564,0.7412076723859014,1.0010154242010307,0.7161000333054255,0.8902584694506398,0.9980469999635334,1.0619379487108107,0.8465800911284272,171744.0,331634.0,93.70588235294117,482.0,0.0005035246727089627,0.387612513375716,0.6452445395606471,0.6009897539972392,5895.0,18.87402825199901,0.001562906088135543,-0.0004098013524079172,-3.813813885562346,0.0012368344372173188,0.029165061712729822,0.0029085161185034136,0.0005261224011789026,9.033020147643922,12.831570701321473,14.273713540270142,15.193018122054536,15.9888270021859,16.65715566228745,17.188198658801007,17.61453027985874,17.998202933835366,18.354114880426543,18.71616555783007,18.999066100156032,19.24047898729712,19.502581070293992,19.761105447752335,19.960721789619246,20.215350902211167,20.639809184833403,20.915653937444162,20.915653937444173,417.6347607052897,1264.3096286972939,1981.9314033983637,2442.273127753304,3029.0314861460956,3736.765890497168,4379.394587791064,4821.736312146004,5091.740554156171,5382.860918816866,5687.92762743864,5673.775959723096,5401.613350125945,5065.563876651982,4771.886721208307,4078.5103838892387,3403.8639798488666,3142.86595342983,2383.0,794.0,15888.0,3458.0,2.5744532451102105,0.21878602725715723,1.3356056770055376,1.6517705681470645,1.9077125330171134,2.1512252668991425,2.4028321214827404,2.675642377017103,2.9625779380549573,3.4072032290195735,4.008871165246971,8.958929128849256,1.2514924026833614,0.0628478943626396
35016,18.23217504263914,1.0191061948181999,1.0,0.7431546549610242,0.9624063699348473,1.0440520033218221,0.6861569268843242,1.200953726450488,0.5737768509958611,0.4406437703412842,0.251893917100657,0.549567310028903,0.6421909523556704,0.20974489820282174,0.9565024123768282,0.7974433851231788,0.851489303647803,0.9161444155401832,1.1621880562281577,0.7090109176516283,1.0410593240983537,0.8634334765093737,0.6994330911159533,0.9971335918000763,1.2583615244256445,0.5823980355872513,15426.0,22714.0,4.181818181818182,36.0,0.00784313725490196,0.465161923454367,0.7026496565260059,0.5232129392156826,243.0,14.691892156330061,0.0574365349929671,-0.014367657764799101,-3.9976268876397625,0.016892118594524965,0.05012580912053653,0.017290558425830327,0.011130188109093483,2.859787798873027,5.541579161890228,6.977819819822532,8.232701849836742,9.297454991818784,10.37606455705931,11.362946192244113,12.035333898413176,12.684390480800321,13.384163074506864,14.01202457626213,14.560690466062512,14.956112183488026,15.467628308947896,16.00106496850797,16.518458477194155,17.037771461843548,17.3695154216596,17.845106316837153,18.23217504263913,25.287128712871286,56.36274509803921,89.65686274509804,104.53921568627452,111.06862745098039,124.30392156862744,150.8921568627451,164.14705882352942,179.73529411764707,196.0686274509804,208.83333333333334,233.7156862745098,211.7156862745098,211.48039215686273,209.6764705882353,215.2450980392157,216.85294117647058,178.97058823529412,116.55882352941177,50.5,1020.0,162.0,2.222567828668694,0.4189493568533826,1.1428016060719868,1.3409351245038292,1.5697569606178985,1.836685362253,2.0942473341313823,2.3190637293522185,2.689945996408606,3.088219282126554,3.62955898160322,5.0406536307515974,0.9703132241301151,0.575596257618163
35017,13.00501700914014,1.936707639895745,1.0000000000000002,0.6987321745590405,0.9968689703818865,1.048013446017723,0.722916710996647,1.080477226389869,0.6691868045219063,0.49211064676612276,0.3211519456168486,0.6385288347823255,0.6807293831784244,0.29723157302435105,0.9390873739458333,0.6919343674593245,0.7994757344222138,0.8960642418417524,0.9571425821729742,0.7399283528570538,0.9648915430208086,0.6644296826608296,0.9524374897800684,0.9206862246732006,0.9190957582718147,0.8814970519669241,12794.0,26426.0,14.08695652173913,66.0,0.003395585738539898,0.37315968289920726,0.636466591166478,0.6106859873179191,957.0,12.525012136342985,0.00821745029545192,-0.0003106873756053095,-26.449257165476816,0.006267445848949261,0.09209000434544233,0.012763393318770034,0.003123451864430242,4.856527609048905,7.510639271453363,8.667059556578055,9.392439021520559,9.935143252858882,10.320200146713251,10.536362242338315,11.012035529030152,11.360075759609776,11.703069285978925,11.983414215110418,12.274970720698793,12.517202899278695,12.695718984097725,12.904362334483778,13.005017009140134,13.005017009140134,13.005017009140136,13.005017009140134,13.005017009140134,78.35227272727273,204.0677966101695,332.04545454545456,453.47457627118644,566.2937853107345,616.2840909090909,553.7683615819209,625.638418079096,676.3522727272727,755.8361581920904,827.3220338983051,913.3863636363636,926.8983050847457,881.1186440677966,898.2272727272727,795.0,618.0,441.5,265.0,88.0,1767.0,453.0,2.534572624699212,0.5185771269161771,1.2158569713369551,1.508536147024366,1.780065989012089,2.080646087986906,2.3446381031511017,2.60101205290428,2.8927560831026753,3.359234073526146,4.10977019583331,7.51071817101628,1.458786440210722,0.724840736049227
35018,25.69582684687552,0.36823293679667185,0.9999999999999997,0.6446663814468235,1.0792510762819636,1.0776661242811694,0.7141945142411064,1.22878110785414,0.9628922586545797,0.668703433330777,0.8662993142095181,0.8934977512602553,0.9363043540614876,0.7050070258016617,0.8831415915136439,0.545127680025997,0.8232312566505746,0.819494620472293,0.7632762071901973,0.6699576119689942,0.9254152608923235,0.6001170750623732,0.9260700442700327,0.8587216764464959,0.8402711909654609,0.7536493182966156,103064.0,150838.0,14.355555555555556,76.0,0.001792435920415845,0.427572606669057,0.6769451416278236,0.5466378028769084,2263.0,24.2810177020116,0.004139749531205124,-0.0005919074570225621,-6.9939134607782565,0.004540622787751677,0.22537330229150962,0.01923945597230446,0.0016723156542786726,13.26875246684267,17.793374111436282,19.383223192230478,20.394994262433062,21.20073383400917,21.88340725762134,22.457401757639044,22.939977760308405,23.336737330142256,23.675095736333155,23.99999191498918,24.279278012093947,24.497368241071065,24.76068338617993,24.980721889498316,25.209283308164803,25.264115857136595,25.502291378224026,25.695826846875512,25.695826846875512,115.89228007181329,368.89068100358423,625.5501792114695,857.0089605734767,1076.1917562724013,1303.7186379928316,1526.4578096947935,1745.7759856630823,1946.3494623655913,2079.44623655914,2179.44623655914,2215.1021505376343,2113.5465949820787,2153.5044883303412,2094.0734767025087,1962.3064516129032,1487.5609318996417,1187.4569892473119,836.5,278.5,5579.0,1345.0,2.186153506009181,0.31286678040827304,1.1601898211428978,1.4113627633766141,1.5686803604537163,1.7497555405885559,1.923598483555521,2.129826883603362,2.447674879958626,2.840468094157797,3.5437628703182145,9.378770182552607,1.1206220306165724,0.0911358711868524
35019,23.76368547177372,0.2839183159770113,1.0,0.7939981834088943,0.8425775131265728,0.9675191595813153,0.7023748532341558,0.9154216839275479,0.9791809002376226,0.824086691822522,0.8985871490490134,1.0120532400219897,1.173286156285254,0.9816100763461193,0.7790878244954887,0.6254864347183875,0.5094925727152232,0.8052427869569339,0.8905307925508326,0.5565659866492169,1.0894926706085608,0.8967681348430362,0.8067917900504886,1.126068315877102,1.2767657194926283,0.8813334927669718,30656.0,50208.0,17.6,106.0,0.0029093931837073984,0.40332640332640335,0.6515592515592515,0.5937977141273,761.0,20.81020481093878,0.012695015460919983,-0.004125256897520973,-3.0773878515417814,0.009762896946277218,0.6489805701931274,0.017980826518550083,0.004047058104373124,11.156945379267627,14.34919802627544,15.80910563554451,16.824851334045963,17.680816882207264,18.328379146479065,18.943362169672053,19.43469854071251,19.810618092074346,20.214796054552703,20.612634379512183,20.951971457276077,21.306387643615277,21.59591268523948,21.88251398439525,22.130871004662914,22.397887554424518,22.803032956723936,23.398741504313037,23.763685471773712,57.84166666666667,176.82157676348547,287.825,368.4771784232365,448.65833333333336,512.1161825726141,579.6083333333333,647.5560165975104,663.5583333333333,692.6721991701245,731.1244813278008,738.5916666666667,736.7219917012449,685.0583333333333,640.9751037344398,570.525,455.2033195020747,360.05,273.32365145228215,120.0,2406.0,421.0,2.592881075174232,0.3724593825166148,1.3983909719036856,1.7060057977565255,1.9364863911393217,2.177947198617658,2.44267738925158,2.7051240617165724,2.9697679200020852,3.380727854020016,4.0529074978531145,8.819874698336987,1.206093088528944,0.240906831708271
35020,23.549630750024402,0.39596576069009143,0.9999999999999998,0.6728233493350283,1.0720704180431286,1.0245279051432563,0.6563399652419273,1.2186738589371213,1.2252360067328485,0.5909315325013151,2.2696354698196632,1.1959030111156688,0.9003436691280828,1.8623813526279696,0.967392716327904,0.671671263847134,0.9377129509819015,0.9442326670376409,1.0233587765748131,0.769453569636537,0.9736047445381222,0.6849841832568471,0.9061462932153079,0.9502959750051769,1.0436423492882405,0.7435511039890628,34945.0,51779.0,10.764705882352942,76.0,0.0036917397323488694,0.4113573407202216,0.6565096952908587,0.5787800959390399,848.0,21.797759093534967,0.011753165457917316,-0.0019140200789200838,-6.140565392892123,0.010689596024623414,0.3688309830516321,0.03190684190669319,0.004107532579780058,10.992196206304133,15.397387814099174,16.97838952642613,17.9875236576987,18.696555574103076,19.35935277441126,19.836398862086188,20.24450488135692,20.499902537620528,20.95628162667739,21.33385005934916,21.686716056080986,21.930412774231655,22.19198965702148,22.323816490996204,22.549989510049347,22.913930591604494,22.96974474975165,23.045908495766422,23.540973351682656,51.80555555555556,165.44700460829492,264.712962962963,363.7557603686636,448.10138248847926,540.1666666666666,594.5668202764977,667.6497695852535,634.7685185185185,728.6221198156682,774.405529953917,829.0370370370371,817.8110599078341,793.6129032258065,675.3796296296297,586.3456221198156,599.1889400921659,425.5,231.110599078341,106.8110599078341,2167.0,472.0,2.3878371909155574,0.26383643371336696,1.3277487416196907,1.5570014731613133,1.7273503345090595,1.931022974940185,2.1713792397796103,2.448104493625503,2.783160430207998,3.2421711243192393,3.7974166255215756,6.31033886221699,1.0733837708983747,0.495887380070053
35021,34.141632174362144,3.3753655602106143,1.0,0.5754826457523301,1.4016729285066136,1.158194382194074,0.7436985356764432,1.6360603686407968,1.7871146653064294,1.199409614655958,2.985542952300098,1.5430179016418073,1.6127631790548242,1.8248366683317572,1.8963777837096996,1.4270002761295628,3.4300048477563085,1.6373570903678683,1.9187886054281542,2.096502619035923,0.8195180793530287,0.44792711904370763,1.0458187685576532,0.7075825025161496,0.6022966263289576,0.639229938334425,54789.0,77913.0,7.0,52.0,0.0027210884353741495,0.4259952364749915,0.6839060905069752,0.538849559401486,1921.0,33.77814064716289,0.004267093411863117,-0.00012612779926378468,-33.83150611340553,0.010468277173920222,0.9473619896004092,0.2214169042476963,0.003924835853522311,22.91537716126154,28.607139486050432,30.085817997688896,30.977748389538004,31.60206183723062,32.109091424090536,32.543507601971285,32.879240091687755,33.181257836178325,33.409454639874156,33.616847357550625,33.7996141607613,33.91401326735521,34.01760539429945,34.13345719019232,34.14163217436212,34.14163217436212,34.14163217436214,34.14163217436214,34.14163217436214,69.42662116040955,257.79931972789115,452.31632653061223,652.8469387755102,863.8061224489796,1060.3979591836735,1263.295918367347,1450.3503401360545,1650.1734693877552,1755.9421768707482,1852.6020408163265,1885.5,1818.0510204081634,1682.3299319727892,1600.5068027210884,1322.5,1028.5,734.5,440.5,146.5,2940.0,990.0,1.8259172738576364,0.4198994665352367,0.8351677942675555,0.9939118234477248,1.1658780966986797,1.308189146991844,1.4716532252394954,1.6817285007949276,1.9758452461719467,2.3721868730724753,3.170263722477983,10.391989866796425,1.439137572997535,0.431725367228501
35022,19.350303459518553,5.875416951665898,1.0,0.6346598724464657,1.178781624511391,1.0507405255972917,0.6545750236058001,1.3320455254741634,1.0323332725768215,0.7646035984979461,0.5313570182565437,0.982481637881049,1.1680916181097794,0.39890304655120434,0.9696527838469452,0.4115648829160673,1.8131287092912267,0.9228280057969095,0.6287512784232369,1.361161217553592,0.9467235988115998,0.6312604969769607,0.9487496273090531,0.9010060769031787,0.9643821933498032,0.7122501514888766,15285.0,25723.0,8.482758620689655,40.0,0.003479471120389701,0.3774373259052925,0.6392757660167131,0.5972971291879047,743.0,19.002433631039224,0.009644500206909786,-0.0002703682571507344,-35.6717179322306,0.009383625701847254,0.7957036760645574,0.05086684935418015,0.004927712854456891,10.352221110444974,13.689762401394415,15.095531101702045,15.898207269402512,16.488237558859662,16.955903414315696,17.353906180129243,17.683703509222106,17.957605843629768,18.14446813481895,18.372373044344,18.62316971182017,18.83693978595741,19.042769513205045,19.220741505472553,19.35019965537738,19.350303459518546,19.35030345951855,19.350303459518553,19.350303459518553,53.50349650349651,143.54166666666666,230.44755244755245,325.0138888888889,425.3333333333333,509.1958041958042,600.4166666666666,665.0833333333334,687.4685314685315,681.9861111111111,684.0277777777778,712.0629370629371,715.375,710.5416666666666,700.8951048951049,646.5,502.5,359.0,215.5,71.5,1437.0,383.0,2.466486309075729,0.377495697451511,1.2401527812976547,1.508444847846531,1.7286359336344337,1.935721123587191,2.1625571781566526,2.4343663201917987,2.7663126844260404,3.114553906480571,4.066020074938817,8.320115813165822,1.663069984024897,0.684331585697364
35023,20.920476902643227,0.5217677425849534,1.0,0.8366904391775091,0.741401426013365,0.9702598613630986,0.7361591366636023,0.8381503141542213,1.129149625504263,0.741500815838035,0.8040125853330853,1.1637600095276985,1.0072561473578145,0.9592701592487209,0.9014668981552084,0.7996890495809734,0.47038090092451434,0.9290984137886068,1.0862991570074092,0.5612130580648609,1.0688013630955735,0.9609312549140905,0.6869577712020258,1.1015619687637452,1.305330881674842,0.8196116610601476,9397.0,16653.0,9.23076923076923,56.0,0.005859375,0.4046920821114369,0.6510263929618768,0.5969915507281182,322.0,17.22412604515974,0.029772069558422445,-0.013588731356110821,-2.1909381220516964,0.019940087155482185,0.2786999873648363,0.02789797611143121,0.00930717491914135,7.017571135940396,11.45853424709872,12.879131418119456,13.751244378392308,14.455764612599438,15.103127139353283,15.618834201072346,16.08060167445097,16.487534422419557,16.88381328832732,17.278599986855813,17.557447820288125,17.92869751668066,18.31240538836634,18.647261443194626,18.996553483939945,19.319059242148775,19.856229030829997,20.508501151899157,20.920476902643227,20.735294117647058,67.67647058823529,117.19417475728156,160.73529411764707,188.8921568627451,219.18446601941747,237.87254901960785,259.5,293.873786407767,301.6372549019608,314.97058823529414,292.1747572815534,287.97058823529414,268.1078431372549,250.80582524271844,228.16666666666666,184.48039215686273,157.84466019417476,113.53921568627452,51.0,1024.0,155.0,2.597036887988794,0.4671869034135371,1.1362323286793516,1.6208554024586685,1.9514368694344408,2.1532654372460134,2.4559295564577823,2.7347359662431105,3.0256848725389283,3.596090150111818,4.165015384146042,7.581199170617003,1.4899242500304757,0.573561280872673
35024,21.14023384523204,0.12346984288088907,1.0000000000000002,0.6731297534831768,1.0286227226675084,1.012616571605994,0.6977664029979243,1.0212898927475824,1.052279612888315,0.8704626129531137,1.063668477875598,1.0391688644986483,1.247498602989779,1.0414951576716422,1.0218707224696733,0.7144782182176779,1.1152211014091018,1.0091388499094007,1.0239504440855163,1.0919731109928208,0.9839258066026412,0.6524855051278862,1.0287288974445796,0.9716667040537863,0.9351059356319098,1.0072839305958312,65197.0,102151.0,17.5,106.0,0.0018248175182481751,0.38786219484371437,0.649098790782569,0.5993126626787214,2320.0,21.13815950053761,0.0040894267920927214,-5.3047172395975456e-09,-770903.8215207442,0.004795063655567225,0.17924638273311744,0.02147470143900859,0.0017525143566127527,10.905305809333534,14.969046472072199,16.326931584113986,17.219572961038125,17.85340786138371,18.33118221115997,18.778176815923512,19.1532445194844,19.390882674634877,19.573318044657835,19.903871730014227,20.25237757244682,20.564248202444812,20.79931706215841,21.060691571411414,21.14023384523203,21.14023384523203,21.140233845232036,21.14023384523204,21.140233845232036,128.18036529680364,400.92922374429224,669.3143507972666,942.5639269406392,1183.2077625570776,1356.6605922551253,1535.9885844748858,1720.7511415525114,1703.364464692483,1572.3858447488585,1702.3995433789955,1882.605922551253,2049.9931506849316,2104.057077625571,2244.2574031890663,1972.5,1534.5,1096.0,657.5,219.0,4384.0,1068.0,2.443505019874541,0.3439202282865698,1.1789208402958955,1.4437265168073123,1.700614617448622,1.9698322512505775,2.2276699620659155,2.4770291910447675,2.7897189000363127,3.2543881838766495,4.058719408528449,7.352357674513951,1.4431045748783131,0.391177932973951
35025,10.284939770627691,0.07433922830062084,1.0,0.6478114875953719,0.9889133675112303,1.1173427969429477,0.8105520750673322,1.082502010337609,0.36498238034621905,0.256336847156324,0.1453495560813967,0.3266521083277322,0.316249695783001,0.1342718578749478,0.8029550087478264,0.490030979351843,0.6966365150300112,0.7186290643701405,0.6045644622045244,0.6435429295994982,0.9861818894777394,0.6076270447292382,0.9866786053770525,0.8826135472264512,0.7496459060681115,0.9114796979169847,11787.0,18431.0,4.533333333333333,24.0,0.010319917440660475,0.41632231404958675,0.6756198347107438,0.5528065310585442,530.0,9.712925789193111,0.013812966186416196,-0.00101277805795456,-13.63869021245713,0.010548141056123006,0.03995240714227949,0.013406391230912843,0.005458229163926346,2.1004220303227616,4.0693979143683405,5.494341719906894,6.304794912089658,6.8312092730555,7.294479286806931,7.7534837040046085,8.158261064502863,8.502814625908634,8.854959890597184,9.157760491139713,9.413306003410472,9.690763150360272,9.893546042454451,9.979970252332386,10.096994766934198,10.172039348834872,10.284939770627687,10.28493977062769,10.28493977062769,37.166666666666664,94.51546391752578,149.37113402061857,197.75257731958763,239.84536082474227,290.96907216494844,345.6041666666667,388.54639175257734,422.88659793814435,445.680412371134,464.1855670103093,493.08247422680415,515.2577319587629,502.0208333333333,440.4845360824742,381.4845360824742,306.62886597938143,242.0,145.0,48.0,969.0,264.0,1.8501217145188529,0.22899799592161962,0.7993123296921308,1.0669816551097688,1.2978233604182754,1.4489735254049254,1.6455669337694112,1.8476358659634515,2.173389844986444,2.4413473037937856,3.118949117803338,6.890027895511836,1.075502149650534,0.86015097593423
35026,12.000977560109156,2.3200236254965563,1.0,0.673048617909307,1.0342552376045884,1.0446881494701505,0.670852642362329,1.1549806444802226,0.5404546358869344,0.36443319056375223,0.3778404780698245,0.5173358539206601,0.543238809167455,0.32714009526961774,0.8752153669646304,0.6623790730238348,0.685779586257145,0.8377766775745719,0.9873689558579429,0.5937585097504099,1.018615942857259,0.7074738394281135,1.015529939002059,0.9750430723023756,1.0545890330502794,0.8792614351204813,7907.0,14389.0,7.583333333333333,54.0,0.006389776357827476,0.4211087420042644,0.6684434968017058,0.574651164123987,492.0,11.110169483000767,0.015674948080593703,-0.00224154493583933,-6.992921636310777,0.01032084641216695,0.07835403637308125,0.01664791620654587,0.006190136145507935,3.1403018269009424,5.4280000386889595,6.670848682214699,7.610649677721914,8.269056281720273,8.862491060001911,9.310074575376799,9.721059837103292,10.122033682388002,10.505295735730929,10.859592275976764,11.095847126457134,11.111021950558538,11.190196962126292,11.446195670507144,11.741328265185912,11.973292884670572,12.000977560109144,12.000977560109144,12.000977560109146,31.096774193548388,84.77659574468085,131.81914893617022,182.54255319148936,240.79787234042553,282.3936170212766,323.4731182795699,354.20212765957444,395.0531914893617,431.3510638297872,466.031914893617,469.86170212765956,383.5,311.16129032258067,311.71276595744683,342.43617021276594,320.3085106382979,234.5,140.5,46.5,939.0,212.0,2.2874720501685113,0.43466768808970285,1.0136444267954816,1.4198304726960749,1.6412447707399622,1.8102447998185764,2.084409771086809,2.31387239958878,2.676599507719809,3.0128309867531455,3.796171920867692,6.7258301615429374,1.305349926390279,0.909903969583102
35027,27.154087636699767,0.5314239798954018,1.0000000000000002,0.7416879177119431,0.9361930036419215,1.0217344918281956,0.6956363670041805,1.1099174999120631,0.9466993286782859,0.8010784005077773,0.7733660067211643,0.9265609962763919,1.151576367345043,0.6967779197845216,1.1087841320037977,0.8796792149021748,1.0676691972862358,1.0851979069629367,1.2645676054726567,0.9619356369917813,0.9470897725760418,0.7524476625054022,0.6766495004743526,0.9269431345920488,1.081668092980654,0.6096394556604093,30961.0,44751.0,7.7894736842105265,60.0,0.004027617951668585,0.436384571099597,0.6827864133563616,0.5425760389884198,447.0,23.676824037790738,0.03430920971986267,-0.008633483250817687,-3.9739707280503738,0.015326806941165436,0.0962563847336168,0.02667735007702513,0.006920353393448598,5.698772598896478,12.095755771984015,15.390568126274351,17.27621258409455,18.709493438312624,19.80437595139135,20.694543405004044,21.387697444515357,21.98697985621662,22.468010213187117,22.959113543754185,23.42694632620811,23.82096041268046,24.172916553388568,24.56724149499974,24.99413788249307,25.357638297116942,25.776218202623248,26.266278665500757,26.944629006684018,25.15606936416185,60.5,100.00574712643679,130.83333333333334,185.878612716763,226.17816091954023,271.5,325.82183908045977,356.46242774566474,375.9022988505747,400.7528735632184,421.2011494252874,431.0346820809249,384.64942528735634,369.0977011494253,327.9942528735632,296.8554913294798,244.9712643678161,174.8793103448276,69.60344827586206,1738.0,295.0,2.509349159851953,0.3037194575101929,1.2662545700646286,1.7274576877217713,1.9764472403638231,2.19547884184706,2.427345373432361,2.5832957919188133,2.884326699366058,3.133883212419302,3.8303002239042456,7.150082807891945,1.1654265780466706,0.178753006630577
35028,22.473686388113123,1.6685178355594916,1.0,0.7226007165682676,0.9643308562888401,1.1209417120828205,0.7406933074187687,1.3356682587541056,1.1746558570672647,0.874312456984494,0.842944438612493,1.0479187672342374,1.1803974036587055,0.6311031448772924,1.056860250020332,0.7875690467256906,0.7886280035241424,0.9428324761477394,1.0632863006016329,0.5904370328151428,0.8322649025635978,0.6914297029507972,0.496385332493738,0.7424693840834662,0.9334898749934037,0.3716381887795701,8802.0,13342.0,5.777777777777778,40.0,0.01443001443001443,0.44653179190751446,0.6777456647398844,0.5472169750131338,237.0,19.065825103869106,0.04321249429839861,-0.01577469658358111,-2.739355021470003,0.030065272474788483,0.2973973597389177,0.07112904772266435,0.013316087003516818,6.574321075701218,12.4894398901435,14.584442195597742,15.514038775219362,16.2638306422232,16.935463597771214,17.528570421292795,17.955138798518774,18.43244463130258,18.79685184501726,19.08950630292026,19.44632626179729,19.709433552609404,19.966016547270584,20.269107042441213,20.603045014256775,20.98958109410076,21.405086519619253,21.919165025560403,22.468880987124802,12.608695652173912,35.14492753623188,63.79710144927536,90.72857142857143,110.53623188405797,141.3913043478261,163.14492753623188,190.55714285714285,210.8695652173913,220.79710144927537,234.231884057971,227.64285714285714,214.30434782608697,198.05797101449275,172.6231884057971,148.61428571428573,134.34782608695653,106.27536231884058,76.26086956521739,34.41428571428571,693.0,146.0,2.5115527604050705,0.9532257480945185,1.633094711260704,1.8426905488328384,2.1222881709433095,2.3047524924101688,2.4127025898268424,2.596429561947022,2.7695122578650286,3.0195757437343502,3.447937513745753,5.319849334642649,0.5904435191565761,0.805358189749531
35029,19.532506126287522,4.264180647368789,1.0,0.586647484910997,1.3458700030281305,1.1808615666536915,0.7464329786686125,1.6794602514301689,0.9375644965035506,0.59435780586637,1.1523459355007128,0.7939664758168118,0.7962641293348348,0.6861406422208658,0.8419593083376282,0.5038572916026991,1.0252871454656498,0.7130042437773298,0.6750201371078385,0.6104861038494669,0.8166802776063875,0.47959389491715376,0.9393460096106317,0.6915969667136211,0.6425143430460285,0.5593142253951637,197202.0,277622.0,20.72340425531915,110.0,0.0009456761584532941,0.4369482976040353,0.6865279529213956,0.54240147485486,5573.0,19.08600388522997,0.0012360386786254393,-6.880621672900686e-05,-17.96405524654226,0.0016044898569691818,0.14555910220572726,0.00918897697697215,0.0007416310247363911,10.771535105764723,14.14480049605001,15.449692487831541,16.270472611673803,16.873845885728546,17.379122687926294,17.776927536415474,18.092208752345112,18.36514765642209,18.586264005161574,18.789343043895002,18.981926544324743,19.15187263072621,19.26439764312551,19.375721173908065,19.43467262572691,19.51920386625999,19.532506126287505,19.532506126287505,19.532506126287508,320.8422712933754,974.6323529411765,1656.4479495268138,2309.7079831932774,2963.1134453781515,3593.2628811777076,4122.107142857143,4645.86974789916,5051.646687697161,5287.149159663865,5441.28781512605,5478.871713985279,5453.798319327731,5079.35294117647,4637.083070452156,3933.68487394958,3280.468487394958,2379.0,1427.5,475.5,9517.0,3230.0,1.951180916513433,0.3602482583989863,0.9212974067882845,1.1339290604918453,1.3250979685059667,1.4995644427982537,1.7035445921792145,1.9163187231933225,2.183929739844706,2.5432004549106653,3.2337312096569804,9.713732781096809,1.1886921225431308,0.116568031697534
35030,25.92634577088109,0.47101708721352464,1.0,0.8092614002130066,0.7151403892042099,0.9076525628557108,0.675167633590451,0.7205478737680895,1.3581469352055504,0.8020231394413331,1.9365791133802586,1.4963290919737693,1.187887421641173,2.6876480854116744,1.039431737423781,0.8944715545544846,0.6481721646293997,1.1451868038067987,1.324814031439577,0.8995546142406853,1.1048358623273211,1.0850534007828232,0.6617084018811804,1.2172453508545389,1.6070874058530542,0.9183406487910244,13436.0,21730.0,11.333333333333334,84.0,0.007556675062972292,0.4184873949579832,0.6554621848739496,0.5823496942136241,328.0,20.766400973413926,0.034783996140370414,-0.014791853950837899,-2.351564331014777,0.021391032507283667,0.2922377331694946,0.024977860424099784,0.009848572975428977,8.37558560128732,12.891183367936032,14.73939746692604,16.038392975489053,16.942391583353732,17.76223530548717,18.441389403373748,19.00977331741524,19.483158766305657,19.919666865570456,20.349254163266547,20.738967893969463,21.085145397985986,21.464154101289555,21.862487001979773,22.279557611619527,22.779411900219888,23.281568940454473,24.02358313302872,24.64750524447674,23.571428571428573,66.63865546218487,102.96638655462185,139.46218487394958,161.48739495798318,195.0420168067227,231.42016806722688,265.21008403361344,277.672268907563,299.5798319327731,311.672268907563,312.3193277310924,286.2773109243698,275.5126050420168,259.5378151260504,223.00840336134453,197.65546218487395,150.43697478991598,124.3781512605042,45.36666666666667,1191.0,144.0,2.5618750227355043,0.4605069778360652,1.196124123291059,1.6184023488197676,1.980162315048314,2.201917543055806,2.4759657688775287,2.7882731140768775,3.0950168469048824,3.5347331924867955,3.907743799642675,6.7642500244626,1.2522234449873375,0.474097096326295
35031,13.273111509094084,2.504678820055806,1.0,0.6021806274940585,1.237240774570176,1.1745893134035497,0.751632534555982,1.4920270034299759,0.493315552703228,0.35344139874969677,0.21891933674057518,0.4199898186318176,0.4702316391326622,0.1467261224075088,0.8312142353268588,0.46684960689410726,0.9696913275581945,0.7076637134712985,0.6211141554295453,0.6499154005450306,0.8347569314524047,0.4816564760015721,0.9313705650576491,0.7106798281976282,0.6408137671769423,0.6242317082174448,50709.0,76097.0,8.615384615384615,50.0,0.0026897788404064557,0.4218236173393124,0.6780269058295965,0.5458348819182954,2234.0,12.755735258053802,0.002989051710539279,-0.00021311966033600043,-14.025227451220578,0.0032192623883522506,0.05113309771278114,0.009006093395716,0.001597979620491118,5.161567815422604,8.087910442690394,9.342491421580199,10.138597455078438,10.721509971264794,11.172399540587731,11.564489117294022,11.912215831832402,12.21840822749597,12.488393465304224,12.702168445209246,12.826691202710284,12.911128627699215,13.00026148065117,13.18909744192631,13.273111509094077,13.273111509094079,13.273111509094083,13.273111509094083,13.273111509094084,124.6497005988024,350.934328358209,578.5359281437126,815.6716417910447,1056.062874251497,1276.641791044776,1483.8233532934132,1708.8179104477613,1907.1946107784431,2095.316417910448,2193.4089552238806,2126.8532934131736,1948.737313432836,1781.254491017964,1724.9074626865672,1505.5,1171.0,836.5,502.0,167.0,3346.0,1127.0,1.8810369383446408,0.3628149414944229,0.8392590215180253,1.0334005405751447,1.216314471344158,1.3775710392678873,1.5373596529323688,1.726795544136451,2.015119569857877,2.4817355263724443,3.4278951888408002,8.398010986497074,1.3580881178041364,0.707728014567401
35032,23.28817286973885,1.796750226266612,0.9999999999999998,0.6851835558150045,1.0344958187357973,1.0610386783663952,0.7193850304707312,1.1616045653047264,1.6455643034712568,1.0841139927327825,2.303768538743121,1.5508994507201317,1.5070010450778912,1.9832640190586441,0.8413334142265994,0.5977940169303988,0.7383239766156551,0.7929337840180716,0.8309792275483282,0.6356069859470368,0.9423242852852453,0.6557682223386468,0.9038156901091876,0.8881149240818196,0.9115677899351665,0.7780751876367562,56496.0,92702.0,20.228571428571428,122.0,0.0015891032917139615,0.37306993642143504,0.6378292461398728,0.6039164842440794,2563.0,22.504113330283083,0.0027779620469467092,-0.00017935319646647556,-15.488779133445563,0.004879977893613134,1.2026629625527099,0.038271170854030166,0.0018475713321267153,14.59439578312435,17.773099376315884,19.0514377017606,19.8704078029592,20.49105573900394,21.003788807724174,21.429065835939333,21.786767050636172,22.091185674558538,22.353382637463838,22.551903609235875,22.75074084505039,22.953911303970656,23.142820895996334,23.268694825860802,23.28817286973884,23.288172869738844,23.28817286973884,23.288172869738844,23.288172869738844,147.30454545454546,417.9318181818182,709.8820861678005,988.959090909091,1261.3038548752834,1538.668181818182,1812.235827664399,2052.3,2277.6213151927436,2469.7727272727275,2495.818181818182,2505.5873015873017,2504.6272727272726,2513.9659863945576,2376.9772727272725,1982.0,1541.5,1101.0,660.5,220.0,4405.0,1108.0,2.3212739309041694,0.28194916214726984,1.115459061836072,1.3769808842509828,1.6061847188628946,1.8071442089257892,2.0388233435447702,2.3278360205442357,2.687552663719137,3.141332171173647,3.8023371473808143,7.921290895384571,1.3789586092998762,0.352609257327858
35033,19.34162741722325,2.367597505176182,0.9999999999999998,0.6158356932150437,1.2186680021286103,1.1041761752617076,0.7239293792603602,1.3310623442206562,0.8859826610140094,0.5321055637609504,1.0411564516503458,0.8023924812578184,0.7350241321945016,0.7821996138429926,0.9592842166507518,0.6028216093693104,1.053921145004905,0.868778224112095,0.8327077566394864,0.7917894676991868,0.889415205945424,0.5126551792303718,1.0877221387318594,0.8055011744250126,0.7081563394403919,0.8171834651131433,141041.0,200845.0,11.714285714285714,74.0,0.0009583789704271632,0.42023825825003425,0.6758866219361906,0.5496420373687806,4081.0,18.73272416967186,0.0018984783995779457,-0.00015323426697345105,-12.389385462370965,0.00232425440395003,0.08829364827486734,0.009462801478476831,0.000983166499995608,9.250345223720613,13.239655596628953,14.750777458795106,15.7209136410122,16.39996230317138,16.934792005605388,17.350509410064138,17.70163997275797,17.9979933293721,18.235796239813453,18.46639395681957,18.662940942501585,18.801000146240938,18.91383274631776,19.053685585170147,19.17962925809068,19.308035717622335,19.341627417223236,19.341627417223236,19.341627417223236,209.67808219178082,618.1849315068494,1104.2448700410396,1529.9575342465753,1979.5191780821917,2413.455540355677,2858.9109589041095,3233.269863013699,3560.0150478796168,3731.360273972603,3914.9739726027397,4026.8207934336524,3852.3082191780823,3511.83698630137,3228.499316005472,2866.1246575342466,2466.872602739726,1826.0,1095.5,365.0,7304.0,2183.0,1.955250457031126,0.38075992179907203,0.878919106867482,1.0654803686988357,1.257387077842915,1.4103239337858404,1.583448419125268,1.7793945496511014,2.10402837497356,2.604418429014814,3.5649487405306792,11.110575394422812,1.51534288267024,0.19440564355813
35034,25.871473292651775,1.6409288836356761,1.0,0.6614599480170169,1.1388101101797667,1.0741682930172622,0.7193424086692026,1.2190066369275676,1.3017541155950183,0.9524420954827497,1.3687573163670068,1.2118716629947097,1.3240455226945205,1.1228464840986236,1.621835465335859,1.0479828518923355,4.418194039363113,1.5098522977067577,1.4568623221187864,3.624421644248717,0.8582657733072573,0.5756822058276128,0.7174422457174401,0.799004940740198,0.8002895406829078,0.5885466280361769,8534.0,12708.0,3.0303030303030303,24.0,0.011869436201780416,0.4101040118870728,0.6552748885586924,0.5744387548085723,265.0,22.555002498924065,0.04083024059820635,-0.010940364112937962,-3.732073281722034,0.03600378069690356,0.4576716446553828,0.16330086111959283,0.013903332691458065,8.681967028972387,17.216557401495777,19.05406447205323,20.00868128809638,20.663153236960667,21.280259529782956,21.717737493153926,22.080308796109044,22.462780491355915,22.617248333784783,22.74104755151473,22.74254461779861,23.071986939132206,23.851900286067924,24.37559053641406,24.918661973137965,25.395840413768855,25.808227848195997,25.871473292651757,25.871473292651764,9.835820895522389,35.04477611940298,80.02941176470588,128.34328358208955,160.86567164179104,193.52941176470588,225.71641791044777,237.8507462686567,253.08823529411765,234.40298507462686,197.67164179104478,130.5,99.0,131.88059701492537,149.94117647058823,162.52238805970148,171.82089552238807,162.91176470588235,101.0,33.5,674.0,165.0,2.368440413305183,0.8426838907988075,1.1705744438305687,1.460846205995252,1.6446154671476538,1.861755400209613,2.097592055649548,2.413724073256065,2.730526005921878,3.140718572036567,3.832369451560307,6.741397174604448,1.2805252286463984,0.933989472282119
35035,30.782797041488045,2.191205625984864,1.0000000000000002,0.6215705085141279,1.2427641191373031,1.122620023133468,0.7296135890927624,1.413805507251586,1.2176852630179553,0.8306336468226871,1.20827597909687,1.0846815823034586,1.138456930134125,0.8546267311164589,1.111596654838165,0.6285224192808465,1.6377535626376523,0.9901806772833658,0.8614456044635659,1.1584008933600898,0.8738678346644272,0.5349984568561049,1.032546052017908,0.778418179488086,0.7332627364045514,0.7303310439249596,71393.0,104367.0,16.76923076923077,122.0,0.0016595542911332385,0.4078728954232867,0.6680104339577899,0.5674557881824321,2076.0,29.34638682849652,0.0033358946641888977,-0.0005143959947482995,-6.485071225760988,0.006780078590349343,1.2819324727531278,0.18216345848476198,0.002465131093088831,21.850125666556526,25.181260884740958,26.383032553075846,27.229249990349416,27.819759030257668,28.209697563291364,28.55814247401819,28.9031348938029,29.16327800015073,29.35944716973575,29.424162194458827,29.718639945762497,30.00513445615577,30.27190120049959,30.511629060540738,30.747252646498684,30.78279704148803,30.782797041488028,30.782797041488028,30.78279704148804,154.58432304038004,469.8649289099526,759.675355450237,1060.3720379146919,1342.9429928741092,1539.845971563981,1734.3720379146919,1942.9218009478673,2008.4038004750594,1966.504739336493,1651.4289099526065,1705.6279620853081,1798.2446555819477,1872.2677725118483,1834.9739336492892,1830.5805687203792,1476.0,1054.5,632.5,210.5,4218.0,1332.0,2.0713236858442574,0.249789511409913,1.0238575867504167,1.2424223675008161,1.4049895373156427,1.5856993228017793,1.7988317071190114,2.0198038255113535,2.315003387535782,2.6425344204292682,3.335077722571705,12.754301482692203,1.404976464036635,0.37468733683927
35036,21.976908942446006,0.6481194478836625,1.0,0.671928631105223,1.0709113142993314,1.0327467779878075,0.6798639389521836,1.199521567677688,0.9342745100948349,0.5633773750018682,1.018399159580549,0.904650133031802,0.8286619464920494,0.8490044589629199,1.0127754869079115,0.7602458316521387,0.8678826925416447,0.9806619671873411,1.1182323228142397,0.7235240415242331,0.9620509399672572,0.6496788708541895,0.9478986337811159,0.9315458159469708,0.9556013102496425,0.7902305880304245,94959.0,167195.0,50.5,298.0,0.0008989341209708489,0.3828666837914205,0.645260724377087,0.6037405259724298,2947.0,20.3868135523778,0.003141001223570097,-0.0005198707690431063,-6.041888505005854,0.0027393770221631575,0.13563813524785595,0.008689847026438042,0.001060846648132237,11.07931056180122,14.770211636377468,16.1081432490293,16.990618396484393,17.578213259267216,18.07925668467079,18.639580668881006,19.091987016375388,19.40535823573891,19.73045580571493,20.070100765562586,20.35923904713897,20.53713374681848,20.879777531875153,21.20503411186921,21.441696025980036,21.793503017375507,21.976908942445995,21.976908942445995,21.976908942445995,249.02699228791775,719.5083440308088,1131.086118251928,1527.4043645699614,1721.1463414634147,1792.8419023136246,2155.614890885751,2502.4326059050063,2516.0886889460153,2538.410783055199,2705.04621309371,2771.0064267352186,2437.622593068036,2567.9961489088573,2594.8033419023136,2361.4582798459564,2320.2965340179717,1946.5,1168.0,389.0,7787.0,1961.0,2.518783012148178,0.32570769038339736,1.2904114210912232,1.591647962514862,1.8275310467044061,2.0714205551506377,2.3118673574584516,2.627212458660116,2.9343125350781714,3.3716735354904652,3.955782549909798,9.721539679693503,1.2431313727134214,0.120240645259619
35037,25.289135145044874,0.7053044374153462,1.0000000000000002,0.686652890465245,0.986940629206082,1.0482151939137683,0.7234886448362362,1.094997609464352,1.3267649873021985,1.0530471287840228,1.0759464545250812,1.265737221713412,1.4555130012059598,0.982601647003969,0.797371347520523,0.5414876446321327,0.7336709548684838,0.760694323217489,0.7484397281103148,0.6700205996133443,0.9558358305011092,0.6566724745689383,0.8771807103299673,0.9118698489117124,0.907647244024926,0.8010800231418442,86728.0,152180.0,35.0,166.0,0.0008650519031141869,0.3720259552992069,0.635183850036049,0.6128289695291022,3903.0,24.881854293726782,0.0018078793826900366,-5.630667970143242e-05,-32.10772491427949,0.0035448926759379276,0.9196745759776128,0.0416258592167717,0.0012535938560822547,16.868461608608573,19.99285291098715,21.16729349193283,21.982229436717553,22.555893221069955,23.007547520466037,23.376135039862895,23.653553050769773,23.952161755991753,24.227780598789856,24.444913726511455,24.67328270752091,24.885318972924868,25.057570173401132,25.249486541262815,25.289135145044863,25.289135145044863,25.289135145044863,25.289135145044863,25.289135145044867,260.5858585858586,761.5749279538904,1222.8095238095239,1705.7334293948127,2181.088023088023,2577.2031700288185,2946.901875901876,3125.543227665706,3375.4314574314576,3556.456772334294,3646.557636887608,3741.089466089466,3830.335734870317,3742.7359307359307,3687.3328530259364,3121.0,2427.5,1734.0,1040.5,346.5,6936.0,1820.0,2.441993707578626,0.3229106020382299,1.2222896855815855,1.4933903320125226,1.7160309499953053,1.9542154938167253,2.202276807833273,2.4919404757536348,2.927180675403678,3.341101088091779,3.932657517873195,9.538433996928305,1.3022791317554403,0.250234598601237
35038,16.958834080188442,0.48709512315099635,1.0,0.7009161724723252,1.0052726362388653,1.0054530351802595,0.686083752689122,1.1400698924764758,0.9767505940155559,0.9718919784933926,0.7600272943874883,0.9714532254014651,1.4165792072528145,0.6666497373564934,0.9176834081395463,0.6207391413147625,0.8966112960027783,0.9127063880960111,0.9047570925295348,0.7864529200531265,1.0074406815021912,0.7400349535101294,0.8700368686899591,1.0019768663999062,1.078636464731229,0.7631434479863799,7450.0,12750.0,7.92,56.0,0.008871989860583017,0.41243654822335024,0.6586294416243654,0.5879741821348495,406.0,16.61940263013581,0.02158563872791426,-0.0006658774118323043,-32.4168358084362,0.020903222026697265,0.18529127959409059,0.05411417116299037,0.008608120725380612,4.8346721352341655,9.593893663694132,11.419191803310332,12.60315041935898,13.39282859940627,13.948350055219603,14.446192170209207,14.861673622300394,15.241898550199059,15.579002817695171,15.815605742573869,16.08735858496212,16.386325593763818,16.589399320538597,16.722070645048728,16.889902750868384,16.958834080188428,16.95883408018843,16.95883408018843,16.95883408018843,15.14102564102564,45.70886075949367,84.20253164556962,121.27848101265823,167.41772151898735,214.18987341772151,244.42307692307693,290.37974683544303,328.8481012658228,356.8354430379747,371.9873417721519,382.253164556962,389.3544303797468,393.9871794871795,359.9746835443038,332.6455696202532,276.0,197.0,118.0,39.0,789.0,152.0,2.4600998326948997,0.5022363758403264,1.1075924341258396,1.4525416362829162,1.71661284734729,2.112238344520769,2.311146684383519,2.6730074265308,2.893320786848406,3.326937074413772,3.903454637456531,6.033411355780135,1.301695758052273,0.906932480742689
35039,20.399855494845074,1.4505395794451386,1.0,0.6319749285797761,1.1340283979230033,1.1089179549388641,0.7095884063056047,1.3500529527404155,0.6773553650108568,0.5117450662400235,0.38938369186710897,0.6108255006550057,0.7211857771244725,0.28842105124596445,0.7790939257238014,0.5111189332338248,0.6579726580015465,0.7025712968699779,0.7203033881217286,0.487368037428425,0.9053612660254832,0.5825721210051462,0.9227746985044945,0.8164366552035824,0.8210000555649506,0.6835100035383005,200141.0,298587.0,35.76744186046512,224.0,0.0008465011286681715,0.41313140814598814,0.6675759571065751,0.5676342106992694,5013.0,18.808384054491924,0.0015075918725885552,-0.00031419322829129835,-4.798295242667737,0.0017824584625529048,0.13597635030829838,0.006108367753855472,0.0007179476595879053,10.688286067394376,13.833462238313551,15.174787890772809,16.05305462831874,16.675274302541236,17.23594179138459,17.702547742455124,18.087313189340684,18.420178730567333,18.710285105285983,18.927421068692656,19.16112591282779,19.355324450043533,19.523357029176555,19.673200920604483,19.803849312354362,19.97277573193684,20.19656934270007,20.399855494845063,20.399855494845067,339.4571966133584,994.5870178739417,1611.0094073377234,2173.8494825964253,2581.543744120414,3162.169332079022,3740.6729323308273,4249.127939793038,4654.876763875823,4915.972718720602,4948.468485418626,4953.159924741298,4792.470366886171,4448.270676691729,3997.030103480715,3369.81937911571,2761.161806208843,2253.0009407337725,1595.0,531.5,10632.0,2941.0,2.2070981116331243,0.20844460639361817,1.207871224357113,1.4504228416485516,1.6266131742631682,1.7886271270025949,1.9597154195627509,2.1874197635849484,2.4481696825175945,2.8023791989173414,3.5170577482511822,7.833873368525272,1.0391771438309338,0.128756483574398
35040,29.364952478760017,0.1629685580442321,1.0,0.765834147952059,0.908114910914351,1.0059763907340282,0.757147766511783,0.9367529234307119,0.9097180230297036,0.6512624892157746,0.631491471767546,0.9043134922539404,0.8601524273341952,0.6741281035503008,1.037016602940014,0.8022542716967882,0.8833896755129191,1.0308558058537902,1.0595742432059374,0.9430338069057119,0.9903180990333998,0.7716339624482708,0.8805472736079599,0.9844347324203075,1.0191325875571506,0.9399994935517174,26666.0,39960.0,6.904761904761905,48.0,0.0032948929159802307,0.40054945054945057,0.6631868131868132,0.5718215970796613,613.0,26.88223431071815,0.018131082264500997,-0.005065682372398203,-3.579198404403187,0.0160450461102834,0.849958120929704,0.05935220900092137,0.005902950943078654,14.59879727944382,19.660047865257496,21.595122056549517,22.76156784544683,23.638225321853422,24.370759227170627,24.988761387801677,25.45723185988769,25.930509525747087,26.35686468563294,26.751483251728104,27.01886585251187,27.313815015530263,27.62298780020822,27.9930795800635,28.331581108117398,28.547233456128144,29.066124220355846,29.34263088908183,29.36495247876002,38.28021978021978,97.15934065934066,162.6978021978022,230.95054945054946,296.532967032967,364.44505494505495,414.3131868131868,448.0824175824176,501.81868131868134,552.9725274725274,589.3681318681319,572.2032967032967,537.7637362637363,493.1263736263736,479.8296703296703,465.2032967032967,376.25824175824175,368.532967032967,267.22527472527474,91.0,1821.0,300.0,2.492184360403827,0.5538278916182157,1.039278634871265,1.3494518701705218,1.7418867546482941,2.0154795434441986,2.282500682090893,2.69455426556565,3.1973430236685756,3.508579256979984,4.017356032938743,7.870695756099698,1.4050009863524195,0.302999706435949
35041,35.35368713268887,0.9107488083043498,1.0,0.7938851268202414,0.822274023940653,0.9607774935695074,0.6704163662593884,0.8601622786881279,0.9002078672761157,0.32470979590586563,1.8605025754886189,0.9369576965543169,0.484340496813339,2.162966944244701,0.7862956884453556,0.6711975668683707,0.6531788961883334,0.8183951994171802,1.0011652469245957,0.7593670547661376,1.123263198351653,1.0701546759733118,0.7059164927953471,1.1691189748611557,1.5962538055928994,0.8206782723278356,46676.0,59130.0,6.530612244897959,66.0,0.005303476723629935,0.48172169811320753,0.7104952830188679,0.507678321626637,332.0,30.81959124663769,0.059396119785815785,-0.012452041903268008,-4.769990355575933,0.020308336276170114,0.11356626039648686,0.02943107125151643,0.009496893257196704,4.900285133034626,17.032061947813713,20.467559203578038,22.08077155792809,23.48870773637172,24.7023989561879,25.7704850084815,26.587699285204955,27.390442619697712,28.176452577298978,28.888130908172148,29.53205547693097,30.181571640560293,30.788230828280224,31.386551105389877,31.982064257008556,32.582417426898736,33.207936863394636,33.77657435570426,34.755303763759194,18.911242603550296,32.61764705882353,75.52071005917159,109.8529411764706,140.2058823529412,153.4319526627219,192.08823529411765,221.84117647058824,251.15384615384616,265.44117647058823,288.0882352941176,293.8224852071006,303.55882352941177,321.8764705882353,319.3076923076923,314.55882352941177,270.9235294117647,221.94082840236686,153.61764705882354,62.3,1697.0,227.0,2.380663971322923,0.3269708562996159,0.8900214187670512,1.2282061642041855,1.6983748406665862,1.9206910894534024,2.2151256845872203,2.4463892535660783,2.8000179299173507,3.5051700180098657,4.116897648346883,7.195664049899614,1.5604535478532233,0.279521156728733
35042,22.07133329901258,3.771622546121474,1.0000000000000002,0.6062582045163394,1.2548262990504102,1.0974759266096332,0.7184191199124847,1.3269642278803013,1.12136631873151,0.8113046419743242,0.943447434655713,1.0217684885313885,1.1292915506941887,0.7109818146060954,0.8832313152213901,0.485201279216323,1.2686691049165493,0.8047842269760793,0.6753735608754796,0.9560688059716026,0.902470858483818,0.5005522835583093,1.158603136728238,0.8223149470547088,0.6967413167111766,0.8731231124285813,150741.0,214459.0,11.571428571428571,76.0,0.0015781167806417674,0.4132579245034855,0.6693410495856899,0.5480722917227744,5051.0,22.07073088795034,0.0014849833656856216,-1.4158966539022435e-10,-10487936.118734187,0.00240690658330805,0.1971715337675108,0.018136960408305952,0.0010260028136081568,12.87032396203023,16.632823838797954,18.026205194945145,18.90764208468163,19.54012161961836,20.03697657565329,20.438467643543472,20.78818064512711,21.077941889891655,21.282913992754175,21.48327956612339,21.71096311566204,21.915374413820704,22.057933048082102,22.071333299012565,22.071333299012565,22.071333299012565,22.071333299012565,22.07133329901257,22.07133329901257,236.7342105263158,738.7894736842105,1262.9119579500657,1776.0894736842106,2291.892105263158,2799.735873850197,3296.007894736842,3773.628947368421,4140.814717477004,4301.365789473684,4418.9552631578945,4698.340341655716,4872.16052631579,4875.0447368421055,4182.0,3421.5,2661.5,1901.0,1140.5,380.0,7604.0,2375.0,1.8299692194109445,0.07366491720827825,0.679415678686838,0.8611611065097728,1.0121919974450249,1.2017894356745347,1.4081767458739347,1.6763218533931268,2.0504928475311033,2.6943731778552835,3.5572091913742057,9.478790252712761,1.6791245551940954,0.287982784120832
35043,41.94456120497419,0.7843082772203609,1.0,0.7227875435677255,0.85950350700276,0.8544715259510004,0.596409536225046,0.6913229074991287,0.7770941770847586,0.6195526292789465,0.4984889193202526,0.9094442043810375,1.038804029191726,0.7210652416011266,0.8910319337183218,0.7934647105291275,0.4810155210823082,1.0427871575084153,1.3304024539100021,0.695789935303011,1.3926072291416196,1.02338458773878,1.314814333816298,1.6297877540058352,1.7159091623790224,1.90188162370123,204455.0,240251.0,8.422535211267606,104.0,0.002570143499678732,0.48821765209940016,0.7163667523564696,0.48802341336293376,538.0,33.59821814651778,0.037221846431113155,-0.013835861800348686,-2.6902441617460435,0.008817534903117787,0.04531378746822715,0.0072843634937998355,0.005501254254985129,8.296106065204649,15.668343789998035,19.886759066022776,22.247066810862073,23.71660466103941,24.913970490715116,25.920295648013013,26.91728715236328,27.96955813342427,29.04778958406132,30.066339952163847,31.114652394114415,32.14405597765901,33.12458037877898,34.07379091160256,35.14680999227843,36.11520653982913,37.21202334323881,38.43565090111006,40.10508482202909,41.0450643776824,90.15203426124197,143.83297644539616,239.6252676659529,336.53961456102786,418.1306209850107,450.74463519313304,482.81370449678803,489.389721627409,504.07708779443254,510.81584582441116,516.4710920770877,522.6702355460385,524.9163090128756,525.5331905781585,514.6402569593148,470.77516059957173,398.9057815845824,299.20770877944324,128.28907922912205,4669.0,422.0,2.080591411043231,0.173706379654892,0.8069866466963919,1.1588554015476835,1.4260557330407408,1.7321307617348691,2.0110422639870835,2.2797838727258557,2.5586970266337676,2.8536355980724517,3.4053785905694642,5.743686759744456,1.0481751952915739,0.0547927967971191
35044,17.68493448148146,0.8890831529803788,1.0,0.6191248949409396,1.2086339971693858,1.0739520134632,0.6986485180219194,1.3097501397331068,0.8947920862445068,0.5977060449846053,0.6230928734368146,0.8331769716218962,0.8555175164142449,0.4757341530528753,0.7812348036864986,0.4405673796034563,1.0224050280692325,0.7274392094738303,0.6305994620167991,0.7806107417385519,0.9432882816161683,0.5709439507233317,1.1053271703995464,0.8783337335290456,0.8172119971568005,0.8439221626078875,41814.0,59188.0,6.761904761904762,42.0,0.0028583095140873828,0.40155228758169936,0.6633986928104575,0.5698853803780259,1462.0,17.240635049181204,0.00498275688509473,-0.00024210131254744324,-20.581288191563548,0.006861050379289657,0.4862854808138064,0.022405056461242055,0.002706053829849659,9.108678123080303,12.04245148164959,13.35268432742218,14.141048680032448,14.76804781106891,15.326528065272957,15.783481316677925,16.136397492932677,16.45762569751825,16.704820182842322,16.92970943374356,17.1677023200507,17.304466864543226,17.433148931231692,17.565101041130987,17.684934481481438,17.684934481481438,17.684934481481438,17.684934481481445,17.684934481481452,87.84426229508196,238.79183673469387,386.0122448979592,541.6816326530612,698.4204081632653,848.3428571428572,985.1065573770492,1098.6163265306122,1208.938775510204,1313.1551020408162,1339.8612244897959,1427.4408163265307,1371.6816326530611,1309.7131147540983,1225.669387755102,1102.0,857.0,612.0,367.0,122.0,2449.0,689.0,2.000425536080285,0.4583754598583232,1.0419682121372604,1.2373025055266313,1.4189995994746245,1.591897531251175,1.7714984819797703,1.9761798947880673,2.245142100813681,2.6256907525209314,3.2725088399558433,6.131550283772633,0.9452639416618053,0.645599226192571
35045,30.815611598759478,1.2811946240688266,1.0,0.7244089962239827,0.9315634713973152,1.0046257319401788,0.7133980806823426,0.9403756419996595,0.9884889493292366,0.791708479020732,0.7599302169242368,0.9839375181245078,1.1097709686343535,0.808113463369048,1.1105517233584332,0.7942979293849508,1.6887455498763875,1.1054382622807055,1.113400709776553,1.7958201748881528,0.9802826878141877,0.7270537577147487,0.8253901505043469,0.9757690417913358,1.0191417350315057,0.8777238729293307,30048.0,38980.0,4.4186046511627906,36.0,0.0052238805970149255,0.45108289768483945,0.6930545182972367,0.5234531838636127,364.0,28.563019669108723,0.044046021802605397,-0.005603629909786945,-7.860266026076669,0.022057070182741337,0.20749066765271337,0.06645275984409905,0.008986094209222476,8.744759723286498,17.295290017850725,20.483884482079194,22.012249166624397,23.058814475817137,23.941566683024842,24.773828464050684,25.51792037141508,26.17980380741136,26.776067522583258,27.253320465175367,27.770532638238958,28.22531709928341,28.625047061934556,28.999439113408133,29.376941305919242,29.63930501816062,29.949079028563048,30.151735125158712,30.7074926056176,14.586466165413533,41.843283582089555,74.52985074626865,133.87313432835822,165.97761194029852,198.88805970149255,206.8582089552239,232.30597014925374,256.5,289.96268656716416,310.2910447761194,324.54477611940297,348.6044776119403,350.3955223880597,337.3358208955224,331.5,285.9925373134328,237.4402985074627,138.20149253731344,56.917910447761194,1340.0,201.0,2.3537868471325054,0.3555993101864447,1.181075594742479,1.5062264843410365,1.7119696198442707,1.968776853514117,2.168082301030258,2.440817831322918,2.7564750149310786,3.1357325651206205,3.8267897090550984,5.640367121964077,1.1180718221555972,0.259050212581642
35046,23.514013450499263,0.8289712684325696,1.0000000000000002,0.7886363910883234,0.9213975367043866,1.0043210928869726,0.659044310527225,1.110215125071509,0.747154257695492,0.5787696373925089,0.5348961756940207,0.7439396254715299,0.8781953324648267,0.48179507161692464,0.9204187363457575,0.7869879933078825,0.5946696691634714,0.9164586334634939,1.1941351753394314,0.5356346312838862,1.0477884730219378,0.8658976405140656,0.7950334546492256,1.0432803616719988,1.3138686226141019,0.7161075693307793,50666.0,70132.0,9.538461538461538,76.0,0.0032025620496397116,0.4553464156988386,0.6868241890268322,0.5281015162126985,640.0,20.681502428829944,0.022055026553145195,-0.004643829248083299,-4.749319015605111,0.009084918775357106,0.05402732614408349,0.01155072331062424,0.00467790163601713,5.189589143050495,9.62100228426971,11.660236255766915,13.336613796768377,14.674518851127225,15.799068194115451,16.74778649604509,17.51508935155869,18.160969807077944,18.720394130155597,19.227744887390624,19.74224335740846,20.16593915384841,20.578865678465966,20.970757812049712,21.326973058151996,21.66425756704861,22.152443208115876,22.61599391339882,23.242813417369312,39.325301204819276,113.444,165.724,211.748,254.43775100401606,314.916,375.5,437.66,490.37751004016064,524.908,541.524,586.684,621.144578313253,624.676,597.036,529.964,432.9156626506024,373.684,250.964,101.732,2498.0,408.0,2.535312497258915,0.19234517242153085,1.2441511442560578,1.6791995267358537,1.99287835644372,2.3748022501702954,2.612371834570105,2.8301383442504275,3.0656834640995885,3.303589683856581,3.6349846431893464,5.67948382412817,0.9131698276257656,0.181541884604376
35047,29.867616564558364,0.27769617886612025,1.0,0.8262243553221077,0.6863511610612895,0.9235374928933546,0.6861547412899938,0.7349372015181942,0.6845675189856458,0.47105288029819525,0.45059753678413217,0.741244967587576,0.6865111496753635,0.6131102573843203,0.9857893249608202,0.8541499369404445,0.6313434199310549,1.0674058525468593,1.2448357280671327,0.8590440361800427,1.1526303949955583,1.1790536322702407,0.6165159220748067,1.2480602074794793,1.7183494645152209,0.8388688459384568,23314.0,33658.0,7.542857142857143,44.0,0.006392045454545455,0.4534470504619758,0.6879886282871357,0.5283623050729305,295.0,24.064983893812588,0.04979331394272372,-0.019858588447484508,-2.5073944240498647,0.021030504893882192,0.11419931148465388,0.02504827107076069,0.01051719717259819,7.5317992002556435,12.115437578865448,15.354395327804761,17.283000638580614,18.686859792736932,19.763186499257543,20.62769180558042,21.44876565239299,22.158674243547484,22.738431661224123,23.34756438816602,23.920263154456535,24.423511408527812,24.92150620256982,25.478393553084203,26.04332611628842,26.651936244637376,27.233553757165932,27.776372132935833,29.01030331547861,25.014285714285716,43.730496453900706,63.4113475177305,95.60283687943263,130.0,163.6241134751773,192.22695035460993,228.68794326241135,241.2,265.3758865248227,274.88652482269504,284.49645390070924,276.85714285714283,266.4609929078014,247.1631205673759,220.84397163120568,208.1,188.46808510638297,128.75886524822695,52.53900709219858,1408.0,135.0,2.529446177324626,0.17397467815552473,1.243426617805963,1.4683773592553788,1.7519437891659477,2.102194410288914,2.4258058625031014,2.759881486534112,2.940151082730486,3.3947414046323514,4.148017032461359,5.575761324745399,1.2734569170311423,0.396151720704511
35048,33.556623185750766,0.5232042927554501,1.0,0.7559104344288683,0.8672947685404226,0.9521565146093439,0.6502237887462647,0.9288972629266999,0.888497646228603,0.6267933730935406,0.8606119435854128,0.9331424325686002,0.9639656129808758,0.9264877591240405,1.0347351610156958,0.8398006883876212,0.7938928767967436,1.0867280170216898,1.2915563886195105,0.8546616601015761,1.074422706345246,0.9890414969254193,0.794715474603958,1.1284097623236513,1.5210786102311777,0.8555472239201437,25328.0,35340.0,5.944444444444445,38.0,0.005747126436781609,0.4672897196261682,0.7045291157440691,0.5131488460322345,204.0,29.88372294044593,0.12131997773021645,-0.019257476480960815,-6.29988969999061,0.023747964696617767,0.11973749843447493,0.022649051625568007,0.01376429865921641,5.607977955660111,12.61902302646278,15.843521014400077,17.67135083682801,19.368369707917932,20.643093796164187,21.69583965284137,22.603067952189292,23.529173114090963,24.423461317804932,25.698420556897645,26.731675290751046,27.630332165285665,28.38753514821122,29.060191354242562,29.986404222398363,30.687697440206858,31.382394599765544,32.140582508877614,33.20568948978225,14.697841726618705,41.48201438848921,72.38129496402878,97.88489208633094,118.56834532374101,128.57553956834533,140.81428571428572,157.77697841726618,159.33812949640287,126.72661870503597,142.87769784172662,160.06474820143885,179.20863309352518,189.0,174.10791366906474,193.62589928057554,177.5611510791367,144.27338129496403,106.9568345323741,48.357142857142854,1392.0,198.0,2.223775750712232,0.2879406723503359,0.7285642485518933,1.1089282571509758,1.3782831108086198,1.59699625669837,1.944582971405908,2.240377923068673,2.706779366794099,3.298364787467744,4.002704240397018,8.182395646755099,1.8622733022675222,0.358804224773776
35049,24.203068408905285,0.28504251821568566,1.0,0.6311892833003724,1.1661784876180035,1.1027889945782021,0.7362098756988182,1.3083427037782593,1.1157501840066315,0.7188212065920534,1.514111424749981,1.0117531000872808,0.9763808260650412,1.1572743291016172,0.964928044045837,0.6522879252123694,1.039286586381201,0.87498882269396,0.8860081163584105,0.794353485046332,0.893440564532496,0.5363758131465568,0.9993637956233843,0.8101645635974284,0.7285637300605662,0.763839468617359,149161.0,218001.0,17.041666666666668,136.0,0.000981474665685192,0.4003680981595092,0.6598773006134969,0.5633213507285741,4760.0,23.322820541472872,0.001554738866545781,-0.0001622192334082846,-9.584183292450327,0.002934727103152098,0.38223851819486837,0.02206608382008497,0.0010384310289502563,14.856080833543789,18.585411736712008,19.93672689304335,20.8081829098979,21.44190908241957,21.93154229259535,22.34391281767498,22.694759774736884,23.000924032024443,23.2441605016579,23.381532706541414,23.515813497981668,23.707233840602385,23.865679313833787,24.05427469552554,24.18871216781651,24.203068408905274,24.203068408905274,24.203068408905274,24.203068408905274,255.02208588957055,778.5349693251534,1306.8993865030675,1847.3349693251535,2397.348466257669,2927.20736196319,3427.79018404908,3928.633128834356,4369.480981595092,4654.8858895705525,4459.306748466258,4218.949693251534,4219.166871165644,4000.39263803681,3939.468711656442,3616.5055214723925,2853.0,2038.0,1223.0,407.5,8151.0,2394.0,1.9824829127253119,0.2794129208460962,0.8143933326853601,1.0074304967274272,1.1980120226464184,1.4051885786797118,1.6339186069270286,1.905242470786025,2.282031547737269,2.8037997463591533,3.763745243779873,9.704301919505525,1.48830102912621,0.157585158259608
35050,14.799644450319475,0.7031915174359081,1.0,0.668093807721921,1.0256486142490524,1.0950324194960477,0.7158464960363983,1.3570556932518623,1.0758146626220682,0.9585995746626778,0.7680452229329535,0.982450056699852,1.3391133154529493,0.5659644086474559,0.795236878596735,0.5783681023036584,0.6835136903132517,0.7262222235965546,0.8079498963898686,0.5036740155264912,0.9293969818388234,0.6679155603143142,0.6630074872220881,0.8487392384844162,0.933042997363995,0.4885632111629464,9215.0,16207.0,10.0,72.0,0.006965174129353234,0.4262948207171315,0.6653386454183267,0.5716211814491873,434.0,13.0686664152574,0.01907056511617185,-0.004198039978930396,-4.542730705730624,0.014040291765820286,0.13112904807268716,0.021908183894650213,0.0066402368524164455,4.076858082085808,7.720321619736074,9.061470500507125,9.95694636761236,10.670304416688495,11.215151012952543,11.688452050836226,12.09874567325249,12.485751864116201,12.845234796856722,13.11112612189397,13.357694410639615,13.580040489475161,13.82519471858113,14.02244886562189,14.201932687988988,14.365484731821667,14.70152934117569,14.799644450319471,14.799644450319471,26.14,75.98,131.6039603960396,185.58,234.30693069306932,275.54,314.2178217821782,352.3,378.94059405940595,410.82,420.62,419.7821782178218,406.74,384.86138613861385,353.58,317.7029702970297,255.18,228.9009900990099,150.5,50.0,1005.0,228.0,2.4288503205001186,0.38292270460653643,1.3478622821510067,1.7103247910442543,1.9356009423748461,2.134048063359641,2.285778079238738,2.4782124931555782,2.7206607941744005,2.992222114081643,3.590463196744878,8.60569768948868,1.040313192952218,0.859826778315473
35051,22.56099398290124,2.3371458946136943,1.0,0.6346063589430686,1.1134765055489926,1.1165614350304984,0.7414376296274378,1.3187350054113602,0.638355623804299,0.4952913195458409,0.412862909439385,0.5717156295899317,0.6680148130527418,0.3130749602802865,0.8318025355487555,0.5151307366855983,0.8649056870090619,0.7449679967910007,0.6947728522282373,0.6558601109851233,0.8942330537064475,0.5774823849158226,0.8886642878861816,0.8008811926072136,0.7788684601913172,0.6738763164999746,257985.0,350017.0,24.11764705882353,222.0,0.0007475238273219959,0.4354733202504439,0.6837678721614803,0.5388795029620017,4271.0,20.677141117832292,0.002204567656250046,-0.00041409965785348384,-5.323761115084193,0.0018899026341732124,0.05686651484217843,0.005741114139500224,0.0008091854376461137,10.306495100357365,14.402058699096596,15.930945508907648,16.928039390474954,17.725887949181516,18.384827045408162,18.90201175657745,19.348705502584043,19.754051707244525,20.129269657920858,20.46202015282259,20.745375727187515,20.993258783657076,21.208503500905767,21.406840578331146,21.644794604642343,21.89094704943004,22.00329916569204,22.22633464719853,22.528499546156826,243.9373831775701,753.5130841121495,1224.5598130841122,1668.3579439252337,2121.4383177570094,2525.21214953271,2918.6974789915967,3253.7093457943924,3528.681308411215,3830.2644859813086,4098.817757009346,4213.070093457944,4176.8383177570095,3997.3109243697477,3634.814018691589,3304.051401869159,2947.9056074766354,2117.6532710280376,1353.7242990654206,514.4976657329598,10702.0,2632.0,2.080480324018389,0.1590808782069002,1.185908295927922,1.4020593948372049,1.5549806375829356,1.7199339081780094,1.8792052902243905,2.063199036932004,2.2713334047960143,2.5717625794844836,3.1923264486162743,9.485634756409723,0.9256807440528013,0.0868025897513144
35052,18.743510530723174,0.46014168510914366,0.9999999999999999,0.7493730712301425,0.8063158930456105,0.8849423600936703,0.6625356503691049,0.7271676817460894,0.6671358472398756,0.471763002802855,0.2707811675632729,0.7538749158411401,0.7120567814577696,0.3723778907680108,1.00047446147498,0.8444033316588737,0.7506043292903251,1.1305532502355078,1.2745024832828975,1.0322300456037308,1.357359761409539,1.2967329342174607,1.0060102313206796,1.5338397421340115,1.9572274088119461,1.3834638922690128,9445.0,15983.0,8.846153846153847,60.0,0.007391763463569166,0.427061310782241,0.6723044397463002,0.5579213286207336,195.0,13.755009916151906,0.05915052838557222,-0.029709847870164497,-1.9909401301570757,0.01932702837802752,0.051597276244470046,0.015362216575025404,0.01485567313916908,2.722582192043668,5.185597557829117,6.8737246838202575,7.878149592750735,8.725789290170704,9.634643076205062,10.521027943699549,11.264178003271699,11.966541769236844,12.633267699285458,13.235811432744063,13.79174244497721,14.322837859184801,14.830003422554558,15.352289961502565,15.885581335143941,16.382553606838602,17.13390931885315,17.86885555797214,18.572027799005046,24.882978723404257,43.357894736842105,75.01063829787235,98.69473684210526,122.57894736842105,137.81914893617022,144.42105263157896,157.18947368421053,176.8404255319149,179.45263157894738,183.16842105263157,190.37234042553192,179.43157894736842,173.10526315789474,172.88297872340425,173.9157894736842,143.46315789473684,124.64893617021276,107.22105263157894,44.09473684210526,947.0,114.0,2.4462774201101656,0.38125054113059376,0.9212862502125084,1.296308337701222,1.6116379381112318,1.9163423497753422,2.2158821317918056,2.4254367112243447,3.0137303868628704,3.612411571866181,4.382153626086881,6.546153906815325,1.6214861570197694,0.569687532123644
35053,16.37261226414216,0.8959140303368878,0.9999999999999999,0.7552325125033855,0.7591063602202908,0.8974323455353557,0.6455709150336599,0.7161236981062172,0.764444061344095,0.5644285889425796,0.42355944083876684,0.8518124682569497,0.8743091979494623,0.591461282399767,0.9483129563821429,0.7705490502673535,0.5983505101992103,1.0566957621930095,1.193593193750337,0.8355407198247214,1.4018750210789994,1.2851744430091299,0.9535613921243409,1.5620954917138883,1.9907564189785736,1.3315596099473115,3678.0,6470.0,4.956521739130435,24.0,0.013452914798206279,0.45617977528089887,0.6876404494382022,0.554487582010635,101.0,10.665782508513661,0.11591222594768387,-0.07194990455631654,-1.6110129215940403,0.034779097154618584,0.06852647644032327,0.02960295706146402,0.02887294516243704,1.5005706184282857,3.421043469348551,4.9989703086339805,6.243505331954927,7.227012207567761,8.142906906749321,8.983458926715993,9.810026194671805,10.361996637404296,10.880552133766969,11.346115859219989,11.916198100015755,12.545113531315828,13.082815512832592,13.64092849826799,14.211807201800157,14.779514169525598,15.435751189638092,16.04438063796023,16.346553202096644,16.136363636363637,30.844444444444445,38.81818181818182,43.08888888888889,45.68181818181818,55.28888888888889,64.9090909090909,81.31111111111112,91.4090909090909,97.28888888888889,93.88888888888889,92.18181818181819,86.17777777777778,82.5909090909091,75.04444444444445,75.27272727272727,76.97777777777777,69.5,56.82222222222222,22.0,446.0,65.0,2.7723623358038965,0.9169431333067979,1.515547007076623,1.7594841535538053,1.960692977638604,2.1748798196882313,2.6643857059630314,3.012970040096327,3.4486891368637655,3.7465529153251045,4.209117349707207,5.607720733569118,1.2549399006946005,0.80103482544655
35054,33.51272480763206,0.5193570848745223,1.0,0.8422782880970691,0.8876986466445472,0.9238101835962845,0.6571347473564767,0.8280042099015947,1.1187563296698406,0.9410170920515046,1.6836608138047473,1.211024028025599,1.4320002036675592,2.0333964413113845,1.2572524558919511,0.9652093583496275,1.9165080387554239,1.360942408101213,1.468814976277657,2.314611466749902,1.0186768921360998,1.0019125189522917,0.5826429431088578,1.1026906936341732,1.5246683012620896,0.7036714743009613,9923.0,15247.0,4.068965517241379,32.0,0.007575757575757576,0.4197218710493047,0.6561314791403287,0.5818648786237318,162.0,28.75137374430265,0.11317966226078198,-0.02983339802258651,-3.793723469753429,0.04171095793016124,0.3702912482991777,0.062338749673112946,0.019129917659575807,9.76530947156193,17.047479978902597,19.712976367379557,21.418300566494715,22.41330783684358,23.437668761746263,24.619031903178715,25.92123800727484,26.80566474043079,27.540157308515955,28.14109929104993,28.67466644294131,29.112970820335335,29.64338938538724,30.114980004934395,30.7954192014154,31.386642006272368,31.72671757273228,32.40395732543325,33.04216705434288,11.936708860759493,29.31645569620253,52.08860759493671,67.69620253164557,76.11392405063292,71.67088607594937,66.275,90.51898734177215,111.56962025316456,134.1139240506329,145.84810126582278,155.86075949367088,147.69620253164558,146.0,128.46835443037975,133.0379746835443,139.40506329113924,107.72151898734177,84.26582278481013,31.15,792.0,85.0,2.8870284761012592,0.8208165770427144,1.4343479323617385,2.0476372179727997,2.306331598078138,2.6130553981719125,2.896079951363268,3.1976329485885073,3.309109712923211,3.66302527986065,4.115011257537799,5.6575328310757085,1.1306740603550567,0.497021681379993
35055,21.022441224354264,2.4627380174723728,1.0,0.6645287322186448,1.0549227890025863,1.026658772444004,0.6771827891919131,1.1474704971309087,1.2556901751489042,0.788948310447281,1.8579210370592958,1.223084250436668,1.165044834333044,1.619144929394499,1.1015869352406347,0.7619852841265784,1.0478252973164266,1.072982537925684,1.1252283671235364,0.9131609918829015,0.9584641298285138,0.6403389899091909,0.942679179629288,0.9335761360581861,0.9455925344371375,0.8215280322991545,29615.0,54803.0,22.275862068965516,120.0,0.0019011406844106464,0.38478605388272585,0.6456418383518225,0.595112610749009,1528.0,19.94105763285668,0.0053854868214118275,-0.0006118500507092318,-8.801971684351729,0.005882631761293785,0.3171250163892823,0.024678901934965906,0.0024563270131240495,10.593850140671313,14.548479933154377,16.014258833668755,16.925463995951894,17.593734764906714,18.12828386410278,18.58383344909905,18.964787131303872,19.3405834424187,19.607384965650066,19.854663708721517,19.94303773505008,20.139837293782595,20.42512455764181,20.635346979547922,20.939884615686168,21.022441224354253,21.022441224354257,21.022441224354253,21.022441224354257,92.39047619047619,280.63291139240505,470.0126984126984,613.8037974683544,755.9904761904762,917.3354430379746,1085.4412698412698,1197.5316455696202,1377.031746031746,1441.6518987341772,1471.607594936709,1300.5777777777778,1226.1835443037974,1285.1333333333334,1223.012658227848,1315.6,1104.5,789.0,473.5,157.5,3156.0,745.0,2.4490529287295586,0.2750906102103413,1.2528636041434538,1.4883263780650522,1.7551404966457076,1.9898086885986435,2.2393892765608805,2.474052465026782,2.8106303435073636,3.297785654055262,3.939983543980943,8.797958176889491,1.3604660751770112,0.424180254009552
35056,32.27993702864572,0.10121205241544531,1.0000000000000002,0.49651737270743035,1.3778863693867311,0.6201995956927345,0.3688561922462499,0.4979451902370001,0.5715043149229617,0.4455253394389319,0.197118509483171,0.9214845009445993,1.207856473076362,0.39586386885141156,1.4888956719840656,1.0553469325840168,2.3310597576854817,2.4006717874767998,2.8611338368950654,4.681358116093056,1.8263133399083682,1.8337503068145424,2.130683139953022,2.9447186882933387,4.971450514758671,4.278951141066169,54789.0,75041.0,13.05,100.0,0.004093784890212133,0.5126582278481012,0.7241250930752048,0.48613634166081576,333.0,23.56135559371046,0.07213597139198383,-0.029702900438013668,-2.42858341536453,0.011980165665014994,0.01622919421878081,0.009929858474983516,0.011158000752665135,3.9269336306294553,6.564281141075845,8.211555187126798,9.724087054457701,10.919565698550933,12.094906090330463,13.348924118443788,14.936016581526204,16.532323458703328,18.079388017854665,19.807362481160595,20.964861277603593,22.14339194865238,23.069918626877623,23.99658923135384,25.060791433362887,26.288158892685026,27.6221726487639,29.233124860444356,31.024677527369168,35.201492537313435,75.74721189591078,114.56716417910448,138.85873605947955,171.82899628252787,172.93283582089552,197.67657992565057,203.80669144981414,217.70149253731344,222.26394052044608,242.9368029739777,277.15671641791045,295.46840148698885,321.98513011152414,322.3955223880597,283.86245353159853,251.57620817843866,232.07462686567163,178.73977695167287,82.89219330855019,2687.0,186.0,1.6555773200239203,0.26891067087987436,0.5792106073505987,0.736347639319137,0.9238245560893228,1.1261132415035857,1.3586934301228035,1.548044192365312,1.7748937699635896,2.2306578107361115,3.213324120785607,7.214339505497648,1.4953171199256359,0.0871775764855556
35057,16.65838377616428,2.010859454153399,1.0,0.6029467613567,1.2282886213852988,1.1374719407034946,0.7468266905754904,1.34637818886549,0.6747931227321851,0.374697883841826,0.6984531002498772,0.5932393570208373,0.5017199955093877,0.518764420001798,1.0104855133265314,0.6170153075610538,1.1362150748920892,0.8883608264671341,0.8261827213025736,0.8439048435933946,0.8496270380070667,0.46317409284332517,1.0709552719194624,0.7469432938113587,0.6201895281573453,0.7954342106669824,39161.0,49751.0,2.690909090909091,40.0,0.0053285968028419185,0.43483412322274884,0.6800947867298578,0.5253049853937484,1096.0,16.24010922157044,0.0074021081295271825,-0.00029064883897018647,-25.46753035640531,0.008677443318726824,0.14073511413568032,0.03016843394006792,0.003772658151104775,6.527684629664975,10.600719360183394,12.360187442384301,13.300131027761628,13.970261810421981,14.485276811298084,14.907553391174204,15.274967674085907,15.568375410636616,15.841806737428584,16.127899948122526,16.256125056936796,16.363370309727205,16.504867715058246,16.64768454042573,16.65838377616427,16.65838377616427,16.658383776164275,16.658383776164275,16.658383776164275,50.30952380952381,138.9940828402367,234.66863905325442,350.1775147928994,459.2721893491124,564.9822485207101,678.1666666666666,790.0414201183432,884.8520710059172,956.1952662721893,1046.5325443786983,1032.7041420118344,966.9704142011834,953.8095238095239,919.4142011834319,760.0,591.0,422.0,253.0,84.0,1689.0,593.0,1.6313460037899283,0.20738918137086126,0.6734426756919777,0.8357119566886304,1.0077693614965202,1.13785476823738,1.3019585796436997,1.4581128410764792,1.7229998916302902,2.1759074958932203,2.9373269183520168,9.23562769107986,1.3965951040656044,0.938375873903278
35058,23.577925736235475,1.3579754729475368,1.0,0.7145545434737568,1.041753746273409,1.0974914784729761,0.6481089254328178,1.4328165307993024,0.8095470476613575,0.4985696076315937,0.6755660131636009,0.7376340167923147,0.7692682326487645,0.4714951277025913,0.6521339070310017,0.4195264783239535,0.504880390162178,0.5942040734005202,0.6473085956095834,0.352369182871256,0.9816351996681636,0.8122216787161667,0.6407821323818349,0.8944353727775525,1.2532178571275678,0.4472185507410164,9137.0,11367.0,2.0,40.0,0.01832460732984293,0.4461942257217848,0.6797900262467191,0.5349693482483098,122.0,20.34932439369515,0.10629369460978452,-0.03209237260253798,-3.3121170542990157,0.05832007943120194,0.6438241099768954,0.09256401458216143,0.02743545891744819,7.224148135766249,12.133318766375181,13.579866925706115,15.25030876377103,16.480108942470014,17.513864070329046,18.329003858727134,19.103914170468357,19.621840917468255,20.162818860902735,20.5048719511824,20.886789030408213,21.124169348818977,21.443438950849984,21.74529641081412,22.16296501110786,22.46739465014836,22.91540292784444,23.233429140822537,23.557763957365285,5.552631578947368,19.026315789473685,30.81578947368421,41.13157894736842,47.13157894736842,57.23684210526316,65.61538461538461,83.8157894736842,97.92105263157895,115.07894736842105,113.71052631578948,111.65789473684211,100.39473684210526,90.76923076923077,89.13157894736842,90.34210526315789,74.39473684210526,66.1842105263158,46.13157894736842,19.0,382.0,85.0,2.3650608449488337,0.5750773289815906,1.003737842389475,1.2165809697535346,1.6598568146884904,2.1514453682947328,2.3950232852699074,2.7555856101332505,2.991582359669756,3.1981457357638026,3.8063618869202274,5.094794268160104,1.101990664689078,0.873880763517227
35059,30.5522989421418,1.1097679166334287,0.9999999999999999,0.6192375588209826,1.1680660017963154,1.12215233303133,0.7256583636901789,1.386028061915898,0.9747657778509465,0.5671695363754138,1.2427550584156706,0.8686572661821765,0.7815930536391748,0.8966305174931436,1.0302077990440097,0.6943236058757873,1.3236030195905397,0.9180641243787769,0.95681885666549,0.9549611988093022,0.8708075516109718,0.5390934779802486,0.9002658871557261,0.7760154534978444,0.7429025901924498,0.649529336304558,339602.0,444368.0,25.12727272727273,208.0,0.0008523695874531196,0.41701474725087373,0.670360583070497,0.5548476855592188,5040.0,28.577604392899612,0.0018511423003187775,-0.0003661577152555593,-5.055587314408424,0.0025098057305863414,0.23127861073149344,0.02026473354694369,0.0009094366813541451,18.160129346825975,22.919033176364543,24.40428806239102,25.365748193095833,26.064988524646388,26.61964675862196,27.05568980461131,27.369179646982495,27.718098747315757,28.083120781670782,28.40086722215968,28.663338056353762,28.87300671516787,29.059084097184762,29.25029622852317,29.407725076113913,29.415438926424674,29.78952142107282,30.199783394916633,30.552298942141782,273.28218243819265,922.6231884057971,1565.5430520034101,2207.3222506393863,2787.3009377664107,3416.0400682011937,3841.682282793867,3845.9079283887468,4098.841432225064,4503.599317988065,4831.151747655584,4959.09462915601,4778.188405797101,4470.975298126064,4085.942028985507,3570.9369138959933,2413.312872975277,1924.694799658994,1375.855072463768,586.5,11732.0,3324.0,2.0715988226544426,0.3989723640755665,1.1195053890054028,1.3308314312024447,1.4980420365866853,1.6786399450018408,1.8526176989866219,2.059631433878487,2.3238656738399635,2.636963589432932,3.24180773613153,8.380532379390468,0.9651317385693665,0.0905583798512816
35060,24.300427768955917,0.9468953656988837,1.0,0.6314247701480693,1.2194465042963778,1.1275024439936463,0.7053484158286839,1.5291149064180285,1.9633823911221209,2.135403501899421,0.9824990624574795,1.7413553306082101,3.0274449534144425,0.6425279475948582,0.8293362406505429,0.6311386295804406,0.5599942704341031,0.7355516123876503,0.8947898874047129,0.36622118330263154,0.873382184275642,0.5868826169036472,0.9020723368729041,0.7746166661795402,0.8320464095948152,0.589931033362313,48911.0,67023.0,10.666666666666666,104.0,0.002890173410404624,0.44114002478314746,0.6807104502271788,0.5483438813442579,1040.0,22.203568130027264,0.008240663023861559,-0.00202203059488616,-4.075439335439683,0.009646233954257346,1.5103104217238381,0.03862061733800317,0.0036445014188265625,12.940830577079566,17.133486417944408,18.70546837259866,19.564644868744093,20.232176735122582,20.79085338028121,21.193685788617877,21.59874608923172,21.95902047975961,22.254198747457366,22.47151260404695,22.745239311429266,22.926197974029904,23.113843084510503,23.377744284786505,23.60157613765222,23.76400626109485,23.95920420416453,24.15897974572845,24.300427768955906,65.4504132231405,194.9214876033058,318.03719008264466,442.9297520661157,566.9958677685951,706.2768595041322,785.6995884773662,872.301652892562,960.698347107438,1028.9876033057851,1005.3181818181819,1005.1363636363636,936.2190082644628,881.3827160493827,854.3595041322315,783.50826446281,640.9876033057851,495.7314049586777,321.8884297520661,121.0,2422.0,667.0,2.2300287957232183,0.26312672994645614,1.3382213879028928,1.5869342153640325,1.7504719297023592,1.913003173360036,2.091788758192392,2.289703912074902,2.54969557143568,2.767601168039762,3.2397784797424705,6.900523097176175,0.7400785655654539,0.499997236512136
35061,33.94320699672961,2.1810677025022764,1.0,0.6173922696758194,1.1782134421751622,1.0812308431888553,0.7110443503942242,1.2851536295189119,5.227025292850176,5.227025292850176,21.103506419065287,4.834328696575286,7.351194464806812,16.420998964120137,1.0518838475624164,0.5547454753301883,1.374779300373881,0.9728577890546607,0.7801840701253315,1.0697392660272997,0.9080969875183595,0.558909231115172,0.9992242550122539,0.8398733658393659,0.7860399014566335,0.7775134676982598,39825.0,52267.0,3.8297872340425534,54.0,0.004407713498622589,0.43936052921719954,0.6846747519294377,0.5389575376808173,776.0,33.21609641196991,0.012732700966642118,-0.0011437166134178253,-11.132741115469464,0.017509448343013965,9.820880582154063,0.14435253825577932,0.006503340206875425,20.167887779590416,26.183093276037958,27.935057348663868,29.045125949811872,29.823979283332946,30.485849914404497,31.017871079140885,31.462960511781255,31.832634845381637,32.20665940907508,32.456210955330164,32.6704946095298,32.96460407916675,33.20446548231758,33.31168219843169,33.52839007660488,33.68209749465963,33.90319826182647,33.9432069967296,33.94320699672961,29.303867403314918,105.83977900552486,196.06043956043956,294.5414364640884,381.47802197802196,467.1767955801105,551.0384615384615,620.3204419889503,664.478021978022,717.232044198895,733.3149171270718,707.4230769230769,739.8508287292817,747.4560439560439,642.2209944751381,583.6538461538462,499.24309392265195,437.5879120879121,272.0,90.5,1815.0,469.0,2.1299178776458256,0.382021844426449,1.1452325133117602,1.3709834312291806,1.5327085614724565,1.6715194492249106,1.8729250139646552,2.0672751934743623,2.299333660456406,2.6632537245317813,3.524760074642684,9.007063923505479,1.1616619881219596,0.509869456149172
35062,18.905020323694764,5.10200124591251,0.9999999999999999,0.6606827870579489,1.0810828184755774,1.0536155187752847,0.7174371175182038,1.2188266538281696,1.565319084386859,0.8460035853396572,1.9610385653300706,1.4856644159971892,1.179202420229103,1.6089560883581877,0.8232874064162885,0.5633261286097622,0.7144824258965072,0.7813926349274658,0.7851923393069619,0.5862051208450477,0.9535604009331031,0.6318721817599877,0.9473208465197449,0.9050364045904667,0.8807352816450216,0.7772400148489848,14991.0,26619.0,8.642857142857142,48.0,0.0032258064516129032,0.38347320852162686,0.6507424144609425,0.5993082251649896,879.0,18.902568463626817,0.008726635261938117,-3.7435580455371514e-08,-233110.72396330265,0.008910922580879442,0.7802462499743918,0.048416157886299244,0.004457213269074687,10.019903397476089,13.366358067505978,14.640848954444618,15.46674090214881,16.081157563835475,16.597808773879123,17.000671306667186,17.353609616271523,17.592460214994453,17.810150112680706,18.004363325149168,18.218917460719325,18.439173595244444,18.664999473829685,18.88622021459837,18.90502032369476,18.90502032369476,18.90502032369476,18.905020323694764,18.905020323694764,52.16233766233766,156.6516129032258,255.2258064516129,365.18064516129033,464.0387096774194,555.658064516129,648.6322580645161,718.6,759.4580645161291,773.9032258064516,760.7096774193549,776.0064516129032,786.3096774193548,825.9290322580645,839.7935483870967,697.0,542.0,387.0,232.0,77.0,1550.0,410.0,2.487960984316363,0.5024613535299196,1.2515758353680502,1.5480252173002798,1.8352072416482907,2.058722803814394,2.2410264270584754,2.5204847318581836,2.824393621281893,3.191166111978725,3.9998653737769003,8.705081706700845,1.3765681702479864,0.765995938582346
35063,15.768012649555702,3.0037133710437525,1.0000000000000002,0.5997474824552108,1.1639031627878387,1.1814990159840737,0.7687068317815258,1.509214204586937,0.4147865776285737,0.2917718226093208,0.13989918627531323,0.3510680686289839,0.3795618960912855,0.09269670657095545,0.7471571839870383,0.46130749918655006,0.7749917217355476,0.6323807077949439,0.6001084940502497,0.5135067768247373,0.8457036795790249,0.5531742916314596,0.7568386835858824,0.7157887295188613,0.7196167235166153,0.5014786378803164,8471.0,12203.0,3.0303030303030303,22.0,0.01485148514851485,0.47107438016528924,0.7090909090909091,0.5151608498525446,318.0,14.770826899777973,0.026207118171550383,-0.0038612662507367204,-6.787182356707499,0.021098015336383388,0.41416670161867586,0.0446596390757491,0.010763783587532072,6.0322819585152,9.149857074535753,10.2846524407014,11.164949541084995,11.815472516260122,12.565465363222692,13.18668914351946,13.602004376244045,13.973669927439204,14.252825252398525,14.543910311054713,14.757586028421565,14.823455343156306,15.044280446374447,15.184512478492017,15.334387239910303,15.604244439700464,15.733690372644105,15.768012649555695,15.768012649555695,17.466666666666665,48.09836065573771,83.33333333333333,110.90163934426229,137.43333333333334,167.14754098360655,197.8,229.62295081967213,253.53333333333333,267.1475409836066,289.72131147540983,303.93333333333334,267.24590163934425,268.1666666666667,241.36065573770492,208.96666666666667,197.5737704918033,150.13333333333333,91.0,30.0,606.0,187.0,1.8912669741857413,0.6632195135058361,1.058059348740646,1.245731411409338,1.3584633277890161,1.567624091271124,1.755070976850761,1.9796456409505492,2.224362304823348,2.525624377702207,2.8676267920954626,4.7472955669018315,0.5840807001669404,0.958786326400004
35064,33.131457348326634,1.9491971928326866,1.0,0.6388853893321397,1.0984954069722317,1.0951347166985665,0.7100223178914884,1.3144245274259894,1.0617648054295967,0.795310847370139,1.1355783820138015,0.9695289440101323,1.1201209135677974,0.8639357820243825,1.012065984156378,0.7117498473174413,0.941109143430562,0.924147475853372,1.002433063556485,0.7159856833115529,0.8951245715429017,0.5921731412078506,0.8552036209395534,0.8173648026074611,0.8340204614502716,0.6506296885788346,150162.0,206930.0,20.5,136.0,0.0014854426619132501,0.4434705095825286,0.6865250334274253,0.5308102531521932,2082.0,30.604618465263318,0.0051177774598169775,-0.0012534110859332745,-4.083079779054565,0.004632634104218385,0.2667464487647269,0.022033717340513945,0.001784475575447891,17.16778388452616,22.884296954257184,25.100379866958733,26.422659596952442,27.31839272058186,27.98768223024199,28.537039142517784,29.028647113342732,29.42926932864229,29.795089509974588,30.13303198765887,30.503059731314224,30.810208533160164,31.150124134694583,31.475142005263272,31.757481646211172,32.02675618043998,32.32586652897758,32.70299733171165,33.09658942614895,113.98811292719168,331.86478454680537,576.3595839524517,864.2362555720654,1182.992570579495,1441.8350668647845,1647.3961424332344,1848.0950965824666,1903.5794947994057,1983.8603268945021,1963.5705794947994,2032.8945022288262,1966.8424962852898,1943.0578635014838,1872.3120356612185,1687.0802377414561,1424.1931649331352,1102.9346210995543,765.1381872213967,324.41691394658756,6732.0,1634.0,2.2128457079760206,0.5336896061294708,1.340043196320885,1.5377331874006062,1.7318168362142252,1.8910610922625435,2.050664289711808,2.218041207177605,2.444772802327254,2.747046299135962,3.249597946479108,8.182870230988616,0.782207985828828,0.107231007830705
35065,31.159701170838467,0.6742740247235814,1.0,0.7370696533866137,0.9367589296740917,1.0025520514002877,0.6527832465791112,1.1598657359395799,0.9835280363706553,0.7647741695039592,0.6803144776258061,0.9810244116471947,1.171559125501049,0.586545887636468,1.110602412150733,0.8141752839431324,1.2153997745940037,1.1077753126129748,1.2472367944639982,1.0478797130854436,0.9886213890414781,0.7920118558740619,0.6729808973384752,0.986104798908593,1.2132845933540322,0.5802231038347807,60996.0,85500.0,14.24390243902439,110.0,0.002234993614303959,0.41105078249760457,0.6595336953050144,0.5791307617484551,968.0,28.65172186814293,0.011734441533832343,-0.003280191090225993,-3.577365223872943,0.00973664233347649,0.30326269688354374,0.044758446540690874,0.0036189417039761613,15.260326600794775,21.421628304012142,23.153148633775256,24.30787668410872,25.101087058370606,25.79014482650787,26.369925854555564,26.90013006974677,27.37556721086125,27.796334571057095,28.15188136111574,28.488311578857445,28.755643496887483,29.078077847249467,29.399504710678062,29.723780407050107,30.135050791094486,30.44355421085438,31.016234709349753,31.159701170838453,52.05750798722045,184.5335463258786,313.82747603833866,454.38658146964855,546.4600638977636,620.814696485623,689.8885350318471,759.8210862619808,858.7635782747603,901.6357827476038,929.2811501597444,946.626198083067,882.4632587859425,857.0414012738853,795.4313099041534,691.4664536741215,648.7476038338658,484.0607028753994,414.65814696485626,156.5,3132.0,578.0,2.6585491416789506,0.42402346153649,1.45784808855451,1.8175698908388853,2.057795424768858,2.3368506420836566,2.5495207231060304,2.8361821479240747,3.1091491879456226,3.464148212610807,3.962194944546645,6.217572672991936,0.9616024425102581,0.268509239261039
35066,22.615299157823802,1.5742027333504844,0.9999999999999998,0.6642787274539854,0.9770238888258247,1.0436101636551196,0.6849215261530744,1.1769591128063763,0.877622046792447,0.5152716704174306,1.0471987135958019,0.8409481599131623,0.7523076012977749,0.8897494417616854,1.1499110247835276,0.848193964401599,0.8917298358518994,1.1018587829349054,1.23838123349044,0.7576557470425903,0.9316936105550113,0.6369744075595243,0.7392539046191484,0.8927601924571777,0.9299961867706953,0.628105000909037,11014.0,15006.0,2.8484848484848486,24.0,0.009287925696594427,0.42170542635658914,0.6558139534883721,0.5636454831127052,245.0,20.640024537650604,0.0442687665538987,-0.007707464865732582,-5.743622231833687,0.032621854921664056,0.3699694017713394,0.09704579189314863,0.013685745353241683,6.833011941300148,12.629049912914734,15.337511151796061,16.662168122791197,17.661294231711626,18.272471853704744,18.812858833854477,19.247660018492653,19.625287804382094,20.008348746317726,20.30150612513613,20.613640135598306,20.864779232314365,21.22481906140324,21.571908102408017,21.65960026254201,21.895565659321523,22.15431193194992,22.265838860323925,22.614246649314392,11.21875,27.630769230769232,56.15625,83.8923076923077,108.8125,141.44615384615383,169.75,196.96923076923076,202.21875,224.0,231.4,232.8125,208.8923076923077,221.28125,226.04615384615386,179.6875,153.93846153846152,132.6875,75.70769230769231,31.96923076923077,646.0,140.0,2.272472089107787,0.6798533325110827,1.2520953797049823,1.5155352578017505,1.7555244117783129,1.8734658597784701,2.0683735309040987,2.213039945875601,2.2992975300042624,2.6248809230112826,3.448293434173923,7.126913150225239,1.2134561700106428,0.840486654893029
35067,14.06984530668807,1.6030597361667804,1.0,0.7953550211951622,0.7991850681393722,1.0633223530103217,0.7624236705459024,0.9418254223510064,0.5797768067836206,0.4127907676529092,0.4259376660946878,0.545250276308254,0.5414191395151033,0.4522469408730254,0.7422985071715719,0.6205131968481725,0.35171004523428573,0.6980935791202786,0.8138692708791154,0.37343443581756264,1.1806350449622411,1.0704474227824106,0.8313233118662307,1.1103265548963595,1.4040060194038313,0.8826724063054724,5876.0,8638.0,2.9655172413793105,32.0,0.010638297872340425,0.47547974413646055,0.6950959488272921,0.5262283471377285,149.0,11.574058413857795,0.0573420799138016,-0.01820127844942342,-3.1504424303567578,0.02658163234652727,0.09756491133845953,0.023912437220298136,0.020272884052453324,2.5290070680763774,4.640750094190059,5.659871513412322,6.726521301361469,7.5065950586678865,8.026050597127954,8.57253221175349,9.215476083627271,9.667664563896496,10.111618882880235,10.505617985504541,10.878259595032615,11.279303127830076,11.678346252235547,12.034061880785679,12.387507917269023,12.805818859916949,13.222020717476017,13.628460804230446,14.05328792530688,12.58695652173913,31.638297872340427,40.340425531914896,58.148936170212764,79.91489361702128,92.31914893617021,104.42553191489361,115.42553191489361,131.61702127659575,133.68085106382978,136.04255319148936,138.48936170212767,141.95744680851064,143.38297872340425,137.5744680851064,123.17021276595744,111.65957446808511,83.85106382978724,56.851063829787236,22.78723404255319,470.0,87.0,2.3377772606516514,0.6496510626885587,1.2263963733961951,1.4953903702765712,1.7554407577898443,2.055897095706159,2.340045834732277,2.513404814454688,2.704214084540677,3.0135721561889217,3.7502954984643795,4.585634478144425,0.8706103526059595,0.729879460437223
35068,22.264173793267062,0.9247809972953835,1.0,0.6814980621124838,1.0051296153502254,0.9577019662458724,0.6388618566662441,0.9784693601843292,1.2355709154856074,0.917598369875504,1.200212302672447,1.2901413582024506,1.4363016985609116,1.2266222648467446,1.4757132016008596,0.9416377608069455,1.928065160861003,1.5408898108307707,1.473930163432622,1.9704910948849579,0.9622816050452592,0.6874926293444271,0.83791458568084,1.0047819039333694,1.076120951925275,0.8563524007772602,7180.0,12022.0,5.538461538461538,34.0,0.00821917808219178,0.38820301783264743,0.6529492455418381,0.5863376616572735,300.0,20.8363941087367,0.04398663544749959,-0.0071397639844157125,-6.160796847558437,0.029272143753047573,0.20315859279766343,0.07809617423160395,0.012326925489998938,5.091166914784962,11.16797361744005,13.9499349709037,15.897889885003938,17.051512868266123,17.81525409229941,18.340290623514964,18.955352932392294,19.41850739434729,19.817848347348324,20.186823917737584,20.480135800481744,20.765539624843097,20.838526336431155,20.90588171182881,21.198131663677856,21.638553270225003,22.070687486428593,22.26417379326705,22.264173793267055,15.63888888888889,31.315068493150687,47.43835616438356,79.67123287671232,114.53424657534246,148.54794520547946,156.42465753424656,187.23287671232876,211.05479452054794,223.3972602739726,237.5205479452055,270.43835616438355,289.43835616438355,236.0,175.02739726027397,157.6164383561644,155.84931506849315,156.1917808219178,109.0,36.0,730.0,150.0,2.4571957142309704,0.4232718215833458,1.2431045952929982,1.6057875558431416,1.8291342057564641,2.007282437097654,2.219814151600288,2.4127437046981473,2.799226655202984,3.2218886524950467,4.044751289607442,6.74861171427591,1.2577859028134522,0.682686035966035
35069,10.902965569422825,0.8055833109303161,1.0,0.5791405650183358,1.3677503881085162,1.1556612581202557,0.7583135346025291,1.5489274704268317,0.4299401366358589,0.23323437658620283,0.2446890797101401,0.37202954898321966,0.3075698453786043,0.1579732326928853,0.8542898396291646,0.5611027009734341,0.9439171206480039,0.7392216651951389,0.739934968017598,0.6094004649474598,0.8746792156321779,0.4776746696915459,1.244354710708863,0.7568647036371973,0.6299171093417442,0.8033653831227884,21718.0,32058.0,4.368421052631579,42.0,0.004635761589403974,0.44201457919151754,0.6918489065606361,0.5309962094335503,1029.0,10.805362173508506,0.006962689538670043,-5.1153144808510536e-05,-136.11459402417103,0.006691439535117634,0.040253800962211074,0.012499839365177918,0.003219984034202413,2.8322293590677443,5.307325086201685,6.579421540274902,7.610512150389033,8.289772735017225,8.796720463439527,9.22755665162521,9.596615816020789,9.893748695800207,10.191696560768888,10.381735571957215,10.589624607295043,10.769830476604225,10.85087104200427,10.902965569422818,10.902965569422818,10.902965569422818,10.902965569422818,10.902965569422818,10.90296556942282,66.00666666666666,164.0728476821192,244.46357615894038,331.33112582781456,426.78145695364236,522.682119205298,621.8675496688742,704.0198675496689,800.7549668874173,893.6092715231788,922.0264900662252,961.2913907284768,999.933774834437,938.0198675496689,830.0,679.0,528.0,377.0,226.0,75.0,1510.0,508.0,1.8015543586656277,0.3055185917281821,0.7742372839483947,0.9701934856309347,1.1519101398942233,1.2877661569826813,1.4709875693254428,1.6753510240828045,1.9964624333022793,2.369013213734307,3.0485574350179943,8.263596869899397,1.430756735350804,0.904388931707945
35070,24.80909373714678,0.500280523163089,1.0,0.8183020998007767,0.7968407957721133,0.957863317416481,0.7053489092621947,0.8111791554103724,1.2825795673077303,0.9589190148973483,1.933370169283501,1.3390006110340082,1.359495991707695,2.3834071134451382,0.908615904165129,0.7753545898404511,0.6002352626934191,0.9485861788880479,1.0992497183436256,0.7399540023803526,1.078211295586746,0.9344390231443014,0.8036542869827221,1.1256421203130147,1.3247897754910236,0.9907235431563284,15839.0,24875.0,9.733333333333333,70.0,0.005025125628140704,0.4350377200335289,0.6781223805532272,0.5603256210527803,320.0,21.611621713172614,0.03668620123083537,-0.011996900964436712,-3.057973166535837,0.020376205543993036,0.4956919886178907,0.030097193046138476,0.009146364352635402,9.035401521269932,13.23666659214708,14.9750315906947,16.344907232864568,17.34021450063816,18.211791985498273,18.84912531962911,19.379629277488572,19.813557492853498,20.30339042035968,20.74749821471807,21.245296725582154,21.652435239256693,21.940914789040907,22.425486211901784,22.91672151734435,23.293036451553835,23.635535945958342,24.25128977541393,24.804469534106435,24.932773109243698,65.94957983193277,99.11666666666666,135.87394957983193,169.52941176470588,212.31666666666666,246.14285714285714,258.87394957983196,270.4,277.5042016806723,293.29411764705884,297.3833333333333,312.29411764705884,266.73949579831935,261.6,249.03361344537817,208.60504201680672,154.55,119.33613445378151,58.86666666666667,1194.0,194.0,2.8009764191238564,0.5958851363473134,1.2229163172840345,1.7697256360740758,2.123003297381403,2.406290488524686,2.6688172103047267,3.011442173615238,3.338758983254011,3.8153775205498244,4.4526482946946135,5.656416283387319,1.4060745602715359,0.641298395337071
35071,23.038825826475477,1.2322703708486291,0.9999999999999998,0.594352583033006,1.3117542138160503,1.2012726819146942,0.7699683085188724,1.6861757092366108,0.9600596117151303,0.5645946724262373,0.980566119588724,0.7992020680807481,0.733270014076688,0.5815325853749013,0.7584659205206032,0.48486956736613307,0.7087384056808521,0.6313853065497947,0.6297266549825129,0.4203229840155402,0.8008520971146951,0.49060810724983817,0.8647907155220358,0.6666696988715556,0.6371796109291594,0.5128710553620512,910302.0,1357220.0,107.45098039215686,710.0,0.00023025558369790466,0.44028183932395404,0.6858550737986139,0.5421558062991348,22350.0,21.65578643098711,0.0003178358670596682,-6.311011409057245e-05,-5.036211257731624,0.0005021196770735417,0.10658004491987166,0.003118387229547247,0.00018771448010416556,13.925484734269633,17.17415841481181,18.401345811363132,19.20141688906728,19.81759453011778,20.287334748830173,20.67572760730669,21.00032376562828,21.285752251425155,21.55039965249467,21.761303147991732,21.938449858319597,22.079378785091713,22.24246171628149,22.40316313363903,22.555261646496124,22.684489034255837,22.86756364812847,22.987084344619905,23.038825826475467,1521.6925380009213,4465.676490904904,7398.682017038913,10237.122495970527,12943.988947731983,15207.893391664747,17299.17982961087,19152.369560211835,20597.38107299102,21930.351600276306,22148.916417223118,21680.02693990329,20080.23532120654,18781.26479392125,17179.180290122036,15001.526364264333,12284.334791618698,9689.719318443473,6283.63389362192,2171.0,43430.0,14673.0,1.9657935951715548,0.29384643740932037,1.0365200009705706,1.2351086860165061,1.4053835228099403,1.5745809422504249,1.753913552550804,1.9442805944065993,2.2016133514043714,2.5251698370819957,3.1180388770252283,12.382854718891904,0.9445173440361809,0.0420639619254507
35072,21.67541194411021,1.2246984101381186,1.0,0.6022997482868747,1.1933206943195005,1.1623746969640083,0.7685302788997381,1.4392116017391903,1.3569979190830872,0.36285356996040374,3.022886003348637,1.1674358729826215,0.4721395889305506,2.1003763447262953,0.9345005500888458,0.40564772810353605,1.0785830950981978,0.8039580976165912,0.5278227016432967,0.749426348283187,0.8300293030051381,0.4825364548873056,0.8728246607763968,0.7140806705213741,0.6278691525051247,0.6064602729172326,22102.0,32636.0,4.842105263157895,28.0,0.003968253968253968,0.42356055592322966,0.6810059563203177,0.5450220269845599,884.0,21.22495450304861,0.008134040231386428,-0.00046242308855147236,-17.590039149788314,0.013534555614806149,1.0408853717121815,0.08966031641458659,0.005047533406274126,12.94637763400446,16.11742947288233,17.15901561302956,17.987607175133746,18.692287615740305,19.262738934864316,19.667366779517405,19.994846052855166,20.28584384233005,20.550257716197876,20.738329457932164,21.026255826041517,21.219265712354993,21.375625813667934,21.415784217675387,21.415784217675387,21.415784217675387,21.605244139171973,21.675411944110206,21.675411944110206,48.271523178807946,161.58940397350995,265.18543046357615,344.7682119205298,437.18543046357615,527.523178807947,613.4473684210526,692.4039735099337,755.3112582781457,823.635761589404,807.7350993377484,854.4569536423841,861.4569536423841,848.6973684210526,741.0,590.0,439.0,352.87417218543044,227.0,75.5,1512.0,490.0,1.8107298003314962,0.3135086106703859,0.8102904179891712,0.9857232624127961,1.1128776463858479,1.328471966720857,1.4933729392244053,1.6922776961189703,2.0192587447860535,2.396653311262885,3.3389085197103605,6.605255647052415,1.1998976400831214,0.980897668551188
35073,38.256697802671994,0.11073367442335644,1.0,0.6486346723205034,1.1730999756347391,0.8919912251341809,0.5913298244919754,0.8152385641307763,0.8506982668458175,0.7061072772486957,0.5120041628596361,0.9537069904671408,1.1941005645289888,0.6280421282640686,1.2565669712325187,0.8042755887733681,1.898736198386059,1.4087212248567749,1.360113350386714,2.3290559131124144,1.1076612293245631,0.6988415162852784,1.579810516964167,1.241784894417475,1.1818134099454034,1.9378505709535374,18781.0,22911.0,1.152542372881356,16.0,0.009271523178807948,0.473474801061008,0.6989389920424404,0.4951340592672918,85.0,34.259219768404634,0.4322519187680082,-0.03166485065836261,-13.650843436201445,0.05059146436107246,0.09652742755377146,0.054673513612562785,0.03174881046980008,3.4366137448989633,7.850308359796576,11.413996726509566,14.089618650511142,17.15004082433757,19.508914214107225,21.566961554802266,23.14280725673959,24.880938565881166,26.374882311655934,27.47927506980964,28.564876242848783,29.743234807510344,30.936568962423262,32.168938896254765,33.12971794892776,34.10573909015393,34.96591229323652,36.035421528293746,36.69700506476229,11.96,20.186666666666667,31.736842105263158,33.64,33.6578947368421,41.413333333333334,46.31578947368421,49.18666666666667,58.421052631578945,60.74666666666667,72.57333333333334,70.26315789473684,62.266666666666666,64.92105263157895,75.74666666666667,71.36842105263158,74.98666666666666,67.5,67.53333333333333,30.763157894736842,755.0,101.0,2.0181117706040723,0.3082958249250257,0.7952251827035252,1.2919402156142659,1.53569994790749,1.7667261627480215,1.974647430291609,2.151457967208918,2.364420091845209,2.796219985991935,3.0371555568295454,4.495741283662368,0.8085058220575819,0.738075670381077
35074,29.03666281456926,2.189193915609575,1.0,0.5955400961688183,1.3084785808063628,1.1401990664660793,0.6942287542783563,1.5467731073245325,5.515031920826547,5.515031920826547,4.521150333941317,4.836902680441388,7.94411335865707,2.922956387418444,1.2449885953738633,0.6892562868192119,1.8657807443233132,1.0919045910400256,0.9928374222062968,1.2062407443523318,0.8455847003820653,0.5126278171727412,0.9820855025144605,0.7416114652705877,0.7384134033825962,0.6349253797237157,37782.0,53872.0,8.972972972972974,46.0,0.0027112516945323093,0.42540687160940327,0.6790235081374322,0.54994255884112,1111.0,28.467481978006166,0.0067873463302606405,-0.0003368226691066235,-20.15109715822619,0.01213719208813729,3.388732239704124,0.166758811210625,0.00443841061920436,19.622620846595694,23.434618681990496,24.578044298445544,25.41947345218514,26.03429392432405,26.604260205219216,26.973512487104,27.29523762918166,27.53293163793115,27.75435444392237,28.09172242696051,28.30559563737511,28.474683088137386,28.656491014324942,28.861337115315052,28.9976832299476,29.00284395499987,29.036662814569247,29.036662814569247,29.036662814569247,71.14027149321267,219.07239819004525,365.6561085972851,514.0225225225225,646.6108597285067,790.2171945701358,888.4932126696832,985.1036036036036,992.9230769230769,968.4751131221719,1061.3846153846155,1086.6351351351352,1069.4886877828055,1049.683257918552,1065.5339366515836,969.5,751.2036199095022,553.0,332.0,110.5,2213.0,654.0,1.9686784872648837,0.5065083672400503,0.9847947300554905,1.2132096407189301,1.3822887108522466,1.601717726662184,1.7426098653160809,1.9290571793496745,2.2525894338324246,2.5529536966757695,3.210870159063726,9.839234699702946,1.0073860534531207,0.904344522205647
35075,24.798482796929022,2.391906182255236,1.0,0.7352824076316582,0.8923735193082419,0.9990677587455092,0.7079929259695212,0.9388408585754463,1.033980481504183,0.5662938065431016,1.3432274829501896,1.0349453002091795,0.7998580010776551,1.4307296819061974,1.038494312177041,0.8641083131698224,0.6948082488990627,1.0394633427877185,1.2205041625048976,0.7400703138903995,0.9959651597188754,0.7465289370011572,0.8588959937345995,0.996894505903654,1.0544299379529323,0.9148472671266656,14162.0,21638.0,7.931034482758621,50.0,0.005649717514124294,0.43732327992459946,0.6823751178133836,0.5549781444603407,423.0,24.27617678554196,0.026373982024504895,-0.0010030488583961353,-26.293815903122226,0.021118356847006393,0.907178469571844,0.06767503788636964,0.008761650010650183,11.296992208380484,15.670397617598534,17.583207567270374,18.73308812609039,19.628603516789138,20.4678315290513,21.15128444569971,21.663388645645046,22.17199794923112,22.5669680970608,22.91187243499328,23.2385170488871,23.56985286811811,23.89783773494424,24.22100136440426,24.43752117402832,24.705365911042914,24.79848279692901,24.798482796929015,24.798482796929015,24.047169811320753,56.29245283018868,97.08490566037736,132.66981132075472,159.76415094339623,191.83962264150944,231.22429906542055,265.4811320754717,301.04716981132077,332.27358490566036,346.7830188679245,354.5377358490566,374.95283018867923,394.4485981308411,411.27358490566036,366.10377358490564,343.97169811320754,265.5,159.5,53.0,1062.0,194.0,2.5610172307261525,0.5028676515702883,1.3900358243733524,1.6697810173654906,1.8709422650176055,2.0593532700327883,2.4016850968025425,2.6267901093260235,3.0052293531481564,3.432687146919242,4.066959100009627,6.228187015206114,1.2282436431663781,0.464093454859685
35076,35.90545634561631,0.20823375534411548,1.0000000000000002,0.7694509560386235,0.7917891649300325,0.8812804239606435,0.6406445210785552,0.7171609913103755,0.7650065649793685,0.5478848737101142,0.4477676756191282,0.8680625873218447,0.8552088649532571,0.6243614488860867,1.098900813662261,0.8714045119166096,0.9942292319716381,1.246936597914645,1.360199741425337,1.386340367112009,1.1578903318495994,1.1340037931340412,0.7918758636173429,1.3138727473893246,1.770098324145335,1.1041814504863832,61535.0,83293.0,10.772727272727273,94.0,0.0025152712899748474,0.44284687275341483,0.6829618979151689,0.5368114792931595,421.0,28.334403263575965,0.04154451387254537,-0.01904658263506706,-2.1812056613272395,0.012831496258185547,0.0762033285287705,0.015069203842623525,0.006449845566042728,8.537134086401688,14.404803114383094,18.23982306714846,20.408476113488767,22.18981951506014,23.51567357112192,24.61192010012128,25.516072267461844,26.331166123459933,27.155352937493948,27.884477426722462,28.58430161900055,29.29744018194126,30.006064461756964,30.76835949975007,31.474726921814874,32.24733074431864,33.07712830959149,33.8881782097226,35.237155743362365,33.219424460431654,75.33453237410072,118.12589928057554,160.15412186379928,208.12589928057554,264.2769784172662,307.08273381294964,348.8888888888889,397.93884892086334,394.96043165467626,406.08273381294964,401.8100358422939,397.02517985611513,384.6654676258993,367.96043165467626,358.5017921146953,308.8956834532374,289.8021582733813,192.07553956834533,95.50179211469533,2783.0,298.0,2.49762123458333,0.37452375115523884,1.0260379391656846,1.3545237637158452,1.6471498939422309,1.933643106475682,2.2041699836020197,2.5823188741717034,3.0535225988964707,3.6510988934122186,4.313963108722442,6.588872857533301,1.7404971598559247,0.103428570281249
35077,21.927008103080432,3.741531474934474,1.0,0.627647465163264,1.193733604851181,1.1802557003752332,0.7817276058153031,1.5052031432534498,2.177624896783705,0.8394227008552199,5.591593187145457,1.8450450153228515,1.0738046022818186,3.7148428849672754,0.7577168152020329,0.477058655788692,0.7768298110600029,0.6419937772477062,0.6102620046162288,0.5160963252979325,0.8173437525028022,0.5394530687680145,0.7828333357194076,0.6925141325247978,0.690078058846843,0.5200848398624373,17190.0,25276.0,5.578947368421052,36.0,0.004288164665523156,0.4240343347639485,0.672961373390558,0.5541237311460399,598.0,20.318204280822748,0.01203199860168047,-0.002391401515394142,-5.031358608843819,0.015609851182957902,1.3057695556195252,0.07441626169394165,0.006827583797676013,12.060786553536404,15.423959292973482,17.003852515119746,17.97453693577589,18.514667721613243,18.983094634154032,19.330693759275746,19.65730753758792,19.967490676471037,20.196573234615506,20.38727085152452,20.556938024824515,20.78874843504169,21.017138163295336,21.16337533234814,21.164766828181197,21.164766828181197,21.50214909036115,21.924997069560764,21.927008103080425,35.775862068965516,105.84615384615384,185.27586206896552,252.52136752136752,328.32758620689657,400.3247863247863,447.7241379310345,509.7008547008547,576.1896551724138,583.7948717948718,581.1538461538462,555.5172413793103,551.5384615384615,557.0689655172414,522.2991452991453,406.5,290.0,222.74137931034483,174.72649572649573,58.0,1166.0,365.0,2.102047382421802,0.42179199845617565,1.0938769734862315,1.298897659898696,1.567699721614265,1.764062796441604,1.9752425545938794,2.139351621960693,2.366945408381176,2.614097924808483,3.401195825077428,5.8792432363148475,0.919267010704982,0.834790654012468
35078,13.002837258680689,1.304814364209237,1.0000000000000002,0.6380481032225428,1.1559209728467823,1.107078839298161,0.73934924982785,1.2943234891615287,0.3909477988793947,0.29747485294145043,0.19145713703330652,0.3531345600709325,0.40234686518004104,0.14792062311820806,0.8719057706576888,0.658992204408676,0.6494516244875562,0.7875733323657766,0.8913138203117346,0.5017691712512111,0.9299778542763959,0.5458006741734557,1.1302406854774978,0.8400285700212288,0.738217661410409,0.8732289067933667,23705.0,33193.0,4.4324324324324325,30.0,0.004936530324400564,0.43966125617501767,0.6817219477769937,0.5363480384445275,770.0,12.290662709516752,0.010821565432472013,-0.0008859265698260639,-12.214968825911425,0.008255485458342591,0.06856614073909188,0.013794815020375606,0.004134553766027965,3.7763419230645328,6.349377946892402,7.688343595888221,8.670803335346509,9.38189063302247,10.063820720470135,10.609219267805285,11.011249789270705,11.427194481180695,11.769555407092971,12.038378515540694,12.301694988518793,12.458821062381826,12.535534541693936,12.720726760093887,12.832458005950013,12.873425226922645,13.001616801387527,13.002837258680684,13.002837258680684,46.09929078014184,134.55633802816902,196.51408450704224,256.0774647887324,323.9078014184397,387.59859154929575,455.82394366197184,526.8661971830986,588.2978723404256,653.7957746478874,718.2746478873239,757.1619718309859,740.1347517730496,662.6408450704225,648.0633802816901,564.556338028169,441.3758865248227,354.2887323943662,212.5,70.5,1418.0,405.0,1.8954779977378617,0.3537939151914674,0.9592861234241606,1.1034492401454719,1.2530517211902834,1.4360312789836736,1.6093115371272038,1.815225773836226,2.2111438518948443,2.5088537186097586,3.1675922762048,6.574489239815052,1.0463895814646833,0.848227740738075
35079,29.889750683585792,0.874848142204604,1.0,0.7356132876433779,0.8905029572599023,0.9257958477665645,0.671955631968902,0.8349963919197687,0.8850893525811607,0.5521725932349726,0.6719004674521473,0.9560308082137048,0.8217396610205465,0.8046746955485137,1.0220495589559926,0.7967291929748948,0.8424491889628956,1.1039686140542055,1.1856872017582365,1.0089255440086295,1.105949508121665,0.8522234385432196,0.9824568683227668,1.194593290507526,1.268273376987873,1.1766001360364764,33975.0,49221.0,8.157894736842104,62.0,0.003976143141153081,0.45300845350571856,0.6911984087518648,0.526259224802407,398.0,26.31878280490926,0.043938744595673096,-0.012726979809988397,-3.452409389475817,0.01442809673862814,0.11565180821127487,0.01876620829309618,0.007151804932145674,7.974566413726371,13.30357136629313,16.149168906276856,17.789094192091667,19.18636041482415,20.40100564293479,21.43705012079384,22.428698181909052,23.248236782286604,23.878576567783476,24.462167891546205,25.172304116634898,25.813203571941916,26.342952723083908,26.797873170517168,27.31781707110559,27.892742425257683,28.521429861525217,29.530991930129,29.88975068358578,26.676616915422887,67.1592039800995,110.05970149253731,156.0547263681592,189.5820895522388,220.56218905472636,252.77722772277227,280.58706467661693,313.2089552238806,344.228855721393,337.3482587064677,329.681592039801,380.7412935323383,376.55940594059405,336.37810945273634,301.23880597014926,276.93532338308455,224.43283582089552,219.0547263681592,100.5,2012.0,253.0,2.100810894719388,0.26290450208085414,0.7316413132924727,1.1509773913855725,1.4494115783814163,1.7406794103955137,1.967102145518197,2.2358270843384607,2.5344742281996058,2.9991168799006043,3.65614781246104,6.055666693251593,1.1890758433363011,0.182408308084123
35080,19.941587027048403,4.495098052808834,1.0000000000000002,0.6123980161892908,1.2273229476307876,1.133529181753291,0.7650568122400121,1.3695046429947861,1.4821124135502484,0.5942598529046703,6.718356316198537,1.3075202980286618,0.7767525801969335,4.905683489693809,0.8135098132284849,0.4002203396145436,1.228911825886057,0.7176787561571067,0.5231249930874249,0.8973403866661703,0.8669795131920844,0.48984136607806206,1.0068716782295764,0.764849751685334,0.6402679621188576,0.7352086634973238,117481.0,168853.0,15.191489361702128,86.0,0.0013949163050216986,0.412029142768563,0.6688885444117191,0.5508677188497098,4239.0,19.633919335943308,0.0016107763424697329,-5.498782967849522e-05,-29.29332457541381,0.002394433262167039,0.22740458962687737,0.01564589263161029,0.0011044383208962277,11.616219566475685,14.732505241514874,16.021232064166767,16.82687572314547,17.41725123354907,17.888310836995036,18.290697697091726,18.63014089410983,18.916693016055305,19.183417756501548,19.40319462487171,19.584163202143507,19.726305587787337,19.771438403124485,19.892234231024524,19.941587027048396,19.941587027048396,19.941587027048396,19.941587027048396,19.9415870270484,231.04496124031007,695.1488372093023,1135.8821705426355,1581.9736434108527,2016.3596899224806,2416.8108527131785,2823.840557275542,3217.6837209302325,3532.631007751938,3900.350387596899,4123.449612403101,4162.930232558139,4092.764341085271,3641.314241486068,3392.694573643411,2903.0,2258.0,1613.0,968.0,322.5,6452.0,2087.0,1.8647054226450765,0.18239862035810323,0.7728857205702663,0.9356494763755844,1.1254066794445101,1.2961952706867306,1.4935670354702268,1.7209071717201727,2.0438931086808325,2.556928201230977,3.4909052154602085,9.798677145152931,1.5183676411007847,0.345877870144323
35081,14.787719765182345,2.569088037683252,1.0000000000000002,0.6474403232174176,1.0926791339830448,1.0883542914678255,0.7547218287311562,1.1834817246840343,0.7051745771484504,0.5671106415835252,0.3269315044223693,0.6479274099221919,0.7514167736965495,0.2762455030808806,0.9822164394393517,0.5917547056680632,1.1886632670905912,0.9024785836188238,0.7840699488749723,1.0043782191972084,0.9047192137096666,0.5588379596218371,0.9662026254731619,0.8312727030179697,0.7404555405020675,0.816406882608279,21020.0,35442.0,8.848484848484848,38.0,0.004632012352032939,0.40679711637487126,0.6642636457260556,0.5742680431303097,1123.0,13.672643249865136,0.006482087338022775,-0.0011233641380060508,-5.7702459235776855,0.006291777408598915,0.1228585563094168,0.017625248085080505,0.003020548107156222,5.908863437470491,9.100078877769825,10.424620758250379,11.268003792672621,11.883259049526892,12.319001794636035,12.717106631685278,12.977181693445813,13.31346490999987,13.625100685637447,13.683692018290392,13.69225392882362,13.899143091758045,14.2456061060009,14.455523139756615,14.68506690412184,14.787719765182343,14.787719765182343,14.787719765182343,14.787719765182343,64.40721649484536,199.05670103092783,335.4381443298969,469.6461538461538,611.4896907216495,745.2525773195877,868.2835051546392,893.5692307692308,995.7886597938144,1085.3865979381444,947.5,759.9435897435898,734.9123711340206,822.8505154639175,803.5103092783505,807.774358974359,679.5,485.5,291.5,97.0,1943.0,559.0,2.1067847167898477,0.3732645887108176,0.9084245927055945,1.2325255294269404,1.437028382292836,1.601645874573894,1.8225037551222203,2.0564712542092676,2.3842463712129724,2.8551002471209443,3.7468989618879913,9.245630748219238,1.3608254848332277,0.622859229254536
35082,17.721676337064824,1.2776297950365652,1.0,0.6441130181285757,1.0920424991947433,1.1039875765243996,0.7314733737278312,1.300183002274075,0.5506517526961456,0.433666922562729,0.24793778808399508,0.4987843743946112,0.5928676806820984,0.19069453119317928,0.9647405765233482,0.6614906516588283,0.9699431574268266,0.8738690516432873,0.9043263574826412,0.746005105227768,0.8907857323075028,0.574810588811197,0.8528623838002352,0.806880214279128,0.7858257175948474,0.6559556480191964,75188.0,116612.0,20.91891891891892,150.0,0.0014675052410901468,0.41350387921996223,0.6670161459425457,0.5685533553260135,2433.0,16.507181313437226,0.0030311424429661066,-0.0005462965981236949,-5.548528863948338,0.003448112086816578,0.12225932942035043,0.01047288411848598,0.001418186888505395,8.413218110197084,11.737812438751092,13.081842224222067,13.907649030886985,14.467526241868606,14.95557495275862,15.325014195482195,15.631415884530131,15.907606797995713,16.195525142922975,16.449750327878576,16.60361219172901,16.8142806487566,17.041668706153242,17.125878996421417,17.203008091441504,17.466907863462787,17.719226692537664,17.721676337064817,17.721676337064817,161.72268907563026,474.9475890985325,772.1278825995807,1088.817610062893,1402.7610062893082,1694.9895178197064,1889.1425576519916,2012.6163522012578,2091.8846960167716,2255.8616352201257,2372.454926624738,2236.712788259958,2195.0041928721175,2162.0167714884697,1852.2117400419288,1493.7190775681343,1347.5283018867924,1189.3920335429768,715.0,238.0,4770.0,1402.0,2.198757504582221,0.22472451900532725,1.1241428472028898,1.3669717233972514,1.5651301679864371,1.7744724620057033,1.963105569677176,2.198055839934402,2.500769565095219,2.8602138297461632,3.5730311063440494,9.675609324431207,1.1543057024970806,0.316057791076601
35083,29.67674598061155,0.9518780467437917,1.0,0.6854733025863726,1.018743680786418,1.0254554177672146,0.7015963498068665,1.093770218956635,1.9105583075060508,0.6564159086681145,6.3409154415129905,1.8631315164008042,0.9356033691577941,5.79730123531951,1.077516311159967,0.822427681053718,1.07155271417929,1.050768558526033,1.1722234320063292,0.9796872282749309,0.9682609307215326,0.659210561239604,0.9200342233603178,0.9442252817092576,0.9395866461122121,0.8411585974958737,55087.0,82491.0,16.62857142857143,118.0,0.0020655060489820007,0.3987603305785124,0.6573199527744983,0.5901092770383515,1642.0,28.75136987126419,0.005403490428598742,-0.00039935996792213525,-13.530375757773202,0.008478414384258488,1.213674594742929,0.0837595380551693,0.003032696297925346,18.34192506556176,23.033336629271844,24.546477450478218,25.546089558704118,26.211695193075798,26.74841886278074,27.223193115547044,27.598531683508057,27.931112359860535,28.266110407632823,28.5702477935675,28.783349436803718,28.915562013693382,29.147704328470237,29.44462868904458,29.66865759227529,29.676745980611535,29.676745980611535,29.676745980611535,29.676745980611543,76.96745562130178,266.5929203539823,450.36578171091446,621.3480825958702,820.1592920353983,1014.2035398230089,1181.3047337278106,1282.796460176991,1347.9675516224188,1474.5545722713864,1582.244837758112,1535.0973451327434,1390.504424778761,1391.2810650887575,1498.9734513274336,1511.377581120944,1186.0,847.0,508.0,169.0,3389.0,752.0,2.5165948997226066,0.22923440176158288,1.1439564296911384,1.4961259631667936,1.7153805527435717,1.9821548707904149,2.2482912618291913,2.522729595022753,2.9097932711536676,3.3293625525421446,4.038213503182308,9.423277731552805,1.8503103909976615,0.25410941780312
35084,19.53336013422186,0.6325447540681187,1.0,0.759173388320227,0.8369336530127065,1.0546680112366158,0.7605575438508592,0.9361651351096465,0.7706680375918019,0.5755613262956919,0.4338297866127466,0.730720975113468,0.7567623659105485,0.46341160372516454,0.8838823932056981,0.7017050886263858,0.627885195854689,0.8380669402965311,0.9226193261768317,0.6706991878961068,0.9848887842438349,0.7804352209638471,0.7929577096386673,0.9338377325856658,1.0261356649127995,0.8470276021823796,10433.0,14929.0,4.0625,54.0,0.00727802037845706,0.43002915451895046,0.6632653061224489,0.5576639363598053,215.0,17.15834679986308,0.054214706565742295,-0.009078615159146007,-5.971693437310772,0.027552209008970468,0.15498304314142444,0.035907353812774004,0.013285124832833471,3.703310046669582,8.196986509006729,9.901148024937658,11.191280863676617,12.358516249404127,13.426730963765884,14.083832555112037,14.662107839461791,15.206990612903967,15.752220647399142,16.15108680601217,16.597371512861983,16.94631489422032,17.276878061310697,17.579801608083628,17.888607711548836,18.169544230128476,18.524429680176034,18.86216039461426,19.00900984734724,11.705882352941176,32.52173913043478,52.6764705882353,73.95652173913044,90.26086956521739,108.58823529411765,124.44927536231884,140.7536231884058,161.14705882352942,184.33333333333334,199.59420289855072,199.5,208.53623188405797,208.8695652173913,196.88235294117646,197.0,164.43478260869566,135.64705882352942,99.95652173913044,32.43478260869565,687.0,103.0,2.2573148002000276,0.3240799210076791,1.0590759694243583,1.4528141639384629,1.6770409272257103,1.9912721152323343,2.1863174115620696,2.4017598592226284,2.6110263508168794,2.9586467737632454,3.36137446995842,5.868714729973554,0.9797567657173755,0.870588736513164
35085,22.230261205947365,2.108574651356069,1.0000000000000002,0.6742886265122916,1.0099420663826117,1.0592212817725999,0.693934330986212,1.212656067271323,0.6551921516563481,0.467742355792123,0.41820494610492254,0.6185602224304712,0.6740441204679591,0.3448669061178682,1.0685304701572316,0.8246767627876421,0.8522382628649134,1.0087887097293333,1.1884074990433466,0.7027864584742406,0.9266665198267876,0.6508974961674463,0.7958568294002677,0.8748564023147432,0.9379814012694799,0.6562922916726731,24290.0,35714.0,8.294117647058824,74.0,0.005194805194805195,0.40675763482781024,0.6673164392462638,0.5673096686166496,577.0,20.804959057137538,0.01754686517994564,-0.0027489870043309094,-6.383029513162964,0.013074520178421893,0.24501811394248368,0.034770796164106076,0.005686932781060235,8.620622855435625,12.981880431675913,15.226125637644953,16.63479082800705,17.552561279706108,18.190320368653722,18.72327695847411,19.106185170206302,19.480744783618913,19.839496191156307,20.185565243970984,20.46444699557635,20.747521081880976,20.949775164821254,21.18343254002944,21.393488163902855,21.76087751234329,21.939467423381505,22.117129794264994,22.230261205947357,33.16339869281046,91.33116883116882,144.4090909090909,209.78571428571428,293.14935064935065,348.7857142857143,407.47402597402595,432.6168831168831,496.9415584415584,519.0974025974026,545.3051948051948,551.538961038961,562.0584415584416,527.4350649350649,500.47402597402595,434.9805194805195,417.22727272727275,328.5,209.56493506493507,76.5,1540.0,376.0,2.418283381857068,0.27844989210082477,1.3489150381211652,1.625016630878414,1.817854410301644,2.010403907953838,2.1886479318858267,2.4803179389511487,2.741037429865957,3.055988701859941,3.7523313150702107,7.685650732312993,1.0713337123985078,0.672382757365704
35086,22.51244635113804,0.062322548871167525,1.0,0.6239389532906837,1.2171620113903254,1.096875771818665,0.6888403289979981,1.381439074470775,1.3943188282142913,0.8161053437878178,2.4064826864228346,1.2711729660164282,1.1847525608364746,1.7420114508812128,0.8366448879489033,0.5544538324026801,0.7481998968011613,0.762752637485749,0.8049090755316265,0.5416090442409083,0.9050945279222512,0.5797585804891198,1.0439182343692799,0.825156823750029,0.8416443638432858,0.7556744656069626,24844.0,38612.0,8.457142857142857,54.0,0.00326619488296135,0.39161220043572986,0.6595860566448801,0.5781494040222129,1132.0,21.98763038527453,0.00636580157896682,-0.00044389541942119404,-14.340768794747515,0.012227736275744484,1.4923015011705212,0.07931785311915611,0.0043028056607173374,13.652048382153454,17.04310661177043,18.337037961849056,19.189208882127335,19.772086622158074,20.18752161389803,20.574139582624387,20.95977985213166,21.267437391360957,21.523345693405496,21.77481140684575,21.96591291525866,22.018991122585174,22.163160544865757,22.378704607173653,22.512446351138014,22.51244635113802,22.512446351138017,22.512446351138035,22.512446351138035,61.721311475409834,175.67391304347825,295.91256830601094,429.45652173913044,568.1847826086956,661.6229508196722,753.3152173913044,867.7717391304348,946.6010928961749,1018.0978260869565,1071.5108695652175,1095.2622950819673,968.6304347826087,911.5217391304348,900.3715846994536,826.5,642.5,459.0,275.5,91.5,1837.0,536.0,2.140287063053663,0.5590806109680554,1.046168892035571,1.2751217383562725,1.5014740898751286,1.6550721868585707,1.8676713977502997,2.0756700608385357,2.366186552688589,2.7892684067154927,3.690955199080241,7.806083997303008,1.251743310087673,0.797528102111537
35087,28.262079450321384,0.9479839764342274,1.0,0.6185303300965808,1.2026279849763213,1.1032774038223185,0.7182057105218441,1.3813177033142754,1.5085982708050254,0.8486648918338626,2.2748284659778273,1.3673789253531954,1.1816459816467173,1.6468539138531997,0.9624076386637653,0.5904979421358922,1.0534063255614472,0.8723170032572877,0.822184972195278,0.762609733469678,0.8946564330857844,0.5436525892261765,1.0002247206899646,0.8109079638414018,0.7569594355232315,0.7241091012517016,468545.0,722765.0,63.17391304347826,348.0,0.0003917727717923604,0.4069895000783576,0.6641592226923679,0.5703629911151827,13824.0,27.250121217684192,0.0005065944411215622,-6.627158435655943e-05,-7.644218046696216,0.001070133814209652,0.7134839010668101,0.014117566120537897,0.0003787566360504439,19.232913933912943,22.728996562339468,24.0086406193694,24.840159495684617,25.45184536317131,25.942584288743696,26.340777269583867,26.665250798602035,26.922100639315612,27.146482592076588,27.325964295116115,27.491612020816465,27.694948188043426,27.819905378252393,27.96009966353767,28.10563919359373,28.148055761088234,28.261090064037607,28.262079450321373,28.262079450321377,880.4059561128527,2621.5289968652037,4341.197023110067,6108.416144200627,7797.10732471602,9489.71394984326,11012.496670583627,12287.019592476488,13040.441441441442,13556.641065830721,13457.455329153605,13085.081081081082,13147.064263322884,12144.194672933803,11208.127742946708,10251.855855855856,8123.442789968652,6374.681942812377,3828.5,1276.0,25525.0,7639.0,2.1323007348930325,0.25810793258653214,1.0042835635520888,1.238062314449384,1.4362602048287179,1.6179957544714,1.829846759528142,2.079052640572142,2.399059939767679,2.8508938592805273,3.6120990072598853,12.148429898929999,1.4050147357537373,0.0553098195325583
35088,14.208323579830148,1.4473961429724613,1.0,0.6888097079666747,1.0213322134921332,1.1001532018182636,0.7648335662689254,1.2844297239505684,1.4687707443120803,1.3266714243186248,1.5764172666665328,1.3350601915120448,1.7345883899820238,1.2273285468806245,0.7590308439803679,0.6074254765712599,0.3383812934462432,0.6899319501373897,0.794193015788328,0.2634486629641918,0.9180378518466323,0.6352071167133023,0.7938781857168381,0.8344636459080039,0.8305167878706244,0.6180783353993687,6750.0,12098.0,8.909090909090908,54.0,0.006361323155216285,0.4,0.6522292993630573,0.5902355101102102,463.0,13.291214150369289,0.01480447171036019,-0.002264574518224748,-6.537418659097938,0.016255958518290047,0.4220030343289148,0.034943723003549504,0.007336295087227246,6.009979865064631,8.661886596813861,9.751063394186495,10.590223507052329,11.2518678770388,11.694806851595184,12.082006646205754,12.378873893727546,12.63541487164627,12.893397012707098,13.185105824679582,13.338208096033087,13.46813465155234,13.662410478613468,13.784542221730828,13.913640925424765,14.115952518251746,14.208323579830152,14.208323579830152,14.208323579830155,26.371794871794872,79.43037974683544,133.32051282051282,188.0253164556962,242.44871794871796,295.53164556962025,340.2692307692308,369.8987341772152,382.0897435897436,408.59493670886076,445.24050632911394,424.0128205128205,400.69620253164555,386.2692307692308,344.88607594936707,295.5769230769231,257.9873417721519,196.5,118.0,39.0,786.0,212.0,2.325639383692573,0.395281690538395,1.386211768063441,1.5943995930089547,1.8096950446349493,1.9916865739505132,2.2055139855406476,2.4194429165980886,2.6483544867604403,2.9328352565998217,3.368542415312047,6.824031227376398,0.8090273507202531,0.983623904979322
35089,16.740343284985634,3.324669293616286,0.9999999999999999,0.6559335853621996,1.112587663382924,1.078194397440582,0.7138600853908935,1.293916945418402,0.6783437168699915,0.5128725475859782,0.3522414901024687,0.6291478776742337,0.7184496767390222,0.2722288253119427,0.8838153261515297,0.5930091292119268,0.778590951934954,0.8197179731684106,0.8307077834267881,0.6017317840158498,0.9305394034777488,0.6032922034675607,0.9451418826983291,0.8630534583435633,0.84511267097559,0.7304501931479901,69494.0,118996.0,24.666666666666668,142.0,0.0012259194395796847,0.3897355053424418,0.65230338062708,0.5892254841885259,3090.0,16.25347495568171,0.002424383072247291,-0.00010194734808744562,-23.780736995412276,0.0023499166213643984,0.07532956884316575,0.008350149341224479,0.0011225854579777332,8.003379568169505,11.071812829302328,12.331608028942718,13.101859132167624,13.638191885576566,14.166287819373997,14.610834862941436,14.965156893062515,15.219688783528275,15.510284364244352,15.79794658038857,16.06164530096173,16.26333668329819,16.44519073343947,16.59995234027712,16.73928873886302,16.740343284985627,16.740343284985627,16.740343284985627,16.74034328498563,207.61929824561403,586.8178633975482,957.8283712784588,1277.402802101576,1531.1663747810858,1844.8879159369528,2197.401050788091,2472.6077057793345,2484.9316987740804,2621.6584938704027,2814.3782837127847,2980.313485113835,3023.936952714536,2917.938704028021,2787.523642732049,2566.5061295971977,1998.0,1427.0,856.0,285.0,5710.0,1543.0,2.249194811437285,0.3107022239169057,1.1177925143604632,1.3649856552699462,1.559012402500717,1.7574925372138315,1.98900919834015,2.2493024012316445,2.578611485800637,3.0128283953280692,3.646147033964714,9.494292101750226,1.32286521671288,0.285191793593112
35090,20.524522991126585,1.255649368696915,1.0,0.7423160184627868,0.9660676611467899,1.0586480970179446,0.7151371005304868,1.1618220834359423,0.6652573822568292,0.5029524436700614,0.4087294733835698,0.6284027564313024,0.7032951350125348,0.35180039974348215,0.8782324077705328,0.6586944945119366,0.7383797767023227,0.8295791682282184,0.9210744261811039,0.6355360147042975,0.9773870347492242,0.7895218292231835,0.7870801501116025,0.9232407232416316,1.1040146408814733,0.6774532532415912,16359.0,21495.0,5.111111111111111,58.0,0.006493506493506494,0.4447334200260078,0.6775032509752926,0.556796609612029,238.0,18.964939135470743,0.05328411229809377,-0.006384667814632802,-8.345635802065338,0.025057052825006074,0.15903931601567955,0.044301525980105824,0.011749093641567232,4.199133364685718,9.736303993620039,11.730738041698551,13.20370105717969,14.260342243695657,15.151460642594389,15.88928728062396,16.43372919648223,16.955641345374932,17.464459337548593,17.915498937854558,18.305082139286334,18.651369291025205,19.004740660239804,19.34579539248949,19.66976078945994,20.037527839942232,20.37069570765536,20.522030171874533,20.524522991126585,12.81578947368421,33.81818181818182,64.68831168831169,84.20779220779221,97.28571428571429,126.02597402597402,143.15584415584416,168.1818181818182,174.35064935064935,197.74025974025975,199.93506493506493,224.93506493506493,225.2077922077922,228.5194805194805,223.5194805194805,202.15584415584416,197.41558441558442,173.27272727272728,115.0,38.0,770.0,142.0,2.294465861362208,0.42647536278379244,1.1653613172423345,1.4049286456010828,1.6967722779898624,1.9592479375110432,2.2108435378721447,2.444502726689562,2.7677132822754418,3.140828571583634,3.6109217850674717,5.31301344243629,0.8712036071257901,0.73587366380496
35091,27.07853183899722,1.3810601858052132,1.0,0.6695523529712055,0.984263458049131,1.0489780018608403,0.6950676961171237,1.1214023483088824,1.1772224151954613,0.7179716037679641,1.046363773275931,1.1222565326509433,1.0329520531291976,0.9330850562725213,1.0163485579642653,0.8126775212219867,0.6773779875482951,0.9688940627556614,1.1692062884836543,0.6040454512778639,0.9447182695790912,0.6425041188400655,0.8533439784438602,0.9006082757724213,0.9243763196438338,0.7609614691201027,68739.0,103675.0,16.2,88.0,0.00166073546856465,0.41599430469862364,0.6684859990507831,0.5727373535027622,1716.0,24.99409139820665,0.005245020891695744,-0.001336761070834691,-3.9236786633984515,0.006098118569813005,0.45106586414668753,0.029440353112298354,0.0023179535132187836,14.655189130711712,19.053137939509718,20.6046132892388,21.59184251819969,22.302410625280274,22.854350668026473,23.355950035930775,23.789888667890285,24.180060898690837,24.504552029134185,24.81875711258043,25.0473597223503,25.25314559821953,25.47919979390531,25.68108409504518,25.939405291454914,26.160300678846657,26.399572900493034,26.713664055183585,27.02699166079713,96.27553444180522,294.19239904988126,529.2251184834123,729.9287410926365,921.8696682464455,1083.3800475059381,1255.5758293838862,1392.2802850356295,1520.7464454976302,1584.2636579572447,1654.9928741092638,1608.755924170616,1514.7957244655581,1438.1635071090047,1327.6009501187648,1211.9170616113745,985.9691211401425,764.5947867298578,502.31353919239905,200.14454976303318,4215.0,995.0,2.3244472565263465,0.4545867229737694,1.2843591459174364,1.5340040127428562,1.7475288533392896,1.9443359026531362,2.154732327826536,2.3869984246614906,2.6323471914314385,3.045500526026443,3.649313487811719,6.446087695984563,0.9250452121365442,0.144938393053599
35092,21.59458505534239,0.4745375002279018,1.0,0.6155075479706821,1.235355531676478,1.1380492985954926,0.7454903319549306,1.469600417598362,0.9769896535458752,0.6754654416643053,2.0168866135930683,0.858477444475923,0.9060686808546583,1.3724047635268692,0.7547133788709617,0.44249141292597677,0.727084115806536,0.6631640472889712,0.5935575472395637,0.4947495299400808,0.8675486403587387,0.5314394173712822,0.971782892320539,0.7623120030295801,0.7128723131494761,0.6612565434001699,53962.0,78918.0,10.380952380952381,70.0,0.0021027335536197055,0.41256009615384615,0.6670673076923077,0.5632924663968548,2025.0,21.258282994521046,0.0035467268637246227,-7.994446046904043e-05,-44.364885858453455,0.0063461681355512275,0.7120214275511765,0.040001080486736514,0.00229240567948626,12.968075325402445,16.221654620168867,17.573266386181214,18.372363486295,18.98418889728557,19.4550536083655,19.852915500849367,20.20166383456691,20.431114916611122,20.65275382433444,20.888314078183477,21.11079616113072,21.303604800957068,21.47607569254191,21.593512766396728,21.594585055342375,21.594585055342378,21.594585055342378,21.594585055342378,21.59458505534238,115.3132530120482,347.12312312312315,578.6396396396397,799.9399399399399,1025.6606606606606,1210.7987987987988,1388.813253012048,1605.936936936937,1712.03003003003,1781.990990990991,1878.7927927927929,1959.6906906906906,1994.132132132132,1962.9397590361446,1829.5165165165165,1498.0,1165.0,832.0,499.0,166.0,3329.0,1005.0,2.0353956850154975,0.3217309807984313,0.8950664365440795,1.115908655142184,1.3204501624243536,1.5309069015571612,1.8024279786484758,2.038236682883786,2.323278663623317,2.7765531919015385,3.5495017496365397,6.625887666801026,1.2713572865372604,0.29567454707576
35093,33.80620158584583,0.2953249525572632,1.0000000000000002,0.30970548842017687,2.8094382425283246,0.8646242245753684,0.2815529448521006,2.850305799709367,0.5754665177062128,0.28149915999157443,0.723759255267088,0.6655683490580364,0.9998089707051212,0.25392337037692114,1.1331188066195614,0.34237185940355014,2.032465408938461,1.3105332633677427,1.2160123545622925,0.7130692465158309,2.1303388760510167,0.534011619484245,7.031597080440988,2.463889878978654,1.896665011849763,2.4669623452886946,34597.0,44171.0,2.903225806451613,38.0,0.005594405594405594,0.48845346396081174,0.7186843946815955,0.4895604978631552,180.0,22.775116905735718,0.12374058123528585,-0.06020550598573121,-2.0553034013967517,0.023450578469761063,0.02713123070198743,0.014508485668987473,0.0420885181954749,2.9253001172878434,5.245760527008226,6.850341191605999,8.855070543119615,10.307590471860594,11.527359322683601,12.837432642050803,14.16991182864365,15.344413408347343,16.5956191678014,17.77836382970095,18.961032333520333,19.997614879751904,20.99053219794157,21.764408473267974,22.540594880090232,23.815488366670206,25.5727788551532,27.9476139072985,31.259194912376508,16.866197183098592,37.11188811188811,50.0,52.38461538461539,77.48251748251748,73.18181818181819,78.01398601398601,92.74825174825175,108.64335664335664,110.8881118881119,123.07692307692308,132.07692307692307,153.51048951048952,159.6013986013986,171.04895104895104,170.87412587412587,163.37062937062936,151.2937062937063,106.96503496503496,45.25174825174825,1430.0,153.0,0.9187895326971508,0.23753893725854033,0.37369255836045906,0.44757499443187404,0.5285212347765312,0.6146734803903487,0.69919190897114,0.8546336738630721,0.957139350192651,1.1219627555694165,1.4624766853079347,4.309477604299215,0.5262947492681859,0.315996523094363
35094,28.623068326272495,1.3056261854036122,1.0,0.6201681752335994,1.1717668848465772,1.1403585973288703,0.7429212332513874,1.4596556398556866,1.1349841952587876,0.8318579300797911,0.8038486297828962,0.9952870947062866,1.1197121482706494,0.5507111457208984,0.8786284184302925,0.4959465516968371,1.336441456017655,0.770484320009825,0.6675627637217098,0.9155868134416871,0.8569889354598553,0.550002193601436,0.8162902621969343,0.7515082864874535,0.7403236964898108,0.5592348221787705,72448.0,96628.0,7.183673469387755,50.0,0.0024638127502309825,0.45933456561922364,0.6965495995070856,0.5227101192633907,1324.0,27.369873397389036,0.007371629535368131,-0.001000378594680204,-7.368839731846378,0.008415724627501196,0.5657354776205132,0.05509702264655443,0.003112860282061566,16.200120536433317,20.901349600227128,22.493878054109654,23.61265661765276,24.352633237499102,24.924396573844042,25.41588597723961,25.81953947085895,26.10927179365545,26.455097372002133,26.849806045982344,27.187147916174222,27.43430726611221,27.64260722079534,27.89546170887307,28.149018983154434,28.27358210450841,28.514735941632935,28.623068326272485,28.623068326272488,70.69135802469135,228.1476923076923,379.45061728395063,538.84,701.9692307692308,845.9629629629629,967.48,1051.5015384615385,1050.2345679012346,1098.9138461538462,1204.5723076923077,1291.0,1275.2646153846154,1190.4923076923078,1145.4259259259259,1084.6615384615384,869.7476923076923,733.2345679012345,487.0,162.0,3247.0,891.0,2.0103097106527104,0.31556779407448543,1.1764952696192352,1.3835641314043592,1.5191922321120792,1.6569775678447038,1.8217837459310382,2.000894824439479,2.201920420991847,2.485982125035299,3.0148773388314893,8.720651450512047,0.8003900504673691,0.239910748358816
35095,23.03199541999947,1.8341855332579393,0.9999999999999999,0.7031184007289186,0.9617600267563663,1.0548542524971856,0.7048289556675766,1.1276040235379692,0.7867781021525018,0.49805820484427654,0.7670685231476472,0.7458642748891046,0.7066369802763597,0.6802640883994843,1.0246317853652198,0.7404747745448355,0.9010675800593124,0.9713491536291206,1.0505737152122205,0.7990992948323505,0.9342101375532784,0.7020150601726596,0.7652381439331332,0.8856295884874114,0.9960076902739448,0.6786408419616337,61685.0,90667.0,12.975609756097562,88.0,0.0027839643652561247,0.4296853244221665,0.6755778334725703,0.5538547572526262,1178.0,21.048677689146132,0.008986919588327738,-0.0019479691290075023,-4.613481525195734,0.005903038119393353,0.07464921762436923,0.012640432819677925,0.002655264939377182,7.713747485519137,12.742756075985488,14.775018737612399,16.061928405179966,16.951145688515982,17.652042833233153,18.250088524286127,18.788327236160764,19.24381039569201,19.62714993187109,19.95632045701243,20.309217345018332,20.61697629455817,20.945783282784113,21.17337707060507,21.451044691714934,21.70894662944542,21.99033540452762,22.403695093866506,22.98238891595545,64.21448467966574,190.52924791086352,317.016713091922,435.1476323119777,579.7632311977716,709.5543175487466,815.9944444444444,924.1030640668523,1003.816155988858,1080.442896935933,1096.1727019498608,1149.16713091922,1151.091922005571,1158.6722222222222,1043.7855153203343,928.5125348189415,781.3899721448468,603.175487465181,399.53481894150417,168.54444444444445,3592.0,669.0,2.452234915291978,0.4698415035300149,1.2983060888267406,1.6751081620661292,1.887288899431392,2.0621379442626147,2.3039430343605822,2.5497346220817843,2.764694096826923,3.061892467572295,3.822157122607539,7.6621720100348,1.0723123160015806,0.241619192035869
35096,41.984714932551846,0.3810066180164104,0.9999999999999997,0.6358995479300233,1.1290277847440018,1.1053071428629189,0.7304906371755748,1.3377713658546828,1.8964031086977589,1.4338673118591183,2.3020794649868828,1.7157250099603785,1.9628825324895787,1.7208317682267906,0.841842771630516,0.5502554946488978,0.9078757513550451,0.7616369595242198,0.7532683742209865,0.6786479173704069,0.8951895464458549,0.5746187022030427,0.8975269941766629,0.8099011684002816,0.7866202151813918,0.6709120983489177,2547567.0,3432233.0,125.6,914.0,0.00012166190157552162,0.4232304061123683,0.6736258121030733,0.5554583392645126,32954.0,40.43835124690242,0.000253260332363758,-4.856816895387845e-05,-5.214533259515308,0.0005061647847109939,1.0550465827083764,0.013301310619513968,0.00017227443314756896,30.324260628209572,34.52911365478595,36.031229641922394,37.011782925357416,37.73511797863043,38.316770906749895,38.79789572777577,39.21304465162907,39.56643026269779,39.87924179086599,40.14097780796653,40.409626324019925,40.630287889319035,40.86063848483538,41.08286301817054,41.28733021577539,41.45903673044242,41.63701011225261,41.91274313993142,41.98471493255182,1991.3285071176542,6204.404185424018,10365.971289537712,14539.848035040759,18508.786861313867,22193.627935271932,25613.761557177615,28555.820294439713,30842.659610705596,32250.5236646794,32368.49531573184,32838.8503649635,31693.16705195279,30464.21411192214,28623.351867623798,25603.057664233576,21132.779170215355,16148.785644768857,11499.14040637547,4109.5,82195.0,21211.0,2.1540724522425734,0.09950233677749414,1.2044569709569017,1.4213259684016024,1.6049465219312513,1.7744282810517442,1.9570264838680056,2.156865465787735,2.4041405042839634,2.7279469066181194,3.324702640194741,10.537572205946066,0.9350218847229086,0.0101177044049837
35097,17.964014054869036,0.9715972812781186,1.0,0.6519813438383674,1.1003957355809262,1.1310517224923107,0.7156932928362166,1.3970761325632306,0.732512008529018,0.5396707065346241,0.5388068845389801,0.6476379408316563,0.7540530447001484,0.3856675180259685,0.7082719956008684,0.4294561057053321,0.6593227964634096,0.626206548751075,0.6000560715099663,0.47193047042736536,0.9102835690052403,0.6603083986565953,0.7942812138695473,0.804811619931403,0.9226136464683958,0.5685310881464068,12853.0,17277.0,2.6666666666666665,34.0,0.008356545961002786,0.4476987447698745,0.6875871687587168,0.542834497680878,303.0,17.01740274583489,0.03306645509406248,-0.002653111599281949,-12.463273351566421,0.023699326044059856,0.27848383978063224,0.04085497565943996,0.010506866324148375,6.03487761415752,10.260785967429715,11.609475016741142,12.535640956247022,13.257689389549576,13.88417475131957,14.516190935063415,14.990314978050204,15.454197415776674,15.817953832168131,16.18854460916667,16.605232187571495,16.894117824235707,17.134586053677328,17.41044061217069,17.620893802008716,17.904197113375226,17.96401405486903,17.96401405486903,17.964014054869036,13.67605633802817,45.416666666666664,83.16666666666667,112.27777777777777,136.4788732394366,160.08333333333334,185.22222222222223,206.22222222222223,229.73239436619718,238.13888888888889,253.44444444444446,272.77777777777777,291.1830985915493,290.6666666666667,272.9166666666667,250.33333333333334,240.46478873239437,179.5,107.5,35.5,718.0,143.0,2.1678903073554054,0.6252420202892214,0.8153839688430793,1.086091329877959,1.3185554427821697,1.526282420543959,1.6941207104131746,2.0087023881759984,2.332600125744782,3.014099458600391,3.7010311264914257,8.855899754603863,2.3323124590310966,0.749335411745124
35098,20.65916379980796,1.2974669606991158,1.0,0.748491704080939,0.8740960800842821,0.8891520317694412,0.6311082065071012,0.7843312792100039,0.9450399081483619,0.8155384128641742,0.49037513303435865,1.0628552535247566,1.2922323057369367,0.6252143017020506,1.1083520475556263,0.9466399251164929,0.9504631262143411,1.2465270369454928,1.4999645312104515,1.2118133643371574,1.122995095478615,0.9624798463196752,0.9631793802725976,1.2629955905783834,1.5250631134184838,1.2280262254015084,6752.0,11184.0,5.28,34.0,0.008982035928143712,0.383808095952024,0.6371814092953523,0.5832079137257286,186.0,19.19490783467167,0.06822828955896659,-0.005687454884768875,-11.996277938253787,0.029028031243041746,0.2267038328695146,0.03995340390283811,0.014717883732762173,5.347498054189176,9.286426835989296,11.205642489574727,12.504472940726673,13.641364200980501,14.467298625399303,15.175113646597978,15.83625621689519,16.373893797031204,16.849328211584155,17.392503679875777,17.748257836508696,18.08081383657573,18.412649607055002,18.777317715794386,19.156904529263485,19.422206261100516,19.691420651937467,19.805059894343238,20.28896689606855,16.40909090909091,43.44776119402985,53.28358208955224,74.19402985074628,97.89393939393939,107.88059701492537,118.70149253731343,138.71641791044777,157.28787878787878,167.3582089552239,178.62686567164178,173.86567164179104,169.4090909090909,169.37313432835822,168.19402985074626,174.86567164179104,170.8030303030303,136.88059701492537,74.71641791044776,23.119402985074625,668.0,99.0,2.2706608355421087,0.4136975769380347,0.9152021301609513,1.2391845592010515,1.5185195914044163,1.7046350143063131,2.1167459969990077,2.5761373584729106,2.9809192758552636,3.184123953842997,3.7983263055976724,4.8894974379741205,1.261704038337047,0.551673027642537
35099,22.04050572070748,2.724917954541677,1.0,0.6196544827888659,1.217179673416926,1.1811279755506918,0.8057216703253635,1.380215070416401,1.1967198457008807,0.9171595600397603,1.2640694645882702,1.0132008304543962,1.1383081699532749,0.915849632193126,0.7309075527756459,0.4294447948964173,0.7380217059786266,0.6188216416048108,0.5329939738656906,0.5347150033334811,0.8198650011330303,0.46746433492595274,0.9966541365148811,0.694137314587587,0.5801809137604342,0.7221006043747934,22777.0,29933.0,2.372093023255814,24.0,0.006081668114682885,0.4443478260869565,0.6939130434782609,0.5273336213255356,781.0,21.723673486813727,0.010269552491038043,-0.00018333740628435332,-56.0144964367508,0.016796163274926786,0.8499047277569491,0.12222595448153074,0.006697205126609433,11.968452336388657,16.583688389904896,17.92960140191732,18.88097613341764,19.512650957978973,19.98681860456149,20.361563944463963,20.694097142265807,20.992723232663174,21.253221296292384,21.464875966901722,21.666274792971233,21.851931738945396,22.007324210617536,22.040505720707472,22.040505720707472,22.040505720707472,22.040505720707475,22.040505720707475,22.04050572070748,29.991304347826087,100.59130434782608,188.6695652173913,272.53913043478263,349.88695652173914,422.69565217391306,491.0869565217391,555.6173913043478,609.3478260869565,675.7217391304348,717.8869565217391,755.5652173913044,764.4434782608696,732.6434782608695,633.0,518.0,403.0,288.0,173.0,57.5,1151.0,363.0,1.6947737424525313,0.2887133927016463,0.834610919175865,0.9687837181334485,1.0881209344901426,1.2056986207400233,1.448552513775186,1.5754439086790208,1.8231060492328108,2.239249979020872,2.976848941011861,7.32714926910827,1.0842582808369792,0.915642517046072
35100,15.40076636420562,1.247658116788392,1.0,0.6124615801932,1.2287688427444439,1.1299723612307055,0.7459786224270936,1.4642666715748367,0.6587369807130262,0.3670752592805552,0.6235631810816179,0.5829673391263881,0.4920720892594082,0.4258535642356512,0.9577925119989992,0.5272471814291767,1.3321407883477114,0.8476247250471001,0.7067859125959148,0.9097665160369851,0.8625384880822109,0.5127435246278351,0.9153963914383012,0.7633270668167317,0.6873434562502452,0.6251568851552027,57001.0,80229.0,6.130434782608695,38.0,0.0022342802425789976,0.40229885057471265,0.6625159642401022,0.5633262002339726,1937.0,14.71777962140119,0.003501543513570183,-0.0003149923184329569,-11.116282235039497,0.004518872365075743,0.10237960422779645,0.013945752309394129,0.001880491525439884,6.962397959559734,10.23241468696213,11.383554236417883,12.195597993284842,12.769967534546714,13.23108107077878,13.605375073209812,13.935345706834735,14.23725794139256,14.48559938251684,14.7031436874066,14.814142760455749,14.878338020983323,15.116007378631014,15.317019877832376,15.40076636420561,15.400766364205614,15.400766364205614,15.400766364205621,15.400766364205621,112.8626198083067,338.2332268370607,559.4696485623003,774.5636942675159,980.482428115016,1164.888178913738,1365.4984025559106,1569.9458598726114,1738.7028753993611,1850.444089456869,1896.8562300319488,1788.9267515923566,1591.1597444089457,1585.0159744408945,1574.3610223642172,1409.5,1096.0,783.0,470.0,156.5,3133.0,1008.0,1.9290936413628865,0.34393124094190153,0.8080927150496939,1.0080103357114178,1.2145545827958864,1.431345087584953,1.6385459781612834,1.8695455130362997,2.1995358307623407,2.616635224946855,3.3738147633041975,11.577348815358524,1.4191696476141487,0.723971333787777
35101,16.82845262203495,2.6007465250776,0.9999999999999998,0.573656569591209,1.3818378789427377,1.2107915945804963,0.7808495531017595,1.7259090453098065,0.4878180995687204,0.32364599169759756,0.25176981023619016,0.4028918781334413,0.41447931987920383,0.1458766387025897,0.8458766710995119,0.4694988399569769,1.179919697806759,0.6986145880807698,0.6012667076416861,0.6836511466309393,0.7875701519538579,0.45634028769423196,0.9333769813648495,0.6504588861361627,0.5844151230944767,0.5408031112075812,97732.0,135166.0,10.36734693877551,64.0,0.0019234879247702502,0.4392902949978623,0.685763146643865,0.536073317644652,2916.0,16.43977285029805,0.0023878041521773544,-0.00011289895323682787,-21.149922862158547,0.0030414078873359017,0.09580406466070546,0.013130510830982186,0.001336499258244043,8.202007755972936,11.606081169434304,12.898303187788802,13.681932971403972,14.284644002399055,14.738453951487967,15.115419480348224,15.457656157862438,15.774440976129243,15.989577443061368,16.20039699314211,16.383787693987433,16.51117045057828,16.640675619593786,16.68211951764061,16.813141213941726,16.828452622034945,16.828452622034945,16.828452622034945,16.828452622034945,156.203426124197,486.1965811965812,837.8247863247864,1187.371794871795,1502.9957264957266,1800.431623931624,2069.498929336188,2349.0811965811968,2592.9188034188032,2671.6666666666665,2789.965811965812,2855.982905982906,2733.141025641026,2579.17130620985,2206.8846153846152,2067.5213675213677,1637.5,1169.5,701.5,233.5,4679.0,1656.0,1.8445920888572311,0.2974704230475572,0.8687259537233771,1.0907571332011676,1.244709709485301,1.4121828334404156,1.6028886209954345,1.780941752054443,2.012686233292423,2.3426877535896207,3.00343001951447,12.256511483029701,1.2346098207950504,0.294380061854608
35102,17.269724208008135,3.0639854324935465,1.0000000000000002,0.6635747181879964,1.018890530540869,1.006105984644843,0.6106182821203802,1.1506724648621907,1.1933598150237879,0.9526609882790373,0.6036967782211289,1.1861174003900252,1.5601579844136164,0.5246469318212373,1.3142913404376326,0.8170860833088436,1.7724147491701305,1.3063150010995905,1.3381290852797614,1.540329505827188,0.963660110320533,0.6938919567807188,0.806527569734836,0.9578117266251095,1.1363759931510233,0.7009184580004955,6043.0,11933.0,9.565217391304348,58.0,0.007290400972053463,0.3661800486618005,0.635036496350365,0.6192452221079784,539.0,17.238591243482272,0.014814947666941025,-6.518236035531632e-05,-227.28461482804693,0.0172819206514776,0.5070280845150122,0.08893479366017597,0.007675513722124286,8.245750016831863,12.194805605855802,13.290342970641976,14.03031325731853,14.551679228141364,15.020957194892018,15.430703323700863,15.741539399631296,16.058310242943932,16.370133328722172,16.67474958433132,16.889190133303032,17.060320924366003,17.223200844078526,17.239436254253327,17.26602571005368,17.269724208008128,17.269724208008128,17.269724208008128,17.26972420800813,27.158536585365855,88.98780487804878,153.84146341463415,207.53012048192772,258.0853658536585,289.9634146341463,329.7926829268293,361.4698795180723,386.9146341463415,429.109756097561,461.5731707317073,485.2409638554217,498.2073170731707,518.329268292683,444.5,369.1807228915663,287.5,205.5,123.5,41.0,823.0,201.0,2.523946302753313,0.41791133495323907,1.3569831816586004,1.6527335562124241,1.8555202610103314,2.0818289878071763,2.416578956541366,2.5529459060479516,2.919759717535846,3.199651412529824,3.942993510015413,7.284018520381432,1.2694466784719463,0.947900310230907
35103,20.746134235964664,3.1048067732593947,0.9999999999999999,0.5961816166834688,1.2808040695202343,1.1715940011797934,0.7371789155853007,1.6312982871754063,1.429960877189344,0.7693389435275493,1.7380948809269134,1.2205259464877556,1.043625810861281,1.0654672383285742,0.8458056203074026,0.520506395591578,0.7465443351132036,0.721927237127945,0.70607878845573,0.4576381529866285,0.8219119705663038,0.4993089963588916,0.8766909125111317,0.7015330991270352,0.6773240332877037,0.5374191338293639,104757.0,154251.0,17.727272727272727,130.0,0.0014785608674223755,0.43213933618139994,0.6776207689779823,0.5444514753788148,2703.0,18.392850850610202,0.0026739488069574993,-0.0010324845617569372,-2.5898196505789386,0.002898673589008424,0.17461076045896215,0.010988642571616252,0.001275230179646457,10.52743207117179,14.036092474954676,15.386874237136274,16.175578703774303,16.790573348784015,17.310646957946172,17.724627804230952,18.08409602198761,18.354039208377134,18.56851215165599,18.767133784062235,19.020724612099542,19.135456690686876,19.18850497419183,19.57801419968453,19.911143453224394,20.34024464892675,20.68710194066991,20.746134235964654,20.746134235964657,195.0328947368421,553.2348111658456,944.4046052631579,1307.8669950738915,1650.696223316913,1984.0427631578948,2294.5632183908046,2566.522167487685,2648.6315789473683,2607.840722495895,2501.822660098522,2558.25,2223.0,1696.2758620689656,1652.703947368421,1546.9014778325122,1559.720853858785,1439.2927631578948,913.0,304.0,6087.0,1919.0,1.9494071648488214,0.49425606783676185,1.0006421676598762,1.215614256678213,1.3979899245612688,1.5631681788407932,1.7502266188176672,1.9115047462794545,2.125826290264424,2.4864296282382945,3.1108679644769532,9.931660719364512,0.9957725549970293,0.259370650246274
35104,16.24460631772831,1.4737645868837532,1.0,0.5915395071744227,1.2666687483103272,1.2072947227291075,0.7601939504359241,1.5923589306361645,1.0081182857868403,0.7737286159746214,0.7380758083934026,0.8350225233387701,1.017804226843605,0.4635109548439141,0.7483387735543189,0.42412762519942293,1.1152927073164118,0.6198476307944825,0.5579202846276428,0.7004028337196818,0.7956754807628312,0.48394472844770653,0.8235075347386275,0.6590565383771372,0.6366069187609218,0.5171620034244587,32784.0,50326.0,9.333333333333334,52.0,0.003778337531486146,0.4254514909701806,0.6774464510709786,0.5454134718757967,1485.0,15.635042912818935,0.004739624754181333,-0.00038486577404097896,-12.31500713720695,0.006203629454365626,0.2411661969125925,0.020423585089462487,0.002562648360175113,7.950411130788906,10.997084927351926,12.119620199778232,12.849393920587838,13.46181669212421,13.960625893130059,14.34317790055999,14.651299097874563,14.897951302361125,15.1687975386707,15.415819418116111,15.628309255572665,15.698390192036511,15.832357168335946,16.01144755186475,16.07469188011649,16.10733956790523,16.129629029656478,16.16048824670188,16.244606317728312,87.21428571428571,269.93697478991595,434.50840336134456,598.6008403361344,753.6512605042017,906.3823529411765,1052.9665271966528,1153.2394957983192,1212.8025210084033,1299.1806722689075,1395.4495798319329,1456.2394957983192,1313.0378151260504,1214.6694560669457,1170.0378151260504,1009.3403361344538,791.2983193277311,567.5,337.4579831932773,119.0,2382.0,829.0,1.9004599500013344,0.3395746718496547,0.9800282952364112,1.2045318714755722,1.366241435948222,1.5464914916065917,1.745579239222098,1.9340496274162877,2.180174339797157,2.4797800854232532,3.004558814829545,7.66970307323671,0.7857759021610886,0.930140544716269
35105,25.594767152074983,0.7668338391709209,0.9999999999999999,0.6646268695908057,1.0416595526997658,1.0688251397579107,0.7153814842731449,1.151866152796245,0.8172825785362622,0.7305171576263616,0.4216124483540268,0.7646550854159146,1.0211574854618934,0.3660255554263224,1.2369715481002133,0.8452026102396332,2.1671464052696354,1.157318912222057,1.1814711854031161,1.8814220732232805,0.9093141230408921,0.6151811527432801,0.8257746346706939,0.8507604183476186,0.8599344073998894,0.7169015537665218,21675.0,31765.0,4.888888888888889,48.0,0.005621925509486999,0.4078762306610408,0.6666666666666666,0.5691824108343223,583.0,23.964429919171334,0.018201708348251185,-0.002875930901768723,-6.328979718204277,0.017459868715122406,0.44885094609165527,0.07756582778813434,0.0065399128814669855,12.025856856060596,17.894325735536455,19.588165216566495,20.791278430931992,21.571771577754294,22.131236402660715,22.52516039888942,22.844726529676993,23.14589629133496,23.530063569078223,23.864867869447114,24.061764459244,24.305361852773576,24.579655179551246,24.890023756308292,24.92372776569767,25.074016100600602,25.49225833322743,25.59476715207498,25.59476715207498,27.077464788732396,106.59859154929578,175.79577464788733,248.8041958041958,326.5281690140845,407.556338028169,457.35915492957747,462.7132867132867,466.88028169014086,506.1901408450704,559.9225352112676,525.4335664335664,513.2464788732394,520.7112676056338,547.9929577464789,424.75524475524475,338.27464788732397,327.6830985915493,213.5,71.0,1423.0,377.0,2.375255859632904,0.47719302182235124,1.2190654568037456,1.425457660776431,1.6261649215408698,1.9005119596843174,2.1915979293547996,2.452394163160671,2.8435670936102726,3.1773485588416013,3.857192640317925,7.194349351350534,1.2417065189872425,0.564704436708707
35106,22.6072633062015,1.7696397223466183,1.0,0.6621201661005147,1.055676965729417,1.067398236455968,0.7130102639975477,1.140292595108474,0.925066688910051,0.5722886886444171,0.5936333141699199,0.8666556279702188,0.8026373778069278,0.5205973595868599,1.0184339036495564,0.6334946661947197,1.7161061531440056,0.9541273995645847,0.8884790278375271,1.5049700055105204,0.9229803828355492,0.6436739935584007,0.8858666408655822,0.8647010565616797,0.9027555787901176,0.7768766057639016,10154.0,15914.0,5.714285714285714,56.0,0.007177033492822967,0.4239520958083832,0.6802395209580838,0.5523766165914935,308.0,20.592224442533354,0.03247008484191785,-0.0071489040858727995,-4.541966775870322,0.024955237824975905,0.3172980030562068,0.09155795400224498,0.010311284627776784,8.674397642746586,14.516132333069468,15.984455538297349,17.0852353657438,17.782759765001753,18.32684887471112,18.862319676118606,19.32135645874209,19.656997729439134,20.056878578310243,20.44930599084557,20.65921489761141,20.95158584739364,21.30560181914183,21.533468550197664,21.8265397630076,22.111961374601133,22.313293373838604,22.60687863859729,22.6072633062015,13.650602409638553,54.785714285714285,98.28915662650603,133.52380952380952,174.710843373494,199.71428571428572,221.0843373493976,255.33333333333334,275.2168674698795,280.1190476190476,299.7142857142857,277.2289156626506,279.3333333333333,286.71084337349396,259.0952380952381,236.53012048192772,221.85714285714286,171.33734939759037,125.42857142857143,41.5,836.0,182.0,2.1660828486306665,0.42927360726398517,1.1006057388034955,1.5153743330035594,1.7042686811773116,1.8510901344649617,2.0475971645016022,2.2521898565119236,2.4729877280804646,2.7949921829849225,3.294119764482337,9.034282036338585,0.913061325937706,0.834906258310657
35107,18.86716203639022,3.3628223826305614,0.9999999999999999,0.6483506731077101,1.1116335499878065,1.0923914733530546,0.7123389696159259,1.3559922416170105,0.6330805921913232,0.48008076410745526,0.37843942269277675,0.5795363728427009,0.673949881425555,0.2790867167805404,0.8332645667628477,0.5989473316852438,0.6178806324085591,0.7627893361389698,0.8408178651354428,0.45566679029943497,0.918584398255865,0.612454935846329,0.8811451639056718,0.8408930503973129,0.8597801916923741,0.6498157857119542,83990.0,136982.0,29.942857142857143,168.0,0.001130673558391213,0.40387722132471726,0.6609046849757674,0.5797591505588662,2887.0,17.66018609432039,0.002567311929056057,-0.0004563826000331689,-5.625350153291274,0.002504739847134032,0.21594071380686825,0.009006874447798291,0.0011513119564627412,9.62099665069622,12.672305365296399,13.941532858395263,14.815031796499866,15.456770387177631,15.982875308251959,16.38671402063566,16.717507611562667,17.00931041422361,17.280983503312065,17.52390956077801,17.72290887493399,17.912522594535446,18.097851018565684,18.277747607623038,18.412088319915966,18.689917530603537,18.86640751171008,18.86716203639021,18.867162036390212,210.6058158319871,615.5088852988691,999.1389337641357,1388.5169628432957,1724.6801292407108,2049.680129240711,2290.0242326332796,2517.421647819063,2641.471728594507,2729.3150242326333,2774.285945072698,2755.928917609047,2656.7479806138936,2524.2197092084007,2355.513731825525,2006.5525040387722,1905.7754442649434,1547.092084006462,929.0,309.5,6191.0,1655.0,2.3400790821005213,0.3639883243168768,1.2602811213260317,1.5031955233251968,1.7187725130877896,1.9406386024240923,2.1348587707803683,2.357263394386085,2.6127183489284174,3.0109157735365706,3.7260425414611156,8.734804229942625,1.1116723470298087,0.155274187005125
35108,48.1096526331406,0.26162971331720647,0.9999999999999999,0.6406735792067452,0.8710267835037332,0.7289573858302609,0.5042279780651465,0.4951165452080385,0.8596527967548168,0.6719866191877455,0.6808402053850915,1.1792908796385917,1.3327039522208435,1.3751109955313965,1.3050015190360633,0.9247930833079748,1.2212865022461925,1.790230189587427,1.8340772895162336,2.466664695547654,1.3182726795528399,1.1106687442478904,1.0541001058820558,1.808435863574338,2.202711457047295,2.128993902716669,159767.0,209237.0,12.25,104.0,0.001684068710003368,0.47515580259390267,0.7052383358598618,0.5062425419661054,676.0,35.72399604117718,0.037639372753426714,-0.015198479571224284,-2.4765222453363305,0.008059293063807208,0.029398593535975476,0.007160001622801187,0.005088261915419775,8.246146948346624,15.327502373353994,19.866409642631705,23.346672940515024,25.974952485276546,28.11427688136977,29.66941697704996,31.001804536835206,32.16723332123476,33.23908261477277,34.2518473375499,35.21955845036293,36.10728917024181,37.00829476173759,37.93089073578883,38.91275642064338,39.94493261171871,40.967490051434,42.370034625922344,44.878862463827886,51.54806070826307,117.34848484848484,170.7996632996633,226.93771043771045,290.11635750421584,365.58417508417506,468.40909090909093,510.59090909090907,579.2580101180439,586.503367003367,614.3653198653199,657.0589225589225,650.1973018549747,635.516835016835,616.469696969697,592.506734006734,547.8684654300168,450.496632996633,315.1599326599327,129.33501683501683,5938.0,475.0,1.8659642402203702,0.18287975867455447,0.5966594862762732,0.797866797825814,1.020489859245586,1.2448850474324527,1.5428678694280595,1.8463429554157385,2.2615029517739202,2.747435178979596,3.5936893052501024,7.963102693616928,1.714431935582337,0.0798756040469743
35109,25.56819460911913,1.6586434675924984,0.9999999999999999,0.880302143863986,0.7458274877379377,0.900316177488134,0.6573230389641622,0.8534018601550887,0.9875921283477185,0.66828513657105,1.030823164528402,1.0969392231772208,1.0166768802507855,1.207898895768836,1.0998939340383658,1.0799998537298325,0.6902644232221985,1.2216751864962043,1.6430275370109384,0.808838667280098,1.1068930694898702,1.1613748116763443,0.5563075748095965,1.2294492725634256,1.7668250507490022,0.6518705908474335,20508.0,34076.0,14.266666666666667,132.0,0.003997715591090805,0.44971428571428573,0.6737142857142857,0.5580321113385317,403.0,20.21804866405194,0.031356041305235775,-0.012636580145354102,-2.4813708253782547,0.013662600652300932,0.1182567868009315,0.01567476087058777,0.007442295244105525,6.471771066420679,11.06165259933427,13.243592161908424,14.87411815666011,16.095928289097003,17.006265612683944,17.72215034635944,18.334607412358586,18.90637188894895,19.413495424891817,19.915704888788735,20.376846147391127,20.789354110656276,21.174004390065395,21.614294337484917,22.10979383988737,22.569380018150778,23.082556800733613,23.72720206123289,24.86509050731127,28.588571428571427,87.25714285714285,126.74857142857142,171.2342857142857,220.52,266.81142857142856,305.0571428571429,350.18285714285713,365.5257142857143,380.2628571428571,383.51428571428573,382.9485714285714,375.54857142857145,355.52,330.44,304.34285714285716,272.7142857142857,212.12571428571428,145.38857142857142,53.71590909090909,1751.0,194.0,2.556384226671283,0.43816208430303255,1.0197970568942238,1.384278326523149,1.7409163156949683,2.047617114816616,2.435298910476161,2.794067720526039,3.1964390617072858,3.7004781909646782,4.162509817359607,6.011720266539241,1.4711505310466646,0.333474152134731
35110,14.437286634529613,2.006174824531243,1.0,0.6133804568115072,1.2687459795189526,1.131710041136729,0.7471712955714761,1.4283889263493486,0.5818578837559765,0.30299970533881015,0.33813899322408064,0.514140426969737,0.40552910307811,0.23672753756800002,0.8673831347146777,0.525252002438358,0.8996833160572321,0.766435838850955,0.7029873946597714,0.6298587866797785,0.8737525333166154,0.52035722516995,1.1169193879061359,0.7720639576891869,0.696436316884943,0.7819434660283588,16955.0,26507.0,7.266666666666667,38.0,0.005763688760806916,0.4304253785147801,0.6798846431146359,0.5550576357689263,824.0,13.898980281803416,0.008776612747466404,-0.0004690030573354067,-18.713338026685452,0.008962589625088948,0.2291082363726967,0.023724227850212727,0.0041365504580696925,5.9428578026017895,8.979074372823826,10.281368690468117,11.142882700347478,11.770792444216408,12.237520862561102,12.627361125769731,12.92521925877799,13.21188584465134,13.451639717822584,13.667467665098956,13.895566428377803,14.01495720791239,14.214906365114786,14.353279438619552,14.42913550363112,14.437286634529608,14.437286634529608,14.437286634529608,14.437286634529608,55.80434782608695,146.45323741007195,242.11510791366908,327.6906474820144,410.9927536231884,494.47482014388487,570.1079136690647,633.7122302158274,691.5144927536232,738.3669064748201,771.1798561151079,809.7194244604317,759.6449275362319,757.1510791366907,724.9136690647482,620.0863309352518,485.5,347.0,208.0,69.0,1388.0,441.0,2.115406546722154,0.25348215042246736,0.9247507831520307,1.1797614077023935,1.3914376400572608,1.5452955597830358,1.7124989788623155,1.9918080379330343,2.2854617585423105,2.676285971045,3.9489276805525506,9.675086567540536,1.8213849829612432,0.979215319121722
35111,26.908856857347526,0.3922900069243973,1.0,0.6160192621918736,1.2210030171264765,1.1369032941032755,0.7303762589369696,1.493453302000006,0.8644848437100996,0.5954605702662448,0.7573198458936183,0.7603855562684035,0.8152791975096663,0.5070930874634172,0.8740831140285531,0.576732501022078,0.8455686167758261,0.7688280248303617,0.7896375244473125,0.5661834994394908,0.8624309414912954,0.5439374250085162,0.9153403723071184,0.7585789802566556,0.7447359061207618,0.6129019039840823,1915396.0,2714128.0,157.1578947368421,1044.0,0.00013593236005763533,0.43271936382790727,0.6796438523754503,0.5507865076277326,31562.0,25.045059346828975,0.0002475892167550257,-5.3273374348260855e-05,-4.647522703113857,0.00036045085095389286,0.05753521574158853,0.0021503275568524167,0.00012951319910987205,16.02641278322327,19.786267009113242,21.179852370977834,22.084074363820864,22.7518322338433,23.290471834657506,23.72238007478632,24.08176508655455,24.4065336538186,24.685603678850192,24.944871157363384,25.186783818003118,25.386575431661644,25.601939057348883,25.764427295334972,25.94641727817454,26.12951970645681,26.373086336477446,26.514651891943018,26.73820836177026,2130.120445894508,6340.778034524942,10523.20772158782,14656.082234606498,18438.05600870038,22202.488242490144,25270.445894507884,27537.820171265463,29547.432572050027,30566.65080875357,31221.10493407639,31365.138662316476,29990.159847764033,28648.380913539968,25585.409134157944,22379.392060902665,18633.518281908386,15273.646547036433,9444.223324724751,3287.3432105477777,73566.0,21608.0,2.1071482091618488,0.24398361878090466,1.1696236248944738,1.3817026653558915,1.5579688760083807,1.7282157970899716,1.9067408804707529,2.1057822440902787,2.348630988293606,2.673860851307879,3.222311823304511,14.017493159585374,0.9389639274762374,0.0112753791129217
35112,22.177469711811074,3.082796796708613,1.0,0.6468114991629409,1.1559593589393578,1.1003251470993933,0.7628772093922059,1.2265794211874155,1.2689411980278347,0.867854478279203,1.824154428812159,1.1532420224812059,1.1376070324222083,1.4871881896129064,1.118436616238103,0.7452327449665965,1.3357820231947937,1.0164601065298324,0.9768711606423962,1.0890301925183632,0.8850715123281118,0.5324473594189367,1.0408288763698903,0.8043727026154774,0.6979463442657362,0.8485621545503302,59032.0,84014.0,7.304347826086956,44.0,0.002369668246445498,0.4059259259259259,0.6675555555555556,0.5586079837543977,2136.0,22.00355407418978,0.003525670940893825,-4.4137521893696114e-05,-79.87922270274477,0.005657680863734063,0.29466679310115185,0.043385909125429105,0.0023162998435990356,12.362271120669284,16.63714542303925,17.982523673709363,18.806608383275552,19.434640928052616,19.923772990349864,20.33361468784949,20.67544785747505,21.010746271524717,21.28439812057787,21.547989247843788,21.77806408580074,21.97493418954884,22.071873873911326,22.174328200177072,22.17746971181106,22.177469711811057,22.17746971181106,22.177469711811057,22.177469711811064,95.85163204747775,295.47633136094674,514.0741839762611,730.5,938.106824925816,1156.8846153846155,1371.8902077151336,1548.2041420118344,1710.2848664688427,1846.6775147928995,1989.6242603550295,2083.8783382789316,2109.55325443787,1979.5548961424333,1849.991124260355,1519.0,1181.5,844.0,506.5,168.5,3376.0,1007.0,1.9744589975961422,0.38332279691131466,0.8768690647832309,1.0818909342269372,1.2797650996543715,1.4526793826442472,1.6556731302108056,1.8740806143831825,2.1688580418246475,2.614985152506192,3.7312673465512445,8.302353129544343,1.3856078839456338,0.345843194986228
35113,19.70963395116194,1.0226579131364004,1.0,0.8542376252778479,0.6946158323645302,0.8853409394782722,0.6869598262429542,0.6975175873822917,0.7035813441439018,0.6343897352544451,0.28255306921133805,0.7947010160385438,0.9234742862970319,0.40508379189653015,1.1281792614347503,0.9527823403291248,0.9217971970727604,1.274287916810423,1.3869549629124285,1.3215397199261538,1.2196002878011032,1.2054429458341733,0.5087713512978308,1.3775487311360624,1.7547502776499326,0.7294029003730139,4405.0,7771.0,5.833333333333333,42.0,0.009746588693957114,0.43359375,0.66796875,0.5680992672441221,122.0,15.074090411662832,0.10210326780369286,-0.045361026988924094,-2.2509029133891447,0.036498000074268636,0.0962766816251755,0.033135933777323136,0.02573060966300858,2.2568021208714244,5.05128423644327,7.228603937456176,8.936443000682836,10.335221616079465,11.328324194508232,12.008069531430097,12.690883057247,13.20395521710251,13.702489835366778,14.262994249785441,14.698980342178588,15.179163619929481,15.727400993120025,16.246721355470104,16.864961148573887,17.3698248168482,18.143928646152993,18.92612149572703,19.47128428563351,11.941176470588236,23.294117647058822,32.05882352941177,43.23076923076923,57.01960784313726,66.01960784313725,84.86274509803921,104.07692307692308,103.19607843137256,112.50980392156863,101.70588235294117,107.53846153846153,117.05882352941177,109.11764705882354,90.47058823529412,84.57692307692308,67.0,57.84313725490196,52.254901960784316,21.153846153846153,513.0,53.0,2.3125042249315433,0.5802767420031505,1.1568449663016354,1.365069862919345,1.5295614757917584,1.8380451283666759,2.1291939654699674,2.2397725091904013,2.465297440188196,2.944465537178947,4.135888242333924,5.272015818919517,1.4128755062020795,0.547925048344769
35114,18.394169805945847,3.414175275034903,1.0000000000000002,0.6291982472662372,1.15731797267739,1.1496442861842784,0.7653074478083808,1.4372701256142626,0.6494177899430044,0.41538326174709367,0.42557594859555486,0.5648858501253909,0.5427665220515379,0.2961001839606675,0.7799032872770094,0.4898529082395073,0.6914847974543165,0.6783866076223837,0.6400733582853588,0.48110983810979074,0.8606850395604358,0.535215360733712,0.8521779508491965,0.7486533442592826,0.6993468602277608,0.5929142585392508,42144.0,56316.0,5.3023255813953485,36.0,0.00400600901352028,0.4168336673346693,0.6708416833667334,0.5557548722184805,963.0,16.691050923406532,0.007574389846243618,-0.001742491784577319,-4.346872629922303,0.007505007280015503,0.3578285784527506,0.028657898216952093,0.003465287388786297,8.747653343056811,12.328524004103594,13.482339935081175,14.302211450866388,14.944449187944247,15.438505815931247,15.86938673994608,16.242732488495793,16.550898282487392,16.6932973490729,16.875806898406655,17.154099786618392,17.446112583597827,17.669538168906243,17.850277187676408,18.176154500679147,18.373190478264355,18.39416980594584,18.39416980594584,18.39416980594584,57.85427135678392,182.78,312.1206030150754,431.51,555.32,656.6984924623116,759.6,864.06,928.8140703517588,858.56,797.53,807.8442211055276,831.78,788.86,742.0603015075377,772.65,684.41,499.0,299.5,99.5,1997.0,585.0,2.0072936657560145,0.28480964361030786,0.992302608692695,1.2359297861344922,1.4293574089925467,1.626330485679666,1.8060028158376618,2.0222985672703597,2.3018045643888048,2.651557065509734,3.1735691493597566,10.084460440181758,0.9864820645159219,0.747436328805052
35115,27.692974383625042,0.09422696466708048,1.0,0.754022952973848,0.767187946898547,0.9122085281746884,0.6707732284418264,0.7188707577611865,0.731811361753626,0.5774397097498625,0.3862235649900358,0.8022413068401875,0.8608568220458452,0.5372642590065428,1.0250185391947202,0.84864992473285,0.6316627741312896,1.1236669111675182,1.2651815677024296,0.8786875350146487,1.1490130971532897,0.9108031119061949,0.9004395167137096,1.2595947764843227,1.3578405835038263,1.2525749684379865,29164.0,42098.0,7.081081081081081,64.0,0.005656108597285068,0.45840407470288624,0.6949632144878325,0.5355721746919556,387.0,24.13187629890189,0.041612774145505925,-0.008744475774474703,-4.758750006143814,0.015618985522896414,0.09454974592771602,0.017002044456962552,0.00815128019757071,6.554442143199398,11.40459939391026,13.732774499888858,15.21510750658143,16.688943939670956,17.83565954976738,18.83945004872412,19.59879704326154,20.27097325784916,21.029858469093185,21.708353886919486,22.329858189398465,22.907225044466955,23.4241156709662,23.849637213617548,24.290913913844747,24.756366345309583,25.408939475907264,25.837189449370165,26.95859376423582,27.454545454545453,68.7457627118644,112.87570621468926,136.84745762711864,151.3181818181818,185.73446327683615,223.63841807909606,259.24858757062145,288.47727272727275,308.54237288135596,323.73446327683615,332.07909604519773,361.3181818181818,372.49152542372883,371.3446327683616,344.1525423728813,289.3068181818182,252.33898305084745,148.87570621468927,56.85875706214689,1768.0,201.0,2.228877025017784,0.2300556657712861,0.9456670891791777,1.2867511341111129,1.5138327658467294,1.8043736870048028,2.1459262412860896,2.449313528432191,2.7459137625653964,3.0507198138165164,3.6369646945617475,5.961957604505668,1.1315555970504596,0.321265279364306
35116,25.296356801871617,2.4330635336900106,1.0,0.7095836489369596,0.9867216416942349,1.0388267384478682,0.7147648408234802,1.133334890732435,0.9587617751735502,0.8315341873588942,0.3651403309528839,0.9229275101313384,1.1633675019617418,0.3221822022234808,1.1733667967398864,0.9255358499567614,1.0080534472885596,1.1295115473183115,1.2948816129378329,0.8894577018070005,0.9365087821238296,0.6929344395113785,0.8192193984078315,0.9015062353160894,0.969457925089109,0.7228396523452997,42993.0,64583.0,16.12121212121212,118.0,0.0024691358024691358,0.41813690896259703,0.6633733239237827,0.5686780949059154,980.0,23.43623007719453,0.010940725867787932,-0.001970482021938144,-5.55230940753611,0.008067499388913765,0.19418617064969035,0.02903087063773842,0.0033699110765217427,10.559738338774883,16.109134969769187,18.20189028901868,19.418959120271072,20.232536795358765,20.86667588092631,21.39015183085264,21.868984642071727,22.28098899634454,22.673458189152928,23.025880905693366,23.38863289779813,23.649175057608286,23.910001614107344,24.212391693962832,24.50891995091384,24.76729551047216,24.954206724413577,25.286680695007025,25.296356801871607,55.08480565371025,140.70671378091873,255.38028169014083,391.5017667844523,508.9718309859155,624.4381625441696,718.4929577464789,784.851590106007,824.9929577464789,870.0,910.5053003533569,959.5492957746479,952.2756183745583,899.4929577464789,893.077738515901,837.9718309859155,729.0106007067138,555.5211267605633,421.19081272084804,141.5,2835.0,551.0,2.4548128623872203,0.22172833200975717,1.3498561154355406,1.6667022524406216,1.8776633335637591,2.053841765098954,2.305651499232735,2.5500518483390286,2.796470555789959,3.2387205647942716,3.7741076418404473,6.791739925764214,0.9625623175130904,0.263910923933145
35117,19.863895671313998,0.2751586714444494,1.0000000000000002,0.6977611132030471,0.9691854203325102,1.0363140724718067,0.7389346370601331,1.0232361650663937,0.7242014834752143,0.4074942380322765,0.5695780736962172,0.6988243262468256,0.5514618175884959,0.556643806329167,0.9606998428382347,0.5949136103998796,1.2012477926545437,0.9270354117133451,0.8050963922421553,1.1739692493927827,0.9731967827199275,0.700093980803616,0.867174676625462,0.9390944391970549,0.9474369527309675,0.8474824348777729,17106.0,24016.0,3.8378378378378377,34.0,0.0068694798822374874,0.42337917485265225,0.6699410609037328,0.5595903696067955,395.0,18.057192064329946,0.02591660435414776,-0.004291524365922051,-6.039020670590897,0.01924237426313315,0.2172542556677443,0.04123313486480018,0.00797727745910273,6.7791266178301015,11.33992374590501,12.934280474360891,14.163062501948204,15.206536458462729,15.862935086008042,16.42333784174282,16.88116682346877,17.34595309386853,17.747321973288685,18.087629396299246,18.330230882315327,18.559884497037086,18.879843182935893,19.10862528506687,19.378849773434595,19.699837133431128,19.863895671313987,19.86389567131399,19.86389567131399,21.128712871287128,63.26470588235294,94.73529411764706,128.8921568627451,176.81372549019608,222.44117647058823,270.009900990099,301.1078431372549,328.34313725490193,353.421568627451,380.1862745098039,373.97058823529414,346.30392156862746,353.66336633663366,340.1078431372549,327.30392156862746,317.34313725490193,254.5,152.5,50.5,1019.0,217.0,2.3381764443526944,0.2070592505970967,1.2939310953756225,1.500304133178014,1.7721121098506254,1.9500202161787303,2.173986041270353,2.348968918867496,2.514440104384083,2.955183326297442,3.702690655926403,6.828812262170764,1.0744169391217804,0.783767305740621
35118,29.37749540324907,0.20746856215304949,1.0,0.7085894536291164,1.042238579168986,1.0718853657471024,0.6945046731651211,1.267845175153713,0.5945451241805968,0.3751148291350263,0.30435379287086073,0.5546723028224196,0.5401185098229588,0.24005596174939972,0.7480860830467285,0.6313942997349011,0.599274379882291,0.697916126996765,0.9091289434488582,0.47267157822297606,1.0442320742537403,0.8288203947548398,0.911037474539635,0.974201260342716,1.1933978658164976,0.7185715514744782,14271.0,18513.0,2.25,18.0,0.010189228529839884,0.4650145772594752,0.706997084548105,0.5082422925033269,167.0,23.782432295375592,0.08662996572356145,-0.03583222464824496,-2.417655241168637,0.042521905016174956,0.2486889816269812,0.04477281356304606,0.020742663859079757,4.021530814740614,12.09838311589963,15.698343580302977,17.518772629840935,18.524718411201324,19.25105667947339,19.93556995325853,20.633136662977954,21.29121248711172,21.96757416818874,22.46125150984387,22.91636732477353,23.47085882399744,23.985044899360723,24.517612541394104,25.08945144953943,25.693298928281706,26.54398531224202,27.40567328655675,28.60039265928603,8.029411764705882,10.840579710144928,23.294117647058822,49.17391304347826,70.28985507246377,82.44117647058823,88.53623188405797,105.04347826086956,116.23529411764706,134.33333333333334,148.7246376811594,153.05882352941177,160.18840579710144,159.1014492753623,146.47058823529412,130.79710144927537,114.8695652173913,93.20588235294117,72.04347826086956,29.246376811594203,687.0,87.0,1.9068940573678415,0.41293297501106907,0.8977227728090442,1.1614313093732718,1.30559268250529,1.4740088388217294,1.65168085764076,1.8749768041264179,2.1753949257160974,2.5774042199761396,3.2763501730813385,5.327383607133227,1.0230447172785744,0.711548696837854
35119,18.727120116193664,0.2657593842320255,1.0,0.6542393992222205,1.119007857121422,1.0418240094014797,0.679195027496579,1.2287146312850625,0.764725868691397,0.6344172745449519,0.46279518029046685,0.734025960037844,0.93407231923256,0.37664984896163256,0.8946856020066088,0.5666695840214988,0.9345230704900661,0.8587684617871297,0.8343252837261872,0.7605696609249998,0.9685227202116541,0.6344759079811204,1.0209458656884498,0.9296413899772413,0.9341586470674157,0.8309055981702473,42943.0,63321.0,9.1,58.0,0.0025334781035106766,0.4007965242577842,0.6542360608254888,0.5753414105730632,1562.0,18.48032097728754,0.005203667469764904,-8.182885409679031e-05,-63.592085300495675,0.006684055297596539,0.1829131842678533,0.021428619497006064,0.002558779960122208,8.785968799794892,12.409212854591681,13.83775040658648,14.80868111181801,15.485337942461086,16.08565739342722,16.566149268159943,17.010199517656254,17.338422458499036,17.671715920314618,17.94232862484094,18.153527422723993,18.374143342540417,18.544340300035753,18.67522424574055,18.727120116193646,18.72712011619365,18.72712011619365,18.72712011619365,18.727120116193657,82.6231884057971,233.94927536231884,369.2028985507246,528.0144404332129,679.2173913043479,802.0,946.6231884057971,1092.3862815884477,1202.1014492753623,1315.4130434782608,1432.659420289855,1487.0324909747292,1529.9927536231885,1516.536231884058,1444.5652173913043,1243.0,966.5,690.5,414.5,138.0,2763.0,661.0,2.161148064425094,0.226142890618365,1.0057452092058787,1.305973424567233,1.501170047531334,1.7238997416043753,1.9363761767883154,2.224004583385463,2.5358810051171923,2.9754939218803136,3.5715183809463875,8.079211269949218,1.1408064549873762,0.228972649956122
35120,20.97764704661976,0.4311061241873371,1.0000000000000002,0.6670951927256735,1.0520305178708458,1.0413993534826762,0.7062616034606763,1.1282333888897156,0.8137027718741683,0.4296618293850107,0.8181519122401414,0.7813551728767271,0.6083607367010624,0.7251619392732893,0.9170228248468896,0.6138012419323786,0.8273089846825299,0.8805678837615529,0.8690848248365157,0.7332782319947801,0.9630016502649236,0.6362791948825773,0.9857956373016438,0.9247188862221078,0.9009114919525771,0.8737515189758357,578231.0,912761.0,88.97777777777777,512.0,0.00024085503537558332,0.3877882820497381,0.6487023544288553,0.5901194792747654,16873.0,19.787559157949858,0.00045855234781153623,-6.223238703053326e-05,-7.368387582281801,0.000618610854532198,0.04814189974148738,0.0025847386615718364,0.00023030691663859923,11.424836552637615,14.873955434226946,16.226389490855087,17.08635258948108,17.76452896558981,18.2925811812344,18.731403494833106,19.095461662339876,19.418745135790083,19.70192327131455,19.85075456587181,20.069804610434367,20.30779664138277,20.478845660176603,20.64822429595905,20.868393114980826,20.977647046619747,20.97764704661975,20.977647046619747,20.977647046619754,1050.6534176452876,3049.7786811201445,5003.2086092715235,6835.563384522734,8792.878085490669,10652.215296597411,12417.093016255269,13817.668774465523,15241.194762191451,16397.747967479674,15423.68563685637,15405.141782059001,15707.554652213188,14924.245334136063,13862.251731406202,13499.707104154124,11625.0,8303.5,4982.0,1660.5,33215.0,8273.0,2.313149213045055,0.13820132087932152,1.1205690639009869,1.3819900224653658,1.614853914076663,1.8317614364733303,2.0666586256997834,2.339463710153778,2.6649519808978313,3.112094195628344,3.831181965677247,9.05692551156562,1.3120115459209833,0.0435387631319463
35121,20.037945924036617,2.2036993436457677,1.0,0.6097459463603747,1.2542448528138688,1.1430325836958333,0.7440791233914689,1.5549093597433352,1.289686912466068,1.3935432680700122,0.5910955045759821,1.1283028418105534,1.8728428526771776,0.3801478850661448,0.6392726289002857,0.39390501555186824,0.570284484318793,0.559277695158338,0.5293859257285333,0.36676381214460524,0.8698518403424348,0.5183076758873715,0.9366631506261813,0.761003538088033,0.696576022083452,0.6023908369686538,23919.0,32621.0,4.512820512820513,28.0,0.005555555555555556,0.4106433677521843,0.6751389992057188,0.5510279007147875,811.0,19.419251039682134,0.00915521416533681,-0.0011428425412183722,-8.010914745592629,0.014165406338674226,0.6662916835149575,0.06393274397853883,0.005773988411214745,10.63096151453522,14.290573003495586,15.585518587922769,16.3404019770941,16.980856504460448,17.46608106449262,17.874609657495654,18.236102243933455,18.567282190174815,18.890680013927174,19.1469916108541,19.36495032937304,19.421705477938485,19.421705477938485,19.424633646343903,19.60961640607154,19.77978038083718,20.018851409503558,20.037945924036617,20.037945924036617,34.896,118.11904761904762,206.15079365079364,287.94444444444446,371.8015873015873,459.8492063492063,527.5793650793651,579.3095238095239,640.4047619047619,707.452380952381,766.1984126984127,801.5952380952381,724.5,598.5,473.2936507936508,418.1507936507937,359.8174603174603,307.54761904761904,188.5,62.5,1260.0,379.0,1.993576592812054,0.3760865644310602,0.874461153447668,1.089089893255889,1.2899935747428066,1.4571673166167083,1.6905168026445607,1.9128409387846361,2.169727287700344,2.5783476772216956,3.4841591161620635,9.169718376750984,1.495161566229232,0.717233335797209
35122,20.876428424512437,0.8455427576884613,1.0,0.7784840266339842,0.8018481395960034,0.989434387826417,0.6791841451008637,0.9273019835664458,0.9777416455669796,0.5186019719508067,1.0842729952833667,0.9881823975361076,0.7635660751088214,1.1692771227698697,0.9666624828868566,0.8049507263249275,0.5462339138008193,0.9769849267220381,1.1851730228558068,0.5890572041051597,1.0232011278324953,0.8684340882008914,0.6945240124540305,1.0341273159913684,1.278643052057587,0.7489728532477192,7958.0,12934.0,7.52,50.0,0.006561679790026247,0.4152431011826544,0.668856767411301,0.5684899032718264,269.0,18.401669490868958,0.03573395112301454,-0.010423356205043758,-3.4282576955130097,0.026321794568756867,0.34785447255640844,0.04551185645943086,0.01163893683095825,7.346375832553222,11.153476457566244,13.029208181361135,14.052065691276898,14.816393387779286,15.420293905030343,15.995050539621603,16.4916966938306,16.895731914375137,17.26842331879939,17.680869271725914,18.020606199075516,18.384748131534803,18.618964741073327,18.983257264634947,19.228176944045718,19.53771214535262,19.951127199506775,20.298301076179943,20.78131029366567,18.973684210526315,43.26315789473684,67.86842105263158,99.89473684210526,134.0,163.57894736842104,175.92207792207793,198.3684210526316,225.55263157894737,233.44736842105263,244.44736842105263,255.47368421052633,262.10526315789474,228.45454545454547,212.02631578947367,184.76315789473685,155.39473684210526,120.63157894736842,79.57894736842105,38.0,762.0,149.0,2.507086469433768,0.839720213249643,1.4449687790185135,1.8107478757699034,1.947585049520477,2.162033414288277,2.454257434311714,2.666579506148749,2.8963027483499992,3.2136571974355097,3.641237770492924,6.368629435382623,0.7660047771980606,0.580162082489114
35123,23.04530007082817,1.5825952995747266,1.0000000000000002,0.5906165411365607,1.275529699551975,1.1277726057431672,0.7460026466151082,1.440094390800506,1.8366099419264135,1.4643513245034718,0.8294548728593506,1.6285285992703684,1.9629304683405335,0.5759725738521078,0.8569226034905691,0.45253405303783567,0.9563326835445956,0.7598363350259636,0.6066118600130324,0.664076389474025,0.8691867530217147,0.4760257429974697,1.0827656022063665,0.7707110002454329,0.6381019493126141,0.7518712725521339,29560.0,40504.0,3.4347826086956523,32.0,0.005034612964128383,0.4389168765743073,0.6958438287153652,0.5302301163946959,916.0,22.801111481216676,0.008354504251707648,-0.00019010896846762524,-43.94587124978475,0.013515557160738944,1.40873490035387,0.08319612172159102,0.005146827111358536,13.368327310383531,17.01473318741533,18.498683246996727,19.510182493268378,20.215081304337872,20.752643562152592,21.134424202496916,21.48333117988028,21.817014246907558,22.106118397292843,22.29445930658947,22.49348296373508,22.70684391951006,22.824681062147732,22.954551616258335,23.035384330587174,23.04530007082816,23.04530007082816,23.045300070828162,23.04530007082817,45.70253164556962,144.14465408805032,251.9245283018868,339.60377358490564,423.1823899371069,517.8553459119497,596.0822784810126,677.1949685534591,768.8490566037735,858.5283018867924,861.4528301886793,877.5849056603773,903.188679245283,861.132911392405,813.433962264151,709.2641509433962,556.0,397.0,238.0,79.0,1589.0,491.0,1.8786795266210303,0.35666460701989217,0.846718261509241,1.031961106542704,1.1878118689674615,1.3544440714521142,1.5806320417225423,1.7609546158083709,1.9858434920668664,2.3808284456280138,3.2764090888918638,9.529707331179912,1.55627656559725,0.960266389283352
35124,20.025305123861774,1.349252155682287,1.0,0.6653206684566532,0.9970407797284774,1.1410955336625968,0.7771166668016087,1.2475771330606176,1.1674428442945703,0.6093045224509859,1.5695770761350476,1.0230894871241902,0.7840579780108308,1.2581002284680258,0.7146649111000523,0.44351355853237506,0.562553122560334,0.6262971767194445,0.5707168273172557,0.45091650660528776,0.8796454957755557,0.6057743624545225,0.7182699849848041,0.7708780464262622,0.7795153396306859,0.5757319254663709,20182.0,29558.0,5.027027027027027,40.0,0.005315110098709187,0.43237082066869303,0.6800911854103343,0.5522750911523726,598.0,18.78849975498991,0.013268839502083987,-0.0020267857361412614,-6.546740124265008,0.014191529611078637,0.7647859661564719,0.03639678556605886,0.00591844426499614,9.224100525066824,12.69468941721621,14.05423296532375,15.066563697323241,15.779026409776403,16.30765087719649,16.7936698056695,17.20737089786108,17.58257687553201,17.949755210177955,18.243777026944635,18.503202465477244,18.73441887705979,18.931172878179233,19.136724130420088,19.257776933736253,19.42586267068303,19.614427271530243,19.76583173628249,20.025305123861767,33.50381679389313,96.01515151515152,160.793893129771,216.3030303030303,278.6363636363636,356.5267175572519,404.530303030303,447.43939393939394,505.64885496183206,556.0151515151515,571.9848484848485,578.1908396946565,588.1212121212121,576.8939393939394,533.0992366412214,455.95454545454544,377.6818181818182,291.0,175.03030303030303,65.5,1317.0,335.0,2.1564319433506265,0.2893070584610625,1.2251882962079326,1.4419595468572102,1.5926746172301345,1.720105981992368,1.9859740669951955,2.134192914350082,2.3240464058647046,2.6409381402696273,3.3014851225070294,6.399912279685946,1.0001297307401498,0.704861982620787
35125,20.876133285926386,2.06096201966108,1.0,0.5909100866128968,1.3411555316763313,1.2005480318204955,0.7597822070495761,1.6900837504674817,0.7707284584515188,0.36602319699810615,0.6506202726809474,0.6419805272453749,0.4817475239640917,0.3849633324389895,0.7381482690824333,0.44374546170680085,0.7854258646337703,0.6148427630697247,0.5840429765129341,0.464726002138367,0.8054208452631366,0.4979144928567774,0.924822385383501,0.6708776524682706,0.6553384486197744,0.5472050631382573,65797.0,94561.0,13.619047619047619,88.0,0.002294235732721537,0.4380378657487091,0.6821572002294893,0.5454449153833376,1888.0,19.715751848230212,0.003909938579272484,-0.0008822718228381935,-4.431671144947759,0.005397352629450748,0.40396368954035033,0.022835093098650568,0.002195694902089595,11.121446818272435,14.646692327919181,16.045638894402053,16.930218980783096,17.549225734933188,18.038644564408788,18.41411623487875,18.77184567636386,19.085725824425605,19.356173216002105,19.562110290894623,19.742298992989134,19.764014825283496,19.780612989560858,20.010182627181322,20.316527794503013,20.533844988959167,20.754259328643304,20.876133285926382,20.876133285926386,111.91954022988506,349.97134670487105,558.471264367816,782.0315186246419,1007.461318051576,1219.7413793103449,1350.5873925501432,1529.9885386819485,1700.4022988505747,1826.5816618911174,1831.6332378223497,1794.9195402298851,1481.0,1149.512893982808,1058.3850574712644,1079.8194842406876,958.1547277936962,786.7873563218391,523.0,174.0,3487.0,1160.0,1.9396613864578884,0.49873102303374284,0.9779137967048952,1.1806127311867223,1.3491667338441968,1.5470420910639477,1.712581871478839,1.9291861901943859,2.1400004306512472,2.4740375823437564,3.1334896814677107,7.676392977773709,1.0602837738928845,0.553639324603137
35126,19.574470344993237,0.927926901361713,1.0,0.6142012111944178,1.1935485541629136,1.1642695908179395,0.7612612790061988,1.4772470130981161,1.4455992325725289,1.4455992325725289,0.8510334142724235,1.2416361674077099,1.8989527937894208,0.5760941851475583,0.8553054858311222,0.4440271575942821,1.1392808443203235,0.7346283821002665,0.5832782644270896,0.7712189188529802,0.8329622912028428,0.5042408685926905,0.8316407755843798,0.7154376424258047,0.6623755634214841,0.5629666319921973,18624.0,27150.0,4.324324324324325,28.0,0.00463678516228748,0.41531322505800466,0.6728538283062645,0.5487838116531605,912.0,19.435493669773674,0.007490739568158515,-7.675281505827945e-05,-97.59563297412211,0.014421147288191433,2.3681139556379245,0.06107986926879268,0.00545352279439764,11.326725400168453,14.242624928772518,15.524090470800326,16.380011599811642,17.00496012137653,17.56090810931481,18.00846874649509,18.3932668860867,18.657142377329517,18.900812658490988,19.094704358453942,19.299857304276053,19.45428085393791,19.53444446105909,19.574470344993223,19.574470344993227,19.574470344993227,19.57447034499323,19.57447034499323,19.57447034499323,46.62015503875969,129.24806201550388,213.80769230769232,307.16279069767444,383.1860465116279,475.9153846153846,562.7441860465116,651.3410852713179,739.3153846153846,816.2015503875969,852.4263565891473,887.776923076923,887.937984496124,812.937984496124,711.5,582.0,453.0,323.5,194.0,64.5,1294.0,402.0,1.8311557056858412,0.2665958270417653,0.7742408384435396,0.9574839698426503,1.0943806869181145,1.2810551127955523,1.5045059339862128,1.8226354350344216,2.0947180786044313,2.4927236497483127,3.1655112521839817,8.857636910518547,1.3936321367913254,0.892687362311408
35127,24.290118166332448,4.65070446992903,1.0000000000000002,0.6737933261385889,1.0368934471521813,1.036925993105043,0.7101856682438358,1.091852418820461,1.242279801508111,0.9757393121082787,0.9972947549269434,1.1980409496613564,1.3739214345469832,0.9133970285144679,0.9785660285810766,0.6233887904463508,1.1223455950258583,0.9437182933863879,0.8777828366881602,1.027927928426755,0.9616478061137363,0.6368641140260343,0.9721805424439887,0.9274025460911743,0.896757203789943,0.8903955568411388,184670.0,303788.0,38.0,180.0,0.000627992778083052,0.3871879415920867,0.6497880357983985,0.5905367702452502,7444.0,24.093946866837186,0.000986309546896103,-1.1350291684546287e-05,-86.8972863700929,0.0015417972755851323,0.2777769588729743,0.01376425635055773,0.000667167018686716,14.921073564382208,18.531473314152414,19.847231177862653,20.728227701116694,21.37349423907302,21.91905979288736,22.386263063453264,22.748598422998427,23.059964047402094,23.35542481084902,23.564857220099523,23.77038783178533,23.96542236381763,24.127770564955284,24.28169095242587,24.290118166332434,24.290118166332434,24.290118166332434,24.290118166332434,24.290118166332437,380.88452474469756,1162.3963893249609,1929.9835164835165,2686.8673469387754,3429.11852433281,4203.3351648351645,4932.622937941869,5607.958398744113,6257.338304552591,6902.186028257457,7048.944270015699,7223.197017268446,7301.2441130298275,7194.089552238806,6945.721350078493,5732.5,4458.5,3184.5,1910.5,636.5,12739.0,3121.0,2.3270969144193456,0.2539252638161337,1.132316381230538,1.386797827370592,1.6113712838426588,1.828762629161239,2.09613107407016,2.3911202155400213,2.698696105357561,3.147197998369259,3.856927501258798,11.11892589108259,1.3001268048089019,0.102545648366213
35128,24.69361155026861,1.5108908899639866,1.0,0.6058578046319792,1.2068281024393746,1.1434760850315282,0.7620604813667345,1.3715948085440597,1.9807167536824828,2.01242672295956,2.224326664208047,1.7321890502221304,2.640770348503478,1.6217082846567181,1.0343345363043925,0.5347008423696971,1.8551530479592897,0.904552836604251,0.7016514508280574,1.352551815159263,0.8412889514433635,0.47716799024202705,0.9402293568198964,0.735729380313334,0.6261550125079828,0.6855008133327252,60254.0,76338.0,4.214285714285714,34.0,0.0029424127784783522,0.42640874684608915,0.6816652649285113,0.530893022534088,1381.0,24.049454216390377,0.0059928482968234775,-0.000369366332170884,-16.224673920878473,0.009748831228050724,0.8153877780092692,0.06188098744429877,0.003655015153690149,13.96751182628863,18.22279411750977,19.698506376850933,20.806632050197955,21.556126498617953,22.113812012309864,22.569064098079938,22.96740734906803,23.313111413178003,23.619902566177803,23.86738047882843,24.053530992773716,24.187635762017575,24.3891282142629,24.544951273082074,24.681129611283584,24.693611550268596,24.693611550268596,24.693611550268603,24.693611550268603,55.54430379746835,177.89495798319328,302.20588235294116,420.07142857142856,558.5084033613446,701.8781512605042,839.2869198312236,980.9873949579832,1104.7016806722688,1217.8781512605042,1318.7016806722688,1348.281512605042,1279.1554621848738,1245.4008438818566,1177.4411764705883,1059.8865546218487,832.5,594.5,356.5,118.5,2379.0,745.0,1.7808482757071302,0.27357803463156694,0.8400816118813178,0.9657524635154805,1.090690098937384,1.2544878592158628,1.4082786654181076,1.5953188211175997,1.8350726223873646,2.3523947653348705,3.4233047115172552,9.506211576299993,1.4043585003007961,0.539298883543815
35129,33.332346367447,3.5158841316746017,1.0,0.6005699471043509,1.2453962137889563,1.1623523219487406,0.7572642641627111,1.4929297740752328,3.386516539040796,1.9803630096766012,13.310231135772646,2.913502623166042,2.6151544492413636,8.915510539681893,0.8179095260577768,0.5384823969995105,0.7455907509281037,0.7036674772469258,0.7110891434906117,0.4994144827675808,0.8370401686774884,0.4950890260863993,0.9413029013568934,0.7201260348275036,0.6537863326137638,0.6305071529167979,298682.0,410360.0,28.53846153846154,160.0,0.0006294751750727831,0.42516525023607177,0.6787850173119295,0.5458292008285652,6006.0,32.4930247347288,0.001207800270157957,-0.0001329835250875294,-9.082330080835096,0.0023462749634696567,3.4166462470864736,0.07687936964518105,0.0008840423975733265,24.196473694041426,27.327544750294507,28.587103144486303,29.420691942404247,30.066887044008034,30.570810917357573,30.96447054592901,31.30275517553204,31.61265152305843,31.759109884963667,32.03062032183005,32.32005375667256,32.52023752213445,32.69879209361527,32.91122969222977,33.089175894710706,33.235210369556896,33.33234636744697,33.33234636744697,33.33234636744698,423.6244094488189,1236.855232100708,2071.2525570416997,2881.0755310778914,3687.0180959874115,4375.85601888277,4887.805511811023,5348.865460267506,5799.135326514555,5323.979543666404,5571.287962234461,5917.441384736428,5808.776553894571,5449.649606299213,5221.395751376868,4761.560188827695,4098.945712037766,3177.0,1906.0,635.0,12709.0,4056.0,1.852425819653672,0.2880864853801395,0.9653345695143716,1.1428014542099196,1.2936619003446275,1.4452542276935654,1.6096591062678058,1.7987788493352275,2.045566964008438,2.3740831827222806,3.0309704567187365,8.04477720708937,0.9518822665814013,0.145994977273513
35130,14.483201297980736,1.3499316096502418,1.0,0.663432159708129,1.0471829348756545,1.0527509661120487,0.7520078665146918,1.1816291842831457,0.7865220235213799,0.4472477701907112,0.5208752672585444,0.7471111866333515,0.5947381538221894,0.4408111057061795,1.0362157089498762,0.6811969017199523,0.9719449889768778,0.9842932871168579,0.9058374680002685,0.8225465331296161,0.9372977953634887,0.5998743628317769,0.9078448651298807,0.8903319261012468,0.7976969251824406,0.7682992915248953,13854.0,23822.0,7.793103448275862,54.0,0.003566333808844508,0.39257673090649536,0.6573875802997858,0.5791652926885068,754.0,13.573617467065057,0.009826496133824535,-0.0009782993959816272,-10.044467137756548,0.009374211055196641,0.1094277201222357,0.02313039953214382,0.004195548832195035,5.021366057873705,8.437574866263702,9.870372673544502,10.775550506518455,11.452233627062782,11.956140084525247,12.376293643691909,12.74949646252975,13.037207785692386,13.307634445403957,13.528125879679541,13.665729147296942,13.794686024605756,14.077297459385242,14.289159689171004,14.469594721982618,14.483201297980731,14.483201297980736,14.483201297980738,14.483201297980738,45.75714285714286,125.17142857142858,203.0142857142857,287.98571428571427,373.45714285714286,468.4714285714286,558.6950354609929,618.9142857142857,663.6,713.0571428571428,738.7428571428571,691.1714285714286,619.1714285714286,641.5957446808511,651.8,621.8714285714286,490.5,350.5,210.5,70.0,1402.0,382.0,2.2983222499071587,0.634774721049926,1.0442246513807585,1.3477140213249137,1.5779399777941545,1.8279622743661148,2.0745745952894112,2.3861101874349253,2.6619000120791596,2.9804095035274427,3.6393946691693557,7.4426571822351235,1.3956969407874469,0.732316339905374
35131,23.55282591758251,0.626072612394506,1.0,0.6260132323676089,1.1366701024638024,1.066236299792216,0.6544924134134691,1.3002412099337126,1.2262869006060202,1.350152256504301,0.5667854952735312,1.1501080021801868,2.0628997813170304,0.4359079614946417,0.9672889758101959,0.4519938187034473,1.6442163552119475,0.9071994416234914,0.6906020748905224,1.2645471799003902,0.9226732908803869,0.5978461257875085,0.919370984103402,0.8653553542120015,0.9134500469905755,0.7070772538814335,10171.0,13775.0,2.388888888888889,20.0,0.00964630225080386,0.43800322061191627,0.6876006441223832,0.5429944195412173,288.0,22.531048494976346,0.03578447093855744,-0.004723289312473284,-7.5761759594225255,0.0369190874479678,0.5076322356616038,0.12881073061448142,0.013946974138624607,9.144663413438051,15.741107394352989,17.337365755001667,18.450615876607586,19.20016120220802,19.784835143798574,20.289620006737973,20.842743775867415,21.257620291526898,21.6365237837032,21.962390365193468,22.253964376594226,22.505562081986923,22.661238430500486,22.742383952414016,22.813618901756186,23.119708476833242,23.46477730874702,23.552825917582513,23.552825917582517,9.14516129032258,38.854838709677416,71.24193548387096,96.37096774193549,123.7258064516129,149.33870967741936,175.6984126984127,202.40322580645162,231.30645161290323,250.66129032258064,258.7258064516129,275.11290322580646,274.1774193548387,247.33333333333334,207.5,160.8548387096774,158.24193548387098,143.11290322580646,93.5,31.0,622.0,145.0,2.1640036278523516,0.20832249120409765,0.9494214219406085,1.1656264067856499,1.3829845683093296,1.6231692380284357,1.8408174408726214,2.1071693836793615,2.381569529703285,3.002484655118425,3.939324728467886,7.062351349615916,1.5945571241103795,0.73425849566469
35132,18.720298136068983,1.9186061004815187,1.0,0.675417196647736,1.0210587505057853,1.0223902867061532,0.7017407636655275,1.0518834386725613,1.007839005203697,0.8179447429657388,0.7575357326997055,0.9857673907003398,1.1655938849743064,0.7201707954026618,1.0358865535855089,0.617382412119583,1.0905565605380578,1.0132006994343,0.8797870154994267,1.0367655963043783,0.9688225099476432,0.6441241791528748,0.9777537194179274,0.9476053543788157,0.9178947732611488,0.9295266789748274,15751.0,23173.0,6.787878787878788,42.0,0.00618921308576481,0.4088495575221239,0.6628318584070797,0.5694544785982626,523.0,17.929396137756836,0.017360591114189337,-0.0009476435608184476,-18.31974787988385,0.014868754013794217,0.39839384344234785,0.04455885243265394,0.0063741211399459125,8.082726594009193,11.977293074336457,13.50417343988964,14.508554693190264,15.184307857672097,15.756027251960148,16.259182536335928,16.650861148690193,17.00873759487723,17.29534908164244,17.569296604375133,17.838027324808586,18.052957853079132,18.242423034476293,18.484637305846153,18.691368238392357,18.720298136068976,18.720298136068976,18.720298136068976,18.720298136068976,30.58407079646018,95.92035398230088,159.84070796460176,220.36283185840708,266.2300884955752,311.2654867256637,355.3628318584071,397.4778761061947,434.14159292035396,460.85840707964604,477.4159292035398,504.0265486725664,503.87610619469024,491.8495575221239,500.6194690265487,498.6991150442478,396.0,283.0,170.0,56.5,1131.0,257.0,2.463500728258231,0.7321962022421978,1.0453367629632346,1.3743446771267673,1.6673081416666113,1.9232798172139889,2.155101418323768,2.4844220619317454,2.898971734710839,3.488755877087066,4.219915504448634,7.293104017958113,1.5822401031534223,0.825701406328008
35133,21.733393258010633,0.5800955990782636,1.0,0.6809806988774882,1.0127494453048915,1.0528619724606798,0.6897071800515961,1.197138625819142,0.8047782323639204,0.47961973212673753,0.7898607110373078,0.7643720197083818,0.6953961710110916,0.6597905154859117,0.9660389709732544,0.6749364105276134,0.9540293053537555,0.91753619775581,0.9785839991938641,0.7969246708592006,0.9464722161685142,0.6718400774158642,0.8043544983407415,0.8989518483191881,0.974094654728119,0.6718975405127889,51423.0,74507.0,12.324324324324325,84.0,0.0023171135385633896,0.41357615894039734,0.6695364238410596,0.5657061592615968,1207.0,20.170319890704267,0.0075809714742757365,-0.0011876071755296223,-6.383399856854979,0.007004403198321977,0.2009218694786193,0.01973111707046091,0.0027674082671786397,9.672164011864755,13.82751937754307,15.429079238124828,16.495051065331925,17.28632411203307,17.906422174207894,18.432584069184706,18.856004825764547,19.24149403699601,19.5913218729922,19.89106248177145,20.161147695838928,20.38162539532886,20.647426817586254,20.914802106978183,21.16579064766941,21.260898823984796,21.351857502324243,21.71695408330128,21.73339325801063,67.86423841059603,220.83774834437085,346.2615894039735,470.0298013245033,600.8907284768212,741.4602649006622,856.7119205298013,939.4139072847682,1023.4139072847682,1124.8973509933776,1162.8245033112582,1183.2019867549668,1155.453642384106,1137.5066225165563,1122.8774834437086,1069.3741721854306,831.1556291390729,580.4735099337748,445.8046357615894,151.0,3021.0,625.0,2.3383038700875263,0.17751166719887018,1.2281047231087452,1.5629997140846255,1.8036941173961474,2.0285291509386543,2.199047704935723,2.4071621395031375,2.6565822165741757,3.024794697120301,3.5996261262019327,6.54997527234172,0.9875180211899358,0.370666291564703
35134,15.106841251010978,2.1046217724284273,1.0000000000000002,0.6621058823061928,1.0382107774932587,1.0819989452324057,0.7169989138073731,1.2213635995741956,0.7049578164408598,0.5383368037115461,0.3231439177535312,0.6515328129912731,0.7508195526446421,0.26457634554213744,0.8177895657113883,0.578127400180398,0.6639682345572377,0.7558136441027056,0.8063155871610094,0.5436286416172197,0.9481799881475225,0.6263960564357294,0.8937784469740173,0.8763224699298207,0.8736359907569053,0.7317873623265141,29952.0,53324.0,19.533333333333335,120.0,0.0020797227036395147,0.38210818307905686,0.6432038834951457,0.5954553122703287,1392.0,13.718488218037233,0.005309806760076964,-0.0012233505774248447,-4.340380311303827,0.0045083978774558085,0.1004464808201371,0.008775950610294419,0.0022280827459121534,6.044645724375056,8.729651615100343,9.91463040540892,10.735771503026255,11.334948113165957,11.867114488485157,12.294991076087307,12.657616680291978,13.011633150674259,13.306976921293543,13.561405337050065,13.774052995409356,13.842627696861742,14.071250579255896,14.421099128778671,14.705426962391764,14.88680257364568,15.040974734139546,15.106841251010975,15.106841251010977,104.29861111111111,288.5208333333333,449.2249134948097,614.5138888888889,753.719723183391,890.25,996.4705882352941,1099.0625,1205.5121107266436,1298.361111111111,1335.25,1285.3010380622836,1064.861111111111,994.1833910034602,1022.3194444444445,989.1626297577855,872.6180555555555,681.0346020761245,432.5,144.0,2885.0,746.0,2.3127303515498934,0.45216076396654076,1.1838273499105065,1.4931609992436778,1.7121588980616336,1.9027224080411995,2.119130220783606,2.4061957555402986,2.632900742433911,3.1031626916987363,3.6937611925978713,6.473936416750253,1.0070060117609985,0.495570291834883
35135,27.352713956326372,1.6587381602495737,1.0,0.7303276922512488,1.001732026118236,1.0660811650732331,0.7464244428325086,1.20524250320369,0.7611536977653435,0.5771546949644988,0.4654713253809443,0.713973497236542,0.7732258777249172,0.3862055346900408,0.9508342542343913,0.6414728844655895,0.7885454390855127,0.8918966823403872,0.8593942637132136,0.6542628865057921,0.9400491185700555,0.7331532800321894,0.8081719839119622,0.8817800645652341,0.9822203534091699,0.6705471983967848,17833.0,22037.0,2.883720930232558,30.0,0.012587412587412588,0.438375350140056,0.6820728291316527,0.530091431840829,196.0,25.991430476175815,0.08616919723908566,-0.00790279407106619,-10.903636924384681,0.035985960498707004,0.24136256259838892,0.060125040788225774,0.017266337350687375,4.916775077075316,11.762161122471438,13.863328034243544,15.596429234459528,18.00808564315525,20.00531773527179,21.43803944410611,22.303839876663268,22.969801461361367,23.56220236272368,24.031967339625748,24.55651656845786,25.018760496360965,25.421418511192037,25.859032761015815,26.147796809814356,26.53202962966759,26.746833396956756,27.11242101940539,27.34602055352413,10.408450704225352,26.704225352112676,44.861111111111114,51.056338028169016,46.52777777777778,58.985915492957744,79.19444444444444,104.43661971830986,131.86111111111111,152.05633802816902,159.8732394366197,174.41666666666666,182.45070422535213,172.91666666666666,182.6338028169014,174.11111111111111,162.33802816901408,134.13888888888889,90.26760563380282,34.75,715.0,126.0,2.2326266865939006,0.4312248912852124,0.9986840769671044,1.2237705836169936,1.5891898910514122,1.8392724124874649,2.076358382741618,2.2390326249426393,2.7410699186529923,3.06007177389561,3.8349993184150692,5.592903820375106,1.1530611395575077,0.662868523302022
35136,18.70857387422315,1.291061042747941,1.0000000000000002,0.6652086469282109,1.102127298648961,1.0769521483345528,0.6963243230432312,1.3394364047472607,0.6022061062952787,0.4184086386968235,0.2814841249810233,0.5591762895190444,0.6008818374578689,0.2101511680460386,0.9313047812884461,0.6483932420016971,0.8147921577559074,0.8647596671111689,0.9311655798090536,0.6083097001605322,0.925320259404399,0.6332147258948213,0.8651988290446041,0.8592027610840053,0.9093675244997987,0.6459424471204059,49594.0,75068.0,17.87878787878788,94.0,0.002095808383233533,0.39622641509433965,0.6549865229110512,0.5795711255563428,1432.0,17.15806627467686,0.00553210272969832,-0.0010221703305987977,-5.412114364988033,0.005216385993254031,0.19228085513723275,0.012467678420260418,0.0022129632765258704,8.625618024400772,11.774399221267153,13.037904763341194,13.959747867014077,14.65138494350939,15.205064995171885,15.655498257827372,16.044975712988144,16.429747422275675,16.733018205776354,16.983811786653135,17.231247445647465,17.45720341739437,17.696172207428678,17.9075012002899,18.078681806897055,18.120795351928027,18.340215325781323,18.659955053030135,18.70857387422314,117.96996996996997,313.5,483.8293413173653,638.8353293413173,772.0449101796407,894.6437125748503,1042.434131736527,1158.751497005988,1300.002994011976,1377.1467065868264,1392.5718562874251,1380.991017964072,1345.0449101796407,1342.7035928143712,1295.2784431137725,1150.8053892215569,845.1347305389221,640.8413173652694,477.9071856287425,166.5,3340.0,856.0,2.3243583302891713,0.3389460519285369,1.2995868811600872,1.549674846267925,1.757473589095743,1.9753460478649407,2.196300683226087,2.39310034725366,2.666971860926107,2.927818277311025,3.5072978736980245,6.863994138699659,0.9055144215848292,0.278906394087244
35137,20.015448692220914,1.3888829661192919,1.0,0.6472998292157486,1.0728469528827866,1.1328330876942394,0.7398628243506606,1.4092012988123657,0.7473293015252476,0.5512021791221153,0.49955113807760565,0.6596993940619764,0.7450059132324658,0.3544923911854275,1.0425374691715077,0.6320788896487488,1.0853305594757627,0.9202922129450519,0.854319028940928,0.7701742543030922,0.8401307613625297,0.6005194404228584,0.63197298715298,0.7416191939383816,0.8116632173672238,0.44846182563526493,33198.0,49678.0,8.052631578947368,56.0,0.003885381253035454,0.4518950437317784,0.6865889212827988,0.5353797418500994,791.0,17.95423856527774,0.013716190891531142,-0.002685051005782203,-5.108353942622915,0.009050809390719932,0.08548878518966889,0.02145078583243018,0.003993968103055267,5.572995623720531,10.796693641881394,12.956878065726949,14.150229651909566,15.060623439149985,15.758658138872368,16.36413476986062,16.84187537796768,17.237611652618526,17.609511471652315,17.937049386834435,18.176132903121186,18.48099321130278,18.751763065040684,18.900945805814306,19.131699482690014,19.394466527829245,19.61838532499862,19.852821745613785,20.01544869222091,42.59512195121951,107.9368932038835,182.79126213592232,280.1116504854369,354.1796116504854,420.95631067961165,523.7317073170732,592.247572815534,656.8592233009708,715.5485436893204,757.8980582524272,731.3932038834952,750.1990291262136,745.3463414634147,659.1407766990292,597.6747572815534,530.6844660194175,425.8592233009709,282.04368932038835,102.5,2059.0,520.0,2.168775328388255,0.28635937716433946,1.3121437373484968,1.5703947805520746,1.719197736825855,1.828618631919934,2.002891764616059,2.159702777788303,2.377552656868001,2.7423354436993628,3.307218240981398,5.747931857460115,0.6622494388911443,0.342596184397116
35138,30.412921150536395,1.9637368430245616,1.0,0.6994868729429353,1.0790764154681811,0.8688382862832745,0.5912522708138759,0.7889718876555466,1.252448896182932,0.6060059329779555,2.8813981841009246,1.4415213002878489,1.0249532439744726,3.652092335841122,1.234654927312476,0.7989361072158565,2.4083304403676524,1.4210411152506823,1.3512609534946864,3.052492082479742,1.084702472920896,0.8317967886930202,0.8150636247738755,1.2484515128368106,1.406839059658964,1.0330705536237308,6890.0,10192.0,3.066666666666667,26.0,0.015151515151515152,0.45920303605313095,0.6907020872865275,0.5238550421633583,110.0,29.454414361825727,0.2163325173770606,-0.006102695819030994,-35.44868100789768,0.053983271930762494,0.2967427099554245,0.08089852818721033,0.027238714421538482,6.634656725608988,11.717368182622547,16.24558086505377,18.57233631355495,19.828436975852817,20.85216249412,22.012214048973252,23.15569903169167,24.193145497407013,24.930469685006653,25.561942878297955,26.299987288234256,27.105341248629813,27.701230232521127,28.292564861772934,28.83931432042,29.44421813358533,29.828328511990275,30.003250974471154,30.203878465838812,8.115384615384615,18.943396226415093,22.962264150943398,34.22641509433962,46.46153846153846,58.471698113207545,58.37735849056604,64.58490566037736,65.61538461538461,77.32075471698113,72.9622641509434,76.0,78.84615384615384,82.66037735849056,97.01886792452831,96.05660377358491,102.88461538461539,98.64150943396227,71.0,22.18867924528302,528.0,59.0,2.380965376166209,0.4169130954511152,0.9387283890744736,1.167728419410437,1.5001965759140394,1.8911215128711325,2.3447154475426584,2.6130482313882077,2.8641985481007026,3.545543634072906,4.233496489430485,5.0552278579277266,1.4523723695857886,0.86955096059246
35139,21.867923685299854,0.7319280382288125,1.0,0.6085344280326411,1.2693464597424946,1.1346002195168947,0.7473801207358126,1.4286331765235798,0.9826282473497652,0.9831306204947933,0.5334790849696016,0.8660568105373379,1.3154358715440264,0.3734192189682755,0.8909995218185858,0.5608530943549238,0.8474818962846972,0.785298210322899,0.7504254913854964,0.593211686674497,0.8636382811936347,0.503265809971789,1.0877217478160612,0.7611828962639953,0.6733732889179772,0.7613723142443825,187595.0,270273.0,18.73469387755102,130.0,0.0009191176470588235,0.4147686651006026,0.6729649678275967,0.5508469204803644,5750.0,21.379167829085688,0.0011963754871084412,-5.349793862223355e-05,-22.363020294229276,0.0021587167446707224,0.2783414911186616,0.014312505278316267,0.0007854431240998101,13.012627927615611,16.58998866185784,17.86292347043232,18.663853300248565,19.255136944718554,19.749576844164697,20.147344090193716,20.475345269847807,20.757062043282275,20.99657011690184,21.165220203947936,21.36620893751534,21.524520942957714,21.665401181721734,21.836907987730154,21.867923685299836,21.867923685299836,21.86792368529984,21.867923685299843,21.867923685299846,332.00919305413686,994.8702757916241,1679.4637385086824,2361.5628192032686,3014.3483146067415,3655.7487231869254,4275.857142857143,4860.760980592441,5309.587334014301,5548.078651685393,5504.228804902962,5645.412665985699,5534.20633299285,5309.983673469388,5227.077630234933,4406.0,3427.0,2448.0,1469.0,489.5,9792.0,3057.0,1.9573855126293394,0.22703672776150707,0.8552820346160087,1.0699631020859033,1.248389915137554,1.4267719332959405,1.6440992564804302,1.8754823624126349,2.191414093650666,2.6103583275568196,3.3827233584011878,10.266250710982506,1.4842048661061622,0.121723104214761
35140,12.311027162555252,1.8821662529730734,1.0,0.5853579295785141,1.2572616207449199,1.1868393465678575,0.7809344956427143,1.4929785555673778,0.5602734323741534,0.31461669282492344,0.32587740350576233,0.472071838530102,0.402872064917547,0.21827333171702448,0.7365620464135075,0.3885820266171966,0.775518039386232,0.6206080448407131,0.4975859419520084,0.5194435221418913,0.8368826623461066,0.46538740798960415,1.0039298958688894,0.705135589552396,0.5959365485661985,0.6724342369990473,62104.0,86444.0,5.647058823529412,42.0,0.00264861683343143,0.4133058581100971,0.6782455107447748,0.5387466132197557,2272.0,11.970270686348805,0.0028714281153622324,-8.759219784423244e-05,-32.781779496714655,0.0030700208741778565,0.04825990942236206,0.007174604477188489,0.0014955841200728164,4.718241121141837,7.236315160868259,8.433541903723397,9.216956525709127,9.81665145524319,10.314004652693136,10.741025120053232,11.086372215168318,11.381595352077982,11.58123167506122,11.815541209178072,11.982126224027725,12.089340099177116,12.262187459614134,12.311027162555247,12.311027162555247,12.311027162555247,12.31102716255525,12.31102716255525,12.31102716255525,141.87315634218288,376.3764705882353,601.8529411764706,849.2764705882353,1097.740412979351,1345.835294117647,1573.9882352941177,1784.9,1975.7079646017698,2038.3823529411766,2191.541176470588,2236.6294117647058,2116.9380530973453,2104.641176470588,1868.5,1528.5,1189.0,849.5,509.5,169.5,3398.0,1145.0,1.6903880515416063,0.32982151950225647,0.7032536308141393,0.8760950403177075,1.0327330129503423,1.1810875519493644,1.3476322984377993,1.5675557870662746,1.8008544269226376,2.194219804784781,3.1152114104258444,9.420610190580508,1.371077231501396,0.711252572559752
35141,20.77494936423658,5.685192328979895,1.0000000000000002,0.6424351461634389,1.1397767769898317,1.0891630119519937,0.7050527189345027,1.3574713369045872,1.8839422897584692,0.7618416558388029,3.5826185670205257,1.729715634009711,1.080545660458017,2.639185424857584,0.8686018740473797,0.5591168631338833,1.0696971422253727,0.7974948327437917,0.7930142642082678,0.7880071668139824,0.9113723189138437,0.6012802998872258,0.8807753276868001,0.8367639268987714,0.8528160855771169,0.6488353040994687,30708.0,49280.0,9.38888888888889,54.0,0.003256003256003256,0.3941368078175896,0.6465798045602605,0.5817643564497327,1416.0,20.374675352294293,0.005519407713888657,-0.00025931229749534513,-21.284789681012853,0.006144037880804839,1.0646232574351633,0.033873501454908084,0.0030667900983989563,11.360849930190746,14.728720251027328,16.128850807363694,17.092076677642964,17.73417811664027,18.267136066165065,18.654879497115555,19.008606236459734,19.346834334029886,19.654877794892418,19.950441742006905,20.1778706870809,20.35484576655018,20.431158579889892,20.593652790448292,20.751651438556447,20.774949364236566,20.774949364236566,20.774949364236573,20.774949364236576,81.46938775510205,215.9227642276423,352.38775510204084,503.5813008130081,648.7764227642276,791.2897959183673,893.6463414634146,1006.5,1105.6204081632652,1192.1341463414635,1307.3943089430895,1349.265306122449,1369.5569105691056,1229.9308943089432,1165.1061224489797,1083.9959349593496,859.5,614.0,368.5,122.5,2457.0,609.0,2.1450170061961296,0.39449754417725763,1.104938768336283,1.308951170931231,1.5368407209425436,1.7289109889093295,1.9364898395746053,2.212848931184017,2.452461397063853,2.90999709546734,3.4357292425386117,6.410744271038664,0.9827102762273883,0.38719876144547
35142,26.894189654056326,1.2182099217397577,1.0000000000000002,0.6180596415326622,1.207573625178241,1.1388845326435115,0.7662559369406867,1.3744523859515396,1.9915457326016792,2.6054888804140783,1.2098202349726586,1.7486809904942873,3.400285407009852,0.8802198223368025,1.0846307290982518,0.7214017801652253,1.3304246202365815,0.952362331746372,0.941463217949679,0.9679670491571976,0.8531836320409346,0.48896197352678167,0.9893305143355959,0.7491397131020606,0.6381183491758453,0.7197997722203218,51196.0,75290.0,10.731707317073171,82.0,0.002849905003166561,0.3997465948685461,0.666138739309471,0.5571974413310742,2099.0,26.662014960070003,0.003342522873923089,-9.730764234980019e-05,-34.35005507488747,0.008133031274094574,1.8380599456485798,0.10324698734066982,0.002920839760911601,17.96071251319754,21.76950750530426,22.990560119070796,23.744477414865067,24.362518564560677,24.84929960642464,25.227235114030222,25.56826434214408,25.842705845510444,26.09674687562449,26.32457109528281,26.524705268806798,26.66204586716914,26.71465461809555,26.85443415685107,26.89418965405631,26.89418965405631,26.894189654056326,26.894189654056326,26.894189654056326,100.09206349206349,318.59493670886076,543.0506329113924,766.3481012658228,982.1015873015873,1212.3354430379748,1411.7784810126582,1605.0569620253164,1729.0126984126985,1876.392405063291,1990.5949367088608,2061.5632911392404,2010.1968253968255,1781.8101265822784,1674.3227848101267,1420.5,1105.0,789.5,473.5,157.5,3158.0,993.0,1.867289463259573,0.42330624407685236,0.8249919311860453,1.0204990717297198,1.154055692870557,1.3766174808963982,1.588401146790035,1.8106129079033901,2.064671286207509,2.504177944741842,3.2959267505066445,9.462670834983971,1.2931837877456693,0.776681846452411
35143,18.981313983318277,0.8988140158421343,1.0000000000000002,0.6800812923014,0.9928666092495204,1.0335955138366617,0.6800812923014,1.1361463432563674,0.6846953387034467,0.41962208763531944,0.5064738726281116,0.662440315904514,0.6170175424401327,0.4457822494736733,0.8959295957779426,0.6588023760455174,0.6982932784322278,0.866808711709952,0.9687112165901893,0.6146156105478573,0.9775653779461475,0.6881015997191084,0.8674584315481666,0.9457910419110347,1.011793159889118,0.7635094164558937,100579.0,172487.0,36.1764705882353,202.0,0.0008786243253420359,0.3845091639467738,0.6431082098920412,0.6053163553577153,3811.0,17.575687202950334,0.001992688709509387,-0.0004004578054341293,-4.976026643678846,0.0022699598251915824,0.11290196579943758,0.0071035840953232714,0.0009008422764317316,9.595935845084245,12.708001027948656,14.047000286762422,14.903595867028061,15.559080018759923,16.06463408877287,16.43790978761362,16.812624840995216,17.11483490431729,17.403032420270467,17.620319452987605,17.72819662705238,17.976184992199652,18.21405230947673,18.46260367113059,18.668546842827844,18.93949750106083,18.981313983318273,18.98131398331827,18.981313983318273,266.34422110552765,771.6486825595985,1257.786432160804,1725.818067754078,2197.9598494353827,2631.665829145729,2902.3977415307404,3212.516938519448,3421.6281407035176,3613.7979924717692,3617.2747804265996,3157.570351758794,3170.1317440401504,3054.745294855709,3009.3442211055276,2759.2609786700127,2681.3525721455458,1991.5,1195.0,398.0,7967.0,1939.0,2.4893873912870395,0.05817355568958227,1.2530456646689991,1.5784462188452102,1.8502846888020246,2.063892256358259,2.2894764422403893,2.5324851349754227,2.8211978076608046,3.2519665131950077,3.949919000189395,12.535042001801894,1.3630024875007747,0.130691438210197
35144,57.00891326447411,0.803475998875515,0.9999999999999999,0.7522353427665515,0.9270973449366655,0.9657361134770412,0.6699673165638603,0.9544165000558025,2.0331125554573477,1.3956878989333148,5.200496526407906,2.105246482020144,2.083217889033069,5.4488753349338,1.2567359741188682,0.8488287879355987,2.434591442081076,1.3013244058919051,1.2669704431092044,2.5508689779972697,1.0144616420276484,0.8080908983493909,0.7648422442355215,1.0504542885687225,1.2061646566491349,0.8013715649203498,149221.0,219829.0,27.767441860465116,158.0,0.00100363818843307,0.41568381430363865,0.6649937264742786,0.5794107888361187,1968.0,52.34222828549919,0.008067543451959083,-0.0018310506084063848,-4.405964212524139,0.007052125127427678,0.5129890786349987,0.03814486796045335,0.002553220558719847,32.34208575514244,39.55822586538978,41.923531139746295,44.04028300315901,46.56464252233657,48.049424468015786,49.01690653856112,49.76139840951546,50.41489966409764,50.974148199060906,51.4531519561306,51.96084982164559,52.37928267416417,52.7884052309741,53.20795950211301,53.56538334058731,54.105848107888335,54.226914035200565,54.92373282889128,56.23230727046899,123.68130489335006,354.31994981179423,411.68130489335005,302.375156838143,584.6474278544542,892.9447929736511,1175.1342534504392,1369.4667503136764,1525.6762860727729,1715.9209535759096,1753.7741530740277,1889.5570890840652,1898.8381430363866,1825.4592220828106,1730.948557089084,1536.5809284818067,1538.6624843161858,934.9648682559598,534.2936010037641,281.04887218045116,7971.0,1377.0,2.6129097511282167,0.0686837377822366,1.2840985562028266,1.642869729757426,1.93428094474733,2.235430031525304,2.4914903570245786,2.775788723657293,3.1046646334094463,3.4766387204872724,4.048027311950081,9.66665520300714,1.2886916119564478,0.083751790819224
35145,31.51810043657339,0.44942697694412953,1.0,0.7570040785697427,0.9226363387385818,1.024327004952768,0.6811645907899117,1.1536956717060198,0.7540025649381089,0.5058930586269268,0.6188533149224369,0.7360955644949302,0.742688427242333,0.5364094969753259,1.136196776472094,0.9374744774914086,0.8934100682983397,1.1092129476021033,1.376281871029537,0.7743897201046229,0.9556749985332534,0.7788086934754376,0.6575050167492278,0.9329784277017278,1.1433487647563902,0.5699120078841473,129849.0,193333.0,34.75675675675676,322.0,0.0012628034236003929,0.44597249508840864,0.6821498737019366,0.5490268712061729,1891.0,27.683728881456773,0.006303726680770755,-0.0020508827554768165,-3.07366506639,0.004359903656978566,0.128060393872171,0.011884805123577293,0.001698002277705869,13.574942754455845,19.42544659837257,21.747587797661996,23.145054855040264,24.169558887015594,24.962555426661975,25.62567998188523,26.182991843564622,26.646823080796587,27.092784881601872,27.493002235492266,27.856996200063264,28.210517072184945,28.53238204345365,28.89337331146581,29.259604559837815,29.664016770215373,30.091881954510672,30.529279336289516,31.25123477330036,127.51966292134831,313.4193548387097,554.0926966292135,806.5960729312764,1049.9887798036466,1261.8005617977528,1452.0518934081347,1592.0336605890602,1721.3398876404494,1807.4740532959327,1845.0687237026648,1840.373595505618,1833.2440392706872,1728.297335203366,1599.426966292135,1440.921458625526,1281.2931276297336,1056.2275280898875,719.7769985974754,298.64516129032256,7127.0,1285.0,2.6942813745559504,0.2833760455029767,1.6027733391514245,1.946007372813024,2.220431230086752,2.425246437663641,2.6385833435583184,2.821404628752902,3.0928784621655034,3.3878539399634997,3.8268922791300826,8.801160843303832,0.8220436746856181,0.105651926905848
35146,29.35548285578185,0.5365968367908027,1.0000000000000002,0.6009647902886208,1.2829993936732107,1.1549745268938647,0.7251943673852113,1.6207698772190056,3.001949000373889,2.7389067942707785,3.528395114736677,2.5991473668663434,3.776789944117032,2.176987099976751,0.7481691511543168,0.5237166889402749,0.6169279832960849,0.6477797853831534,0.722174236996087,0.3806388506890561,0.8459232847188303,0.5290906786070968,0.8988994531344545,0.7324172655078527,0.7295846498571225,0.5546126354944535,103082.0,156160.0,22.3,158.0,0.001262427015938141,0.41950757575757575,0.6680871212121212,0.5608998794534065,3338.0,28.170236422350136,0.0021326477539339297,-0.0003367080668748566,-6.333818413464282,0.004548435293401366,3.1401443138615845,0.06095609243930444,0.0015781786111491367,20.263470399425866,23.755068684499467,25.054180352099944,25.899568827168668,26.476204519176783,26.926520128733962,27.299799326504942,27.618277770393757,27.88862192317751,28.11771754377383,28.310186586545903,28.50191838402984,28.67512428816314,28.878150132184974,28.978873063312772,29.141555317811594,29.294538464902807,29.355482855781837,29.355482855781844,29.355482855781844,221.0268562401264,642.1971608832807,1086.5734597156397,1535.7933753943219,1943.4242902208202,2343.7503949447078,2654.2476340694006,2930.0488958990536,3132.8767772511846,3255.5946372239746,3179.6703470031543,3120.7109004739336,3006.957413249211,2981.0173501577287,2638.911532385466,2372.1309148264986,2088.417981072555,1584.0,950.5,316.5,6337.0,1993.0,2.095454364796307,0.43841862481839633,1.0291503670059192,1.2647181914591383,1.465947923330224,1.650129639374112,1.8550635714354997,2.0980508628737518,2.3802267768409715,2.765857317675149,3.440011948582114,9.76009123339887,1.124673046241086,0.242494376448449
35147,18.541454953035526,0.48155518777219575,1.0000000000000002,0.597537028254748,1.3569926115152402,1.1411444640635937,0.6975296324336087,1.613223115387451,1.383674449557974,0.4232344348152107,3.15003425912863,1.2125322368306775,0.6067619426268525,1.9526339717566468,0.7113537406673416,0.4421575009189046,0.6164415122324403,0.6233686996423086,0.6338906339738756,0.38211795154223804,0.8747423074209136,0.5181117346358468,1.0966380005248768,0.7665482635791554,0.7427809666353652,0.6797807383645722,15618.0,20684.0,3.135135135135135,30.0,0.009685230024213076,0.4266666666666667,0.6812121212121212,0.5367846076960641,433.0,17.95745293976479,0.019804757372243867,-0.0008315488324831251,-23.81670997372938,0.021890787594258578,0.8428225736817018,0.05723516124756994,0.008650429062641893,8.203653104010993,12.050376928850413,13.566068132273342,14.582030986801817,15.303213770840294,15.876366637581437,16.263418347217616,16.622951687306585,16.979911824734668,17.32833298826333,17.60370732405749,17.916367762105217,18.10672037287109,18.251462468576207,18.43804954551637,18.54145495303552,18.54145495303552,18.541454953035522,18.541454953035526,18.541454953035526,21.378048780487806,74.80722891566265,116.10975609756098,152.12048192771084,203.20731707317074,246.78313253012047,286.5487804878049,301.9759036144578,343.6707317073171,384.49397590361446,400.09638554216866,421.9146341463415,412.7590361445783,392.4512195121951,395.95180722891564,371.5,289.0,206.5,124.0,41.0,826.0,272.0,2.0967368024309243,0.40658818051352774,1.0135974928778757,1.284161654459844,1.4837048587168924,1.6522582295703376,1.832441171885208,2.0529605136512856,2.252876588238567,2.5342789389677276,3.4711459282243933,9.005937067972816,1.4722111113633762,0.919305473251734
35148,22.696075511664784,1.633775628966736,1.0000000000000002,0.6306642023422763,1.2112574120837931,1.1368916737257746,0.7275100562744881,1.5171252681595522,0.9609197574356733,0.7659738762489738,1.024052986780437,0.8452166372954307,1.0528704993735145,0.6749956699506636,0.8756662296089184,0.5369946763727976,1.1122951391605878,0.770228377818285,0.7381268090268028,0.7331597215501723,0.8614767843158808,0.5667670657553987,0.8473535151551499,0.7577474655018667,0.7790504899104221,0.5585257413734117,117008.0,183676.0,32.205128205128204,170.0,0.0012059493501272946,0.4174484052532833,0.6691235593674618,0.566529766425045,3208.0,20.218559040324404,0.0022543354360837525,-0.0009084148420898739,-2.4816144911255424,0.0028226078642050456,0.17858476470462942,0.013762416006558994,0.0011010072620412756,12.52404892863777,16.07446236323522,17.305488732707204,18.14249720135724,18.743098209020932,19.216061019143737,19.604273764014927,19.92382585824786,20.199049555357377,20.417110190394496,20.63121430176831,20.90206071731883,21.06634855930457,21.363403121209576,21.474384860602914,21.79257603017639,22.158196831007157,22.473571239344025,22.608278923237407,22.696075511664784,233.5857908847185,742.6742627345844,1248.132707774799,1696.2074966532798,2116.832439678284,2522.320375335121,2837.6581769437,3042.3560910307897,3151.819034852547,3066.451742627346,2906.030831099196,2889.9317269076305,2597.1970509383377,2571.4142091152817,2079.8833780160858,1916.7496653279786,1833.2399463806971,1613.3686327077749,1030.3739946380697,373.0,7463.0,2224.0,2.2248478175527784,0.39607478593191714,1.1750137410115462,1.4382462497517643,1.6344900837504077,1.8251265125086715,2.036707868750994,2.2445856164003746,2.5101349087117373,2.918912293299728,3.4814980388572647,12.47917975348121,1.0621394887918325,0.152059783968143
35149,16.345727321688603,2.3301222904460817,1.0,0.6960569790518248,0.9419501648912129,1.0009309159879947,0.6953437805603656,0.9989084167126814,0.9667136586996398,0.5735042332269192,0.7355371766218811,0.965814566478267,0.8247779720769804,0.7363409541011462,0.9416911839993867,0.6561319621581301,0.777998218222548,0.9408153639353483,0.9436080116073874,0.7788483961151021,1.010981480282595,0.7098475445909184,0.9082578693246994,1.0100412167653745,1.0208584076481773,0.9092503918564379,14425.0,29347.0,15.52,74.0,0.003711558854718982,0.38885941644562333,0.646684350132626,0.6015108841635468,844.0,15.218257061182495,0.009545474494759659,-0.0010182335486004905,-9.374543303822017,0.007435334234080913,0.16637938218285508,0.01768564254714091,0.0035132488533236015,6.697231782415107,9.693833944637928,11.141799080450587,12.145561985058862,12.83123939279835,13.332698784645448,13.753288923151603,14.133457611550584,14.446542054012898,14.713066518001696,15.023178335609291,15.304331130620012,15.476265218998,15.68812761475148,15.915486293442198,16.241430137914858,16.345727321688596,16.3457273216886,16.345727321688603,16.345727321688603,59.54255319148936,167.16402116402116,265.06382978723406,371.12698412698415,487.8723404255319,566.8359788359788,647.063829787234,700.8518518518518,738.3936170212766,747.5767195767196,798.005291005291,814.968085106383,776.8571428571429,775.3191489361702,736.968253968254,782.0,660.0,471.5,283.0,94.0,1886.0,401.0,2.472932335447551,0.5853476359931858,1.3784069600196724,1.657186974989779,1.9152040424814831,2.1358869349143768,2.366876548267789,2.596644170684325,2.8402652839418367,3.1557676344334364,3.812560135158194,5.858557242967876,0.9384512924757064,0.574326972756535
35150,23.467767891936653,3.05649783664368,1.0,0.6404750231172857,1.103319232768568,1.0807228175202626,0.7123045736411439,1.2262112867207595,1.8771189425998875,1.4231833763833956,1.5363912887599578,1.7369106233057703,1.9979983690240766,1.2529580386335446,1.0654104270589972,0.8036759894790423,0.8492770802692408,0.9858313434184726,1.128275767444294,0.6926025632502952,0.9099135180945626,0.5684525845522186,0.9664287285429726,0.8419490209176623,0.7980470792801657,0.7881420918310742,40015.0,61609.0,10.11111111111111,56.0,0.002457002457002457,0.3925561797752809,0.6573033707865169,0.5816775937233303,1706.0,23.14629933393534,0.004112658189802085,-0.00013741928970014962,-29.927808525105533,0.007166878530650621,0.956101692879448,0.0676483399191715,0.0028711802136551505,14.338376553751846,18.133603264509695,19.37579505724677,20.146528486434278,20.71374382926051,21.184439339547538,21.60644981775823,21.975653150284504,22.309607569713265,22.584366951507146,22.784523593112446,22.949056041704132,23.1227885671682,23.26224089462626,23.37652236731585,23.44879035764313,23.467767891936635,23.46776789193664,23.467767891936646,23.467767891936646,88.09859154929578,282.56140350877195,487.8561403508772,671.8526315789474,819.5333333333333,999.438596491228,1165.9859154929577,1329.6105263157895,1481.578947368421,1627.6947368421052,1670.8842105263159,1649.9543859649123,1672.2947368421053,1598.8028169014085,1451.8842105263159,1260.4350877192983,997.0,712.0,427.0,142.0,2849.0,774.0,2.2093951549150184,0.4903691098647173,1.129772329295449,1.3660782423412647,1.5209215281077473,1.742693445634795,1.9448937015445005,2.1769045890261145,2.4629606941326174,2.9695397245422765,3.6638992996707533,6.43745319623353,1.1282852453366927,0.594202827867121
35151,13.447520895322032,3.0245347822852424,0.9999999999999998,0.7045615883214786,0.9850202954166479,1.0085821435422402,0.6584583469470867,1.191371435216556,0.8569791159625264,0.6278902632014991,1.583914349136618,0.8496869803313502,0.9535762833179726,1.3294882706741322,0.8246002861688402,0.648750194226543,0.46347549066785965,0.8175836657912289,0.9852562386587471,0.38902686178942464,1.0821795110768708,0.8016336982855455,0.8459651867640389,1.0729711189176416,1.2174402557159236,0.7100767751832723,8015.0,13587.0,6.32,36.0,0.007308160779537149,0.39146341463414636,0.6475609756097561,0.5956121979427722,349.0,11.615753467827949,0.02345105410101401,-0.0071448689922806756,-3.282223106728836,0.01271095867443511,0.11390797677426477,0.01754949652488553,0.008505807319867996,3.8488042179471673,5.958630301698534,7.0879190678319794,7.999670015969351,8.781159481873427,9.481177644410174,10.015617001663028,10.457804884819403,10.772878267341966,11.171949794844018,11.462404024906222,11.650106383901381,11.863768453881208,12.006336963365356,12.277479978651389,12.519665981787492,12.775445314955899,13.162553588893696,13.423484502617097,13.447520895322027,31.0609756097561,78.76829268292683,110.2560975609756,140.08536585365854,187.3780487804878,227.0609756097561,252.9390243902439,278.890243902439,282.0121951219512,312.5975609756098,332.5,317.3780487804878,302.0121951219512,258.3292682926829,242.35365853658536,215.23170731707316,191.9878048780488,160.890243902439,119.67073170731707,41.0,821.0,178.0,2.7291666496536875,0.9369525884910603,1.5270474143738484,1.7882640336688165,2.0249983734521004,2.319077248731966,2.4997601991958467,2.777255023733207,3.010168143018416,3.4155525584457544,4.231221352351476,7.2107981583541445,1.3543783405852168,0.784126727574039
35152,12.401414003703502,2.5542889772439357,1.0,0.5821415761537496,1.356656486638881,1.2069035044783478,0.7416369865775174,1.8329290037141526,0.5000422280093975,0.28983149714982054,0.38702524922154136,0.41431831638066835,0.3907996801606749,0.21115124941407626,0.874612122273671,0.5560574539045433,0.7686739376152459,0.7246744408549042,0.7497703916718331,0.41936918236202536,0.7903663412920677,0.4860103898636304,0.818087612410408,0.6548711958821287,0.6553211323864193,0.44632804148588273,21921.0,33335.0,6.777777777777778,46.0,0.0037854889589905363,0.4217171717171717,0.6717171717171717,0.5496474089729083,814.0,11.13185640618954,0.00913996517203302,-0.0010080422750247254,-9.067045498472604,0.006216619334886091,0.05812599775205157,0.013884687292232956,0.003400487665022106,3.877220625262927,6.771157589462263,8.011719111999161,8.865398141554964,9.474420053621001,9.934136086764052,10.337262752300619,10.6705424706053,10.998571476529323,11.169100297371722,11.375383672204793,11.548390522308722,11.846540910865462,12.067073258448422,12.284319518478647,12.401414003703492,12.401414003703493,12.401414003703493,12.401414003703493,12.401414003703493,65.00632911392405,170.75316455696202,276.42138364779873,372.5126582278481,466.4025157232704,545.4367088607595,619.5157232704403,684.7658227848101,770.062893081761,736.0822784810126,726.1962025316456,710.9245283018868,767.3101265822785,784.7044025157232,790.0949367088608,713.0,554.5,396.0,237.5,79.0,1585.0,509.0,1.9151698214886952,0.37558930623128506,0.900529140216627,1.105020580093816,1.3163071941169586,1.5106330951786437,1.6832119813596766,1.8778152463227846,2.1439741779811565,2.6291461419282367,3.2242598990620954,8.52598782457979,1.0037814515643664,0.822716070981696
35153,15.06378315545054,1.034912001718443,1.0,0.6661161069458829,1.013568785207074,1.0542815196416966,0.701197977206759,1.1594485531176137,0.8060332556659019,0.6557138691793776,0.4708575860648021,0.764533230118495,0.9351337147198162,0.4061047683389869,0.8233542165859002,0.5535305360597503,0.6372203202102675,0.7809623912081108,0.78940692080253,0.5495891288120209,0.9737222468439345,0.6534542547555582,0.9119295668329137,0.9235884616234755,0.9319112090976228,0.7865200783431467,24090.0,39662.0,10.969696969696969,66.0,0.00290838584585555,0.37875848690591657,0.6440349175557711,0.5927270519778525,1108.0,14.345726914714692,0.006780409894005258,-0.0006974712420095534,-9.721418584183555,0.006803526262721677,0.13514737726668224,0.014699422229636893,0.0029808560378478607,6.0420322957062735,9.01294333370825,10.257020064152083,11.076868035429998,11.739744937631386,12.271369585536313,12.700094632473968,13.080252603131836,13.429501767794648,13.699619845190515,13.962346697881365,14.225342730946423,14.395627697197668,14.542359923281099,14.698360278611224,14.880050905044767,14.951408743470944,15.06378315545053,15.06378315545053,15.063783155450539,62.62621359223301,195.14077669902912,315.4514563106796,431.72463768115944,544.5291262135922,669.6067961165048,774.0436893203884,840.9855072463768,925.3932038834952,973.8592233009708,1025.4805825242718,1076.536231884058,1025.606796116505,942.6650485436893,860.1213592233009,790.7826086956521,637.8786407766991,515.5,309.5,103.0,2063.0,514.0,2.2410159923761905,0.30072715812577877,1.0993873998301216,1.3820550718869642,1.6148312081653473,1.8324391683909553,2.0248801604816284,2.312617473374219,2.6226298007719633,2.9588145346751444,3.4753776831932335,8.0999339753963,1.1667610708343623,0.361361899222247
35154,20.441060150477746,1.7251576766826968,1.0,0.7010548931953099,0.9822323548344721,1.0146869212380678,0.6783905144045105,1.1380317089769971,0.6266435476533034,0.4845730228652424,0.2616526098977374,0.6175732972774556,0.7142980518980272,0.22991680094128744,1.024232657759254,0.7676246524694301,0.8761954566996202,1.0094075683064279,1.1315380097011662,0.7699218306379639,0.9846186860619034,0.7153439337577571,0.8245864934597087,0.9703669826161978,1.0544721934764731,0.7245725114293594,81214.0,145312.0,43.3125,230.0,0.0008565310492505353,0.39820102798400914,0.6500571102227298,0.6008170505531409,2869.0,19.157629851407,0.0028612309815554595,-0.00042066565923802303,-6.801674723670525,0.0026721733971723375,0.09695587331318262,0.008868328268478146,0.0011035433796691922,9.942123584605136,13.525554519640593,15.015904686573736,15.958294840089996,16.635780073065895,17.183807332762836,17.62680182162245,18.011080531240207,18.342155766793752,18.67570165642208,18.931243511196584,19.18853369025703,19.398412901494215,19.639052919416827,19.84596717851151,20.015712592100556,20.326113340550904,20.44106015047774,20.44106015047774,20.44106015047774,207.61714285714285,596.7571428571429,982.6676176890157,1343.2571428571428,1694.9429386590584,2015.4,2253.0071326676175,2486.554285714286,2591.2824536376606,2763.6885714285713,2767.5714285714284,2820.228245363766,2729.1685714285713,2700.3067047075606,2548.9142857142856,2248.2567760342367,2197.782857142857,1751.0,1050.5,350.0,7005.0,1562.0,2.59669675092335,0.299799282572645,1.323765752116842,1.6848920432073597,1.9644827353694,2.2001759327382233,2.459058594992552,2.701583037935608,2.9804411661057713,3.3651655590021496,3.990283524043943,10.530746199189794,1.281760961250367,0.193912085730117
35155,16.998446796997523,1.8950497008567884,1.0,0.7916776420853561,0.8486736474416795,0.9777457531806686,0.6907804532198079,0.9895009912473671,0.4581660839481457,0.3896797266363957,0.15398413324940258,0.46859429709380224,0.5641151610762194,0.15561796765386748,0.9879646257372403,0.747458569886704,0.7841156223403377,1.0104514619708949,1.082049392687232,0.7924354086314556,1.1749703832599154,1.0440691729077032,0.6834465626284674,1.2017136146464076,1.5114341583366693,0.690698209171992,5433.0,8469.0,4.916666666666667,42.0,0.014462809917355372,0.453416149068323,0.6915113871635611,0.5407777109468828,138.0,14.218862454825334,0.10469635758096432,-0.021247352367920098,-4.927501354900015,0.03126997328393527,0.09884099389683815,0.032531638101925074,0.02224100674427974,3.1155002296180485,5.519985970874764,6.747892504591185,7.703013900787155,8.595599650447895,9.41098736201471,10.315253879657439,11.20177968857874,12.051883921493479,12.72185090228922,13.262087281706451,13.749092572095416,14.18436819255634,14.467935290268665,14.752091674627568,15.110505072007555,15.53456223064858,15.922454171808646,16.189164265193003,16.754162146255183,12.791666666666666,35.166666666666664,58.734693877551024,74.75,78.91666666666667,72.71428571428571,69.25,86.70833333333333,91.06122448979592,97.33333333333333,105.58333333333333,114.75510204081633,130.41666666666666,122.16666666666667,107.71428571428571,99.20833333333333,94.66666666666667,81.73469387755102,46.458333333333336,17.346938775510203,484.0,75.0,2.4158734009511535,0.36957259834347694,0.9582134305621043,1.546572422136467,1.7247007649100903,2.19539035082433,2.5466146049866056,2.596876686760525,2.7850433663315064,3.078879192375265,3.916127043161266,5.61799251755772,1.228764574972916,0.980682568149641
35156,25.513339308328135,0.8574493030181509,1.0,0.519288169691867,1.5118394857659279,0.785412805088787,0.47663041890450397,0.8861577640976176,0.6502013701923857,0.38167595423048073,0.6875885566093984,0.8278466635375058,0.800779679794109,0.7759211558785766,1.1199347084068345,0.5271070298592692,1.9290698872194219,1.4259185757484965,1.1059030413350066,2.176892157779389,1.6175628549894465,0.8970546939747202,2.534063927471345,2.0595065989617893,1.882076045495642,2.8596081083279845,5773.0,8627.0,2.8,22.0,0.014583333333333334,0.4321503131524008,0.6805845511482255,0.5283283020348281,84.0,19.643525834582572,0.2171099109376238,-0.08002219052755111,-2.7131213168036723,0.0514736743325887,0.1050639598855648,0.03682006327240273,0.0468463373791829,2.2006044575800563,6.414353440101533,7.885815255292293,9.121166014024611,10.02700494470345,11.07379377455743,12.18162858063021,13.526054708285784,14.535744111934024,15.329619063180283,16.160467241307725,16.996781174238276,17.706254125421886,18.48666922665561,19.250782628534015,19.76517770472351,20.367672973682065,21.47352677825532,22.792281752095406,24.492376492784533,7.212765957446808,18.083333333333332,28.291666666666668,36.5,41.416666666666664,44.291666666666664,45.958333333333336,50.791666666666664,60.333333333333336,71.41666666666667,66.70833333333333,72.375,76.08333333333333,70.75,76.29166666666667,75.83333333333333,64.5,50.375,31.833333333333332,18.25,480.0,58.0,1.573635420042746,0.2681148336603672,0.5522157511961725,0.9282628825102711,1.1038905323148795,1.2421637676295096,1.495158801046491,1.7265911466989499,2.1417909198628124,2.323272206761109,2.555528418610349,3.120879593470897,0.5678449966713545,0.537671286717523
35157,20.090297371402432,1.6821179455685993,1.0,0.6196205375190932,1.1490704454965601,1.103126799964445,0.7242741074634814,1.2931017599604593,0.5158890709172044,0.22639045439947827,0.43791313295098677,0.4676607176381102,0.31257565618676086,0.3386532649714879,0.8578686904676233,0.5372734558368261,0.860049498534522,0.7776700652139658,0.7418095584259388,0.665105813915852,0.9064855774030107,0.5380852590426639,1.0051005797467112,0.8217419587958771,0.742930409216368,0.7772787965097545,112057.0,154063.0,10.291666666666666,70.0,0.001499531396438613,0.42913385826771655,0.6749156355455568,0.5459256258034528,2557.0,19.186584852684337,0.0032926412842167276,-0.00034939652581598084,-9.423795146580497,0.0034511022545620235,0.13325656432758456,0.010255530370993575,0.001444232848411049,9.467257190512003,12.975882993952316,14.538745581401958,15.597172452833018,16.39667884114855,17.003585164393204,17.496803598543067,17.911076917794055,18.242376923027418,18.53218093921305,18.815115439523318,19.09010307402831,19.272036464103703,19.4846706402226,19.654838789021372,19.72413727837408,19.862659251433744,20.084608151060895,20.09029737140242,20.09029737140242,153.59474671669793,433.40525328330205,662.0093632958801,908.6454033771107,1162.9756554307116,1412.455909943715,1675.8258426966293,1931.2232645403378,2138.0842696629215,2290.9136960600376,2409.8874296435274,2515.368913857678,2420.6322701688555,2385.7958801498125,2258.375234521576,1861.8595505617977,1571.8705440900562,1325.8033707865168,800.0,266.5,5335.0,1411.0,1.9048826610600345,0.38012743185312975,0.9401106312129324,1.1444589867968726,1.3059308818267616,1.4569452396910278,1.6293652387183348,1.8669829949016061,2.122549250378282,2.4853265455814,3.2097284232820673,7.840778991694645,1.0284153813836838,0.147204509244766
35158,26.557526555953075,1.9833482149546018,1.0000000000000002,0.6103154114312285,1.2128561808224831,1.1480861738311465,0.7560593878333858,1.4449896746509732,1.2777757973733412,0.7586839914261945,1.7371492275991502,1.112961575967266,1.0034714251751173,1.2021879865811125,0.7448710809226148,0.41626590145498266,0.9022258660485104,0.6487937037313071,0.5505730213176269,0.6243822235383354,0.8545536156500385,0.5085763156537502,0.9362697929541707,0.7443288100913242,0.6726671526573599,0.6479422028952005,451170.0,616380.0,37.38461538461539,200.0,0.000433721875847113,0.41861852092821517,0.6734439384081544,0.5525698768716061,10684.0,25.976669768863097,0.000674572810897405,-4.2367702058924934e-05,-15.921864489115086,0.0013323670755258337,0.3944085469939132,0.016480583583396543,0.0004948219395307742,17.534353071663272,20.97931216787616,22.27658158088564,23.108668998782495,23.736794021479877,24.245307166173983,24.660014219185165,25.0211895192514,25.315996837413778,25.55763003691205,25.776068614071054,25.973406142117557,26.12859284294718,26.29304352694104,26.42781408673348,26.521906643202662,26.55752655595306,26.557526555953064,26.557526555953075,26.55752655595307,584.8101952277657,1784.7147505422993,2976.2634146341466,4185.426247288503,5416.2542005420055,6602.4815618221255,7587.141463414634,8628.37852494577,9436.645528455285,9920.140997830802,10242.236442516269,10360.338211382114,10042.859002169198,9762.954471544715,9153.31344902386,8065.359349593496,6455.5,4611.0,2766.5,922.0,18445.0,5708.0,1.95191834062665,0.19303901611939775,0.939375442623466,1.148572242165417,1.3309930088636914,1.502474418519251,1.6777996295945021,1.8988651645628474,2.1591294449331015,2.5871678568006597,3.296087279170651,10.205088029810584,1.1292503015912159,0.1020221487456
35159,29.395090761194204,0.7972294137604095,1.0000000000000002,0.7227410187856457,0.9711970438937428,0.9825118277968455,0.683546850600388,0.9667320176401504,0.8684858418190582,0.642390919446497,0.5438466855975175,0.8839444139482008,0.939790621348424,0.5625619878868594,1.0892652390314477,0.8324274242098058,1.034692752373715,1.1086535634629282,1.2178059535767733,1.0702994557886485,1.0109304430831523,0.7506657395644056,0.9714631777294233,1.0289244510674562,1.0981920828178262,1.0048939726862693,27918.0,40430.0,9.142857142857142,64.0,0.004776119402985075,0.4026284348864994,0.6648745519713262,0.5787919537079965,682.0,28.20221506028111,0.01776082647478109,-0.002418214300866602,-7.344604019757984,0.01708354919201541,0.8111582482159284,0.05955559306466323,0.006513551491844852,13.89709289541492,19.366750050292875,21.68289609865795,23.187135602715824,24.27056636109513,25.009873730259894,25.582829723943775,26.11839605370699,26.611740325870198,27.05888841914526,27.385982039912324,27.73847294383121,28.08451079126038,28.23382105843101,28.370300935811848,28.682728584300495,28.966717615801468,29.301900227677866,29.395090761194194,29.39509076119419,32.808383233532936,85.94011976047904,140.67857142857142,201.53892215568862,264.76190476190476,305.64071856287427,341.5952380952381,401.2754491017964,462.7261904761905,522.2155688622754,585.8622754491018,613.6428571428571,658.6946107784431,579.1666666666666,474.6047904191617,466.2142857142857,413.1616766467066,380.29761904761904,251.0,83.5,1675.0,326.0,2.418597520134651,0.47664120904510227,1.1534275364811042,1.4422889096685754,1.7457390134536492,2.040088928779045,2.2649057929422467,2.5483622262729506,2.8682064556849554,3.1266051939824457,3.9680043515866563,6.845383686014761,1.1680071430821086,0.543607668573968
35160,23.28671280256442,0.5840358143544226,1.0000000000000002,0.859799193371229,0.8094046213783934,0.9688645363717533,0.6485041528170344,1.0865056280872858,0.6374081038320553,0.5218350625498531,0.34104176485279775,0.657891872293158,0.8046749743745757,0.3138886316246488,1.0426518023134683,0.9779108835723163,0.4752921653221384,1.0761584960246733,1.5079485294340418,0.43745025615638616,1.049196953246204,0.9961746672250841,0.5543501612764516,1.0829139821499536,1.536111469599393,0.5102137963632501,19027.0,25979.0,7.0588235294117645,70.0,0.007049345417925478,0.4334677419354839,0.6733870967741935,0.5485941875712619,253.0,20.954987213265813,0.056067148044517026,-0.011678635059459796,-4.800830555887791,0.022885763092953627,0.20373938419555987,0.02765260897142561,0.011470025108098249,6.100265886783664,10.263727757484572,12.131625781180125,13.597859861397387,14.765302772057346,15.898226507569902,16.764355915200582,17.536299113214504,18.108817712549257,18.760425545888356,19.331335970732948,19.788190881071262,20.215824776687754,20.58912755591135,21.017334683809445,21.270060494691016,21.669758717776247,22.152902392100856,22.618886143334077,23.14974661070188,17.2020202020202,56.90909090909091,76.37373737373737,94.18,111.5959595959596,134.45454545454547,150.9090909090909,171.96,191.42424242424244,214.62626262626262,226.8181818181818,229.36,240.40404040404042,234.73737373737373,236.96969696969697,198.68,166.37373737373738,147.97979797979798,115.3030303030303,42.82,993.0,135.0,2.5086169025950587,0.20527175078117818,1.1710745081638805,1.4903742097645964,1.881946902899449,2.1359749383235904,2.500580619719673,2.7539276274244298,3.045233657792104,3.323773197635737,4.02952814607867,6.206692906224949,1.185077087007558,0.463073800110724
35161,18.28158942588531,3.9956458537272277,1.0,0.6314461123457197,1.1429526117483073,1.090947156660904,0.7409588696311499,1.2657442722606171,1.2433463743138302,0.8765263565510455,1.1539820254480078,1.1396944084068923,1.1829622297218485,0.9117023483637795,0.9050677802172854,0.5725351122847894,1.1329686613357244,0.8296165168874491,0.7726948630357823,0.8951007610030455,0.9065300869575241,0.5614882849732165,0.9869444203490979,0.8309569179612413,0.7577860364269962,0.7797344550383917,69262.0,115542.0,24.363636363636363,138.0,0.0014308710427472723,0.3892665474060823,0.6559928443649374,0.5779196232208957,2674.0,17.199517809128825,0.0027356976405895606,-0.00029613072073758693,-9.23814197248981,0.0025556249681857037,0.1413286635074176,0.010931870232184771,0.0012196937829096989,9.351113102714782,12.544563908979265,13.791445907747818,14.568094650155658,15.171562300186277,15.659370895442242,16.023341359499398,16.309019253661557,16.495119038246887,16.837051363886275,17.097973110268956,17.284329064153575,17.433102331319486,17.708512257877604,18.018749209602344,18.252184748904895,18.2815894258853,18.281589425885308,18.281589425885308,18.281589425885304,207.0035778175313,574.9409660107334,963.479427549195,1324.350626118068,1657.4472271914133,2026.257602862254,2258.885509838998,2356.250447227191,2210.277280858676,2444.7155635062613,2557.2361359570664,2498.250447227191,2326.5169946332735,2339.227191413238,2474.75313059034,2447.2450805008943,1957.0,1398.0,839.0,279.5,5591.0,1585.0,2.122455568223143,0.2913694982431427,0.9856538467913767,1.2280501739650884,1.4219364929720315,1.6406942322807385,1.8459816123956692,2.089877074399797,2.39403919495721,2.881576325870044,3.6096142366825976,8.255587656707444,1.3217680515829209,0.321240533094387
35162,18.711875732337504,0.4521877124906928,1.0,0.7306863568248011,0.8136516066491953,1.0650080179121222,0.7228475654578627,1.0134067443659849,0.38732822697534364,0.3014460262892056,0.1523500944103885,0.3636857380047476,0.4170257197978734,0.1503345969003817,0.920263651682309,0.7366089382004468,0.563603372545446,0.8640908201671805,1.0190377244113251,0.5561472485542336,1.1259723921277112,0.9760555929883385,0.6680511182601981,1.0572431129064226,1.3502924262739822,0.6592132152013152,3902.0,5488.0,2.206896551724138,16.0,0.023728813559322035,0.40476190476190477,0.6632653061224489,0.5589211617124782,69.0,15.247656030711108,0.18045343816915418,-0.049922451393681226,-3.6146750235905785,0.062107782380431326,0.1758466010649946,0.042667853183584625,0.05295248492549584,3.205530663435977,5.8141644182328776,6.951636317324124,8.088502243024125,9.035616389306634,9.786416329522691,10.380418903362967,11.078054945842045,11.540166175672093,12.083655859250655,12.578395779469927,13.044904780670208,13.634450030695799,14.150940557643723,14.746455917060844,15.121302794894127,15.742283383190106,16.336634101839667,17.0250460112395,18.256352300347313,4.758620689655173,18.03448275862069,25.433333333333334,30.75862068965517,35.63333333333333,40.793103448275865,46.233333333333334,49.793103448275865,50.56666666666667,55.48275862068966,60.62068965517241,63.833333333333336,62.172413793103445,62.166666666666664,61.10344827586207,65.36666666666666,64.10344827586206,53.833333333333336,38.0,13.766666666666667,295.0,38.0,1.6057413119184094,0.3802852689852372,0.8982199142295529,1.0155832587042093,1.1380869520518098,1.243662418251672,1.3382241642382195,1.6166304448635378,1.7666888794413518,2.0678521272638664,2.5781501769181987,4.740356390704919,0.6596603856869548,0.945127020899672
35163,22.922511115712453,3.2132287983184415,1.0,0.6529089753912184,1.117996086440231,1.0673109272122805,0.7179808151142693,1.1727915187455213,2.0569166526860965,1.2041134867998733,3.6860912172996314,1.9271953469628353,1.6770830939378711,3.143006372728945,0.943053478756878,0.6495278830178495,0.7514265525407019,0.8835789597133127,0.9046591069630109,0.6407162232418484,0.923729575745935,0.5792173536346128,1.0547069840054766,0.8654737360917244,0.8067309619441966,0.8993132770380586,22431.0,33533.0,5.529411764705882,36.0,0.0038510911424903724,0.4258188824662813,0.6685934489402697,0.564863127722097,773.0,21.877780889921297,0.011125146983926531,-0.0016992559105705937,-6.5470697584278605,0.012658498598197825,0.8394967017491691,0.053270532477982954,0.005373298045512175,12.075437380032799,15.806258589990835,17.280340832800114,18.253943383952,18.914420907733554,19.436708498672946,19.890055923618636,20.19413057798975,20.50548880592242,20.760296389444207,20.99666686163795,21.282463042616726,21.579846815634692,21.845895620117567,21.880603383578315,21.880603383578315,21.950191680107775,22.480185837110565,22.636109074300318,22.921263190786096,43.96774193548387,131.7948717948718,209.60256410256412,303.7435897435897,394.68387096774194,482.94871794871796,565.3461538461538,598.4871794871794,632.9870967741936,640.6282051282051,634.5128205128206,674.6282051282051,732.4129032258064,736.1794871794872,600.5,444.5,308.56129032258065,312.5,202.84615384615384,77.46153846153847,1558.0,414.0,2.2008826061691016,0.37600605918750085,1.0920919280621315,1.352342513108604,1.5650768622728808,1.7827194889935984,1.9680845965963862,2.173432520775708,2.4182975949509244,2.8520873491357324,3.78570480719206,6.513024958010737,1.182444414987856,0.804716678233817
35164,21.70684558826213,5.271360488744699,1.0,0.62736951517293,1.235130657809647,1.1065628950675288,0.7351187617779504,1.36506274712449,1.5314242159780869,1.4670383286562922,1.1422245879336286,1.3839468346574468,1.9956480570678525,0.8367561054169335,0.8883037350071114,0.6666938636325133,0.8896976345488088,0.8027593722568314,0.906919940418953,0.6517631782296897,0.8911864909532047,0.5401805914204871,1.0957437243791244,0.8053645164912379,0.734820847333582,0.8027057559715205,44652.0,67834.0,10.722222222222221,80.0,0.0027529249827942187,0.42203098106712567,0.6709122203098107,0.5529171264851993,1637.0,21.312010323755896,0.004685889806391009,-0.0001614860872573266,-29.017297316295036,0.005657654079007722,0.7134066129308482,0.0332158077613779,0.0026984046425360363,11.978942014099372,15.708807495330015,17.193911213265196,18.148625576535714,18.82952842857627,19.342045978238694,19.764886338375174,20.133596957508804,20.43887595247048,20.657966406880146,20.88744004344998,21.104615495803497,21.316615855282603,21.442886299589833,21.601128712498706,21.70684558826212,21.70684558826212,21.706845588262123,21.706845588262123,21.706845588262123,91.81724137931035,264.766323024055,427.0586206896552,588.3642611683849,772.8448275862069,945.0618556701031,1120.2586206896551,1290.8865979381444,1420.355172413793,1465.1718213058418,1525.4914089347078,1565.5137931034483,1611.0962199312714,1516.8310344827587,1446.041237113402,1307.5,1017.0,726.5,436.0,145.0,2906.0,871.0,2.0360697607794758,0.12607532312147818,1.0011575811913018,1.2122451300514605,1.4107294123770147,1.5775988121695796,1.7563942370316044,1.9356350886422924,2.193233026124326,2.505961216232557,3.52240329543741,9.550887661863547,1.3624244977180164,0.436374914927874
35165,15.002668831061404,1.509261241137075,1.0,0.6218338839205142,1.1981319995697948,1.1263933300113642,0.7603335832706482,1.3596195058942309,0.43356220032846443,0.30485840589506175,0.18722106040917622,0.38491190313075646,0.4009534927862636,0.13770106974600932,0.9644514813891465,0.6682028571285668,0.7357859064889586,0.8562297518038535,0.8788285455631564,0.541170454895046,0.8815562729781309,0.5111663404545781,1.1085792521355444,0.7826362687794297,0.6722922039767688,0.8153599204259904,20259.0,29889.0,5.6,66.0,0.007173601147776184,0.4379038047379756,0.6755204594400575,0.5490252645541497,654.0,14.248374612953524,0.014003646291412505,-0.0011594174431807495,-12.078174581361186,0.009686581184439576,0.07036300868490047,0.019742188696004085,0.004684328268214995,4.505231635550991,7.576681003127457,9.048889664806465,10.267100675306338,11.08905153489852,11.747701957383088,12.287186610758539,12.670434863384262,13.09047050011908,13.438117976837745,13.666596538497773,13.931641085346723,14.163500949373537,14.355775832440685,14.462995608524988,14.67259484535824,14.975940158438384,15.002668831061396,15.002668831061397,15.0026688310614,47.21582733812949,118.53237410071942,163.27142857142857,223.9496402877698,286.44604316546764,367.9714285714286,428.55395683453236,437.9136690647482,478.85714285714283,544.0503597122303,561.2517985611511,618.5857142857143,635.0863309352518,611.568345323741,529.3857142857142,487.7769784172662,476.2589928057554,348.5,209.0,69.5,1394.0,417.0,2.103160258810271,0.5039345604783895,0.9774129640287096,1.174673005658861,1.360521628443846,1.545888292564151,1.7903059088077609,2.0884959610512075,2.417553072702657,2.8612616790272765,3.5227090643184145,9.37138620488342,1.4330986335929075,0.985869812569581
35166,14.11339531072767,2.1902922824267823,0.9999999999999998,0.63695084251051,1.2015831972668616,1.1417142238854219,0.7561676301160658,1.4550109659692116,0.6998160430495144,0.38612654443879235,0.5637196088899442,0.6129520228520384,0.5106361725369346,0.3874332373257678,0.8116277848855151,0.5438463829481431,0.7064181274649102,0.7108852354693682,0.7192140489598411,0.48550708138089604,0.870098881222536,0.5525663108493496,0.9506514842312537,0.7620986609604119,0.7307457881588174,0.6533637934460554,30683.0,47833.0,9.705882352941176,62.0,0.003550821127385708,0.39831261101243337,0.661190053285968,0.5746122872636844,1259.0,13.808793565165793,0.00547210604398225,-0.00017974690209818873,-30.44339557514628,0.005294450723046576,0.11608677958213973,0.013731461958754179,0.0025034758227479802,5.884152587002757,8.742460412370862,10.036637589601137,10.756665596871715,11.337961469218733,11.78498034327945,12.18593765254309,12.554989477242684,12.822723476666315,12.966700769456105,13.247820061157569,13.469583043334087,13.670715798108024,13.842669993052247,13.959661911017802,14.081434594968,14.113395310727666,14.113395310727666,14.113395310727666,14.113395310727665,84.76444444444445,245.86222222222221,406.56888888888886,556.4646017699115,720.1022222222222,833.9466666666667,924.1111111111111,1049.287610619469,1148.1422222222222,1103.951111111111,1198.9066666666668,1225.4203539823009,1224.68,1217.44,1103.648888888889,984.3318584070796,788.0,563.0,338.0,112.5,2253.0,703.0,2.1211668628336833,0.20130687714858403,1.0479302894412184,1.3544560335105076,1.517509036775529,1.7317765913772631,1.998485046309298,2.18411821459178,2.50490547921966,2.7990860632954324,3.328163760308076,6.655812368280909,0.8974887652093161,0.486458444779273
35167,37.27349881389763,1.1351324575463346,1.0,0.7283621670952868,0.9297962501458034,1.01102075930895,0.6814076707048745,1.1006934445634005,1.660149950060851,0.6798452368108624,5.3697601413802,1.642053276132126,0.9977070497424899,4.878524686326411,1.0247482569988486,0.8434137126042861,0.96316256831414,1.0135778593698528,1.237752007886595,0.8750506992400475,0.9861709915580015,0.7572771817413804,0.7402403885712147,0.9754211102767725,1.1113423201679304,0.6725218472295321,366906.0,523038.0,63.28888888888889,380.0,0.00043183220234423197,0.4091554074896662,0.6542044543155038,0.586433679862457,4982.0,33.859143902043066,0.00206820516363858,-0.000752208178668771,-2.7495116674998266,0.00222952473048006,0.4412569106252605,0.018284935924355213,0.0008007511434667693,23.023235173947068,27.595609938962355,29.219072193563903,30.24363818983161,31.02817243449785,31.654918244518804,32.20576489397191,32.70350506600591,33.124794782922464,33.524397298593605,33.871473716117656,34.170925678824084,34.51763876204357,34.8698258567425,35.21552372205399,35.53393817473709,35.86492280176361,36.231462458855255,36.67982056064007,37.230260839180374,359.18148148148146,1101.6175200493522,1821.0172732880937,2417.3608883405304,2976.8272671190625,3393.107958050586,3815.9685379395437,4217.3867982726715,4431.225786551511,4707.412708204812,4786.510178901913,4551.136335595312,4501.626773596546,4344.435533621221,4135.632942628007,3684.192473781616,3110.895126465145,2452.6366440468846,1732.0906847624924,766.1246144355337,16210.0,3232.0,2.6249138370073153,0.3077462377249523,1.4911291972245897,1.8388969958043682,2.09340006574213,2.313107916694107,2.5144062137709624,2.7376348883942674,2.9854103011538657,3.323027090020166,3.826859668512428,7.890079256634466,0.9538042334475051,0.052558647361584
35168,20.49104276259765,1.4693395879059001,1.0,0.6670983256350921,1.0858476852846877,1.0322201449759953,0.6902329166554273,1.118244453963311,0.6480785982473158,0.4576343731595085,0.4298728296915771,0.6278492058129588,0.6630144145790792,0.3844175825491561,1.0516632994316024,0.7127507972010139,1.3037769860516948,1.0188362478200415,1.0326235970528594,1.1659141088791585,0.958888525769931,0.6284828641034849,1.0106566296635295,0.928957384175282,0.9105373692533287,0.9037886359118833,56288.0,82536.0,11.463414634146341,68.0,0.0024096385542168677,0.41036456764085566,0.6652606206688761,0.5674935144518815,1220.0,17.97211949665321,0.008222505059984031,-0.0029640102780022887,-2.7741148946102547,0.005731154918557322,0.09092678755887196,0.012016883437515113,0.0025515366141056215,7.54211897273936,11.807782587640611,13.508988522140502,14.534012456371542,15.277249931636977,15.86784129895453,16.379707123946165,16.83442880698012,17.231203684306234,17.562384387040638,17.89786358559904,18.06773099552754,18.318543943596357,18.482659852427698,18.881080075592447,19.40891273197464,19.752354594155843,20.223814610006666,20.491042762597647,20.49104276259765,81.12688821752266,243.95180722891567,411.6144578313253,551.789156626506,690.4939759036145,786.789156626506,873.8313253012049,974.4819277108434,1050.0421686746988,1090.4518072289156,1172.6746987951808,1017.6204819277109,938.3915662650602,746.7590361445783,691.1686746987951,774.0843373493976,687.9457831325301,657.7289156626506,497.5,165.5,3320.0,727.0,2.2936217666894896,0.2315771910460362,1.2421862473358178,1.5230864942628326,1.7058448486361069,1.8924747487626055,2.063131952097123,2.2838544357358606,2.5792761917546705,3.03291887259039,3.695108655866971,6.455719746515632,1.0333977496612625,0.385054042767733
35169,23.47336200632417,1.9133085866650876,1.0,0.6443249077738602,1.114560941413501,1.1111363975575501,0.716885299329497,1.406560472231268,0.9592756567080373,0.7354213787308949,0.44190866580605975,0.8633284435796305,1.0258564088547146,0.3141767983178477,0.85097800141372,0.5634820992104465,0.8964791492027389,0.7658627719191825,0.7860143034561755,0.6373555683536506,0.8923519425504617,0.6059774145228976,0.7894600142830484,0.8030984715395783,0.8452920084840189,0.5612698706303789,187360.0,291118.0,38.15384615384615,222.0,0.0007342143906020558,0.42221202386415785,0.6710417622762735,0.5661691709272583,4457.0,21.196519087605633,0.0017892231040642832,-0.0005152548364833941,-3.4725013282276045,0.001978894301942091,0.14775991696131133,0.007773774626181766,0.000795399550451445,12.534625276443899,16.105155193977353,17.501911981416505,18.42911650984474,19.086385529072416,19.595524159813493,19.983675213555987,20.352437454979352,20.684356735664494,20.978816586721436,21.258303954214174,21.49297479112671,21.6981886200285,21.933108234586808,22.162502925255023,22.35221568542536,22.599650796415865,22.856672322698184,23.06888698786017,23.402500852398163,312.2350780532599,946.8596330275229,1574.8971533516988,2188.2908256880733,2780.8925619834713,3301.584403669725,3546.0964187327822,3859.1550458715597,4103.69696969697,4306.575229357798,4366.577064220183,4250.42883379247,4017.716513761468,3843.921028466483,3516.8688073394496,3058.621671258035,2653.8321100917433,2088.5674931129474,1356.4871559633027,498.99174311926606,10896.0,2932.0,2.332121764584576,0.6171645425925162,1.3574516645141759,1.6000135106478408,1.7800378604368865,1.9763647650607832,2.163917385842635,2.380379777645461,2.6118852532527037,2.947689068800854,3.4742456440225147,10.2742568983237,0.8613324342392396,0.093191098254174
35170,20.742451546330972,2.6953247451387816,0.9999999999999998,0.585552147225881,1.3551385195297996,1.191934506153524,0.7482484579838746,1.7335061500800009,1.6813647316738833,0.568650782446745,3.915352392704879,1.4106183880016974,0.7599758828490629,2.258631959583291,0.7728530858866035,0.48057812503139613,0.8037457693348402,0.6484023089327847,0.6422707857311121,0.4636532551659811,0.8077640127534146,0.49459229916352365,0.8979933448534447,0.6776916085432739,0.6610000914618424,0.5180214358120405,81512.0,119834.0,14.238095238095237,108.0,0.0019031507718333686,0.436336717428088,0.6833756345177665,0.5408435947840039,2676.0,19.782875538941806,0.002623469741028489,-0.00031688040724868303,-8.279053172794079,0.003817074196529651,0.5250180625705183,0.021461923737549512,0.0015714970123389639,11.96762475283412,15.270641724147053,16.552621366993787,17.320640896585523,17.929756326222137,18.399344288749806,18.800902362207047,19.145792654722385,19.420564001458427,19.67733397534578,19.856231274628975,20.02672291827543,20.180730604789435,20.328833409309066,20.490123379364178,20.60973717026146,20.620177017486107,20.6985995725603,20.74245154633096,20.742451546330965,160.39406779661016,504.86680761099365,819.723044397463,1127.8985200845666,1421.2790697674418,1731.2600422832982,2029.4872881355932,2291.6892177589853,2443.3657505285414,2593.934460887949,2591.7632135306553,2554.4926004228328,2458.181818181818,2345.3389830508477,2209.4482029598307,1962.6131078224103,1515.0,1132.1902748414377,709.0,236.0,4729.0,1610.0,1.979767994219859,0.4672173131976592,1.0666692691388455,1.2673683192555476,1.4182884740408401,1.5682461205300078,1.746320552796365,1.9383632270335542,2.193929128619699,2.560535996933302,3.120360355424921,10.875057218148019,0.9845465865518306,0.233479718628805
35171,21.040568939735167,2.519193464806978,1.0,0.6375221486151346,1.1438970278315377,1.0709266775209145,0.7070646527726917,1.2478668750066713,0.8109316238004494,0.5796427663175626,0.5634181830394218,0.7572242253574941,0.8197875032283747,0.4515050397795115,0.9397998473684933,0.5560763473433705,1.0135513371413953,0.8775576023038605,0.7864575681484941,0.8122271353151967,0.9291913005476223,0.5769298031419721,1.0360874709810688,0.8676516516505173,0.8159505653119452,0.830286861309248,330028.0,470954.0,24.915254237288135,152.0,0.00046107232248715583,0.4048481654699954,0.6627363151307556,0.5665623429152205,7554.0,19.881755061912443,0.001100540053456191,-0.00016140199543627058,-6.818627306815039,0.0012200365901408464,0.0506331616689719,0.005084357946325377,0.0005126579016379214,10.533333025825506,14.39411964136282,15.867719734933878,16.815750738094703,17.52937276616857,18.111201446684095,18.561899787577975,18.95397075666525,19.301251485154918,19.603808695748214,19.872550058763245,20.036278582556765,20.231684798898968,20.3619175413492,20.564828225941127,20.684928490526772,20.965698707118065,21.040568939735152,21.040568939735156,21.040568939735152,404.9558629776021,1229.5026350461133,2051.070487483531,2850.868906455863,3690.548748353096,4502.19696969697,5220.968400263331,5899.988801054018,6504.883399209486,7054.369565217391,7452.50790513834,7131.808300395257,6953.206192358366,6263.9433838051345,6000.829380764163,5095.063899868248,4938.48418972332,3795.5,2277.5,759.0,15182.0,3854.0,2.0624246260536627,0.2063124161224661,0.9836934273906928,1.2187858880730746,1.413691336491785,1.572699253869487,1.7910018748406689,2.0227713325026158,2.328980725996286,2.7614122412817195,3.46837780016334,14.681814904320523,1.2422396465323342,0.0779537972644903
35172,76.42347228073416,0.8732110026831228,0.9999999999999999,0.7859673532623287,0.7825745146767247,0.8799192028618892,0.6158627047916249,0.7678842976384601,1.1704651771478851,0.7403411167956073,1.5064034369478752,1.3301961968110378,1.2021203931257687,1.9617583554978866,1.3528115627953743,1.2432333238242836,1.260249409132681,1.5374270255671527,2.018685843697789,1.6411970045597146,1.0765447168271347,1.1835692645680416,0.6372440561837092,1.2234586008871402,1.921807012114004,0.8298698881374186,1124579.0,1395451.0,35.81578947368421,268.0,0.00042760930762926274,0.47719335756539094,0.7060437602451715,0.49937621750395683,2739.0,65.13320696923324,0.012395598486156607,-0.003979684094501258,-3.1147192068042897,0.0026922621793903155,0.02544854279249559,0.006231798855998289,0.0011074122365184722,20.060838210904205,40.45251312903537,47.493237515343175,51.585931301388094,54.38849187249343,56.49734860492291,58.19074333567119,59.6332158274166,60.929998350078385,62.123024594022475,63.27717343894271,64.30628903524313,65.31088709898356,66.31118153572946,67.34688649697037,68.41595603308883,69.54576082259878,70.71293769925933,72.1187338798703,74.43784231181722,122.88987883107626,366.27263007840344,664.5862437633642,981.1603135019594,1332.0110477548112,1620.5990734141126,1955.1108339272987,2154.049875311721,2349.1657163221666,2442.882751247327,2627.5833927298645,2699.6875667972927,2696.4315751960085,2599.445830363507,2458.107270135424,2338.448877805486,2155.8464005702067,1830.9041339985745,1324.0046329294369,576.1742073387959,28063.0,2801.0,2.3284311103886663,0.10904470902320809,0.9521016686214678,1.2663340594761634,1.524996226840223,1.7975642088018449,2.076318706856057,2.38650874856218,2.7601461860071614,3.2983044069421843,4.1357488151038755,8.60785025907137,1.5709593827042279,0.0128417109535076
35173,21.61953041843612,4.232982241048688,1.0,0.6323484524918147,1.1204189689685184,1.1051372872246998,0.7449707453900076,1.2558966371364346,1.268134291006137,0.9360002989747975,1.289437453487625,1.1474902762450148,1.256425577469867,1.0267066694498574,1.012811697939415,0.6448518910183282,1.4262664253015336,0.9164578099458218,0.8656069986758136,1.135655899639606,0.8830872029791847,0.5395243784049011,0.9213660251076679,0.7990746608476642,0.7242222352267657,0.7336320504914092,41813.0,57717.0,6.829268292682927,60.0,0.00272975432211101,0.40828402366863903,0.6686390532544378,0.5611045826295303,1056.0,21.258985602058896,0.008131477034537196,-0.000200082133138236,-40.64069543340578,0.007913767946011577,0.6499135127002854,0.04287811236663305,0.003561086475796286,11.724784530056139,15.431694832997396,16.704300996867033,17.46491267780515,18.158654447691188,18.70078752314397,19.14187210049605,19.514142262855852,19.73642928454661,20.03933724025772,20.230784505156073,20.472892106112496,20.899996115606275,21.202452409566398,21.377190305516596,21.597025358252168,21.61953041843611,21.619530418436113,21.619530418436113,21.619530418436113,67.15525114155251,198.4,349.5181818181818,429.94545454545454,561.1598173515981,694.9181818181818,812.1181818181818,905.2545454545455,869.1004566210046,906.6272727272727,843.8818181818182,816.5363636363636,936.6575342465753,1023.2181818181818,982.7363636363636,965.2454545454545,769.0,549.5,329.5,109.5,2198.0,624.0,2.0772578414443013,0.3508624889847098,0.9962395196972434,1.219871326455582,1.4571550773481776,1.629033594204808,1.8397143597182004,2.045093372639885,2.335209335295979,2.7611423716595853,3.45121952285384,8.188034245934457,1.1538820972751098,0.652063973343465
35174,31.3355594999431,0.026406252213075517,0.9999999999999998,0.625796613262442,1.2479299926160163,1.0637900748292937,0.7070218042616994,1.3352846410788728,1.276176244068236,0.9032210549711444,1.8085928308118753,1.1996504519681892,1.2775009901064143,1.3544623933894593,1.1216254319269552,0.6625260042466669,1.4909737325720858,1.0543672651833516,0.9370658730086877,1.1165961823446278,0.9225499184521229,0.5432976058778352,1.1241157753969633,0.8672292967201864,0.7684311892547195,0.8418547932137593,47615.0,63871.0,6.5,74.0,0.002694207453973956,0.4303683737646002,0.6805929919137467,0.5485849975180138,1052.0,30.106556577348616,0.010320658331737393,-0.0011895403237458394,-8.676173582109298,0.014065208107695428,0.6924321580334101,0.0823057049336262,0.004993330391850361,16.401265941463556,23.037105800208426,25.362474084829906,26.57350740042329,27.423253420415236,28.051609863783177,28.536562397425552,28.949941902416057,29.321507537200095,29.642726554932196,29.938075937396924,30.16906798312884,30.36537612423024,30.54843263363756,30.74147946093381,30.909484120537336,30.990646392660008,31.14415433966772,31.335559499943084,31.335559499943088,42.770270270270274,125.65470852017937,221.31981981981983,325.0134529147982,435.4484304932735,548.5450450450451,637.1838565022422,710.3094170403588,829.1756756756756,928.3497757847533,1005.3946188340807,1016.9954954954954,974.5739910313902,919.7354260089686,876.1666666666666,782.6547085201794,627.0448430493274,466.68918918918916,334.0,111.0,2227.0,531.0,2.0188422700075783,0.37827086550147415,1.0442929805839354,1.2432772061019683,1.3918340706575085,1.6213556332077514,1.8032807235129522,2.0290892850913074,2.2404311462255837,2.6215991381862014,3.195725113651344,7.166890435236726,1.054224497861858,0.414108281508088
35175,24.05315136340191,2.236189329214225,1.0,0.6027751769473096,1.3387294244404397,1.159681123255057,0.7615415076520426,1.7123047596957481,1.4666242963874068,0.8144227401270797,2.1539533530775494,1.264678942320631,1.0694397244847211,1.2579263947501238,1.2086424707906545,0.9167144531705288,1.2073311418122061,1.0422196641419583,1.2037616386753622,0.7050912724360653,0.8211705612171065,0.5012497375441155,0.8871302689331032,0.708100308567755,0.6582040932864587,0.518091340872482,15895.0,26165.0,9.172413793103448,58.0,0.004395604395604396,0.4120234604105572,0.6634897360703812,0.5705071623017571,689.0,22.694273502241263,0.011567366176585415,-0.0014786814362495256,-7.82275741955919,0.015994840201017362,1.488002811036098,0.13821301808238307,0.006097345331936912,13.818454334257932,18.44573959641515,19.803508066001644,20.527512146233597,21.064990173037348,21.50869579628142,21.847756894126178,22.23463495215914,22.448550645428476,22.683915253377023,22.719447448772506,22.920784277113498,23.26144414945182,23.581905955201425,23.779430676039816,24.015458167362574,24.053151363401895,24.053151363401895,24.0531513634019,24.053151363401902,37.779411764705884,141.38235294117646,242.75912408759123,344.95588235294116,427.13138686131384,502.1764705882353,546.978102189781,619.3088235294117,631.4379562043796,656.3970588235294,543.0588235294117,540.1605839416059,580.1029411764706,637.6423357664233,603.9264705882352,592.0,477.5,341.0,204.5,68.0,1365.0,415.0,2.129494714639085,0.44071511067032954,1.0265724864130674,1.2141501241995347,1.4289841617814445,1.6607531763567462,1.8047293863448104,1.9866794272360517,2.333568841333285,2.780307562557966,3.460077523444977,7.566835636421249,1.4851157665775645,0.923323825336993
35176,23.776182595822505,0.2914355994954013,1.0,0.6147468160603485,1.2435540656634294,1.1106281223850893,0.676466266066546,1.521231578898708,1.485310410278081,0.9901066797706541,2.2659878041456145,1.3373607063796982,1.463645313058751,1.4895745234174476,0.8706892402166925,0.6150685430752068,0.7113429751293295,0.7839610961289862,0.9092375687137377,0.46760991882925845,0.8882452877981785,0.5687475029868821,0.9457526511684192,0.7997684102313737,0.8407625502066539,0.6217019579971477,43681.0,64315.0,9.794871794871796,68.0,0.0026355421686746986,0.3977401129943503,0.656497175141243,0.5873548693648398,1691.0,23.466686459356236,0.004325906134091668,-0.00012328246832384962,-35.08938613013477,0.00884547909466181,0.9534820090193769,0.06806591843624635,0.0031055656690026343,14.82990311234418,18.781072240673886,19.97989216161416,20.6933119982324,21.305351351212042,21.74288668610433,22.109458572413352,22.443258204439587,22.688603417684877,22.94338427179476,23.189063439893665,23.394118068983985,23.519815919532544,23.65169138096161,23.74537643523789,23.77618259582249,23.776182595822494,23.77618259582249,23.776182595822494,23.776182595822497,91.80377358490566,280.31954887218046,489.23396226415093,687.0338345864661,887.8490566037735,1042.5751879699249,1206.2830188679245,1330.733082706767,1406.6490566037735,1479.1992481203008,1588.9436090225563,1661.8603773584905,1582.7556390977443,1525.0641509433963,1413.9436090225563,1195.0,929.5,664.0,398.5,132.5,2656.0,765.0,2.2944579594889984,0.330381719949687,1.0983935856325615,1.345987247023297,1.5416936721652896,1.7546999777944925,2.0328728567545364,2.270840942738513,2.6771128180563446,3.194586260829152,3.8685649757922316,10.125041137542464,1.3302526253152036,0.498990411062259
35177,17.156010028102205,2.590287248506505,1.0,0.6401756646300942,1.1456575157867588,1.1063732035278189,0.743657226404323,1.316299168310146,0.7788821348732939,0.48350893234924086,1.0113850530342017,0.7039958419001149,0.6501771450363871,0.7683550042294789,0.8491213470256154,0.5271573117471998,0.9169066715045608,0.7674818445693355,0.7088713630822527,0.696579237895955,0.8996249437539151,0.5767553491200486,0.955459413912242,0.813129729539129,0.7755661192304065,0.725867976608124,85132.0,140214.0,26.666666666666668,136.0,0.0013999066728884741,0.40105787181082764,0.6554138145612943,0.5823394819608517,3667.0,16.38492160824756,0.001911650560299029,-0.00015890669107731614,-12.030019298362422,0.0022659805195388454,0.1131084008376361,0.0088444885124123,0.0009973543593167248,8.717236087416186,11.753566753287526,12.968249489665949,13.768599248500388,14.347864910060615,14.843230634906318,15.25004142235976,15.590921594095704,15.876754176646406,16.128443513262265,16.343386330455104,16.52625615836148,16.687778886857693,16.84762631653517,17.03746082964573,17.098166410790363,17.156010028102198,17.156010028102198,17.156010028102198,17.1560100281022,228.1355140186916,676.6485225505443,1126.4727838258166,1544.832037325039,1929.552099533437,2295.5816485225505,2631.7834890965732,2996.765163297045,3242.0606531881804,3435.2690513219286,3596.253499222395,3574.177293934681,3467.905132192846,3330.0482866043612,3257.371695178849,2774.6267496111977,2250.0,1607.0,964.0,321.0,6429.0,1872.0,2.1741003897749596,0.38231115650610886,1.0797452955645888,1.340335645739217,1.560499593717369,1.7680191555797913,1.9973113911563876,2.21276753991778,2.5104794303431923,2.869592848762764,3.4304599834287894,7.75144830401135,1.0574471154964464,0.299194313616026
35178,14.214192757501205,0.7171211258616221,1.0,0.6428700901147727,1.1474769530023752,1.1074359912472855,0.7278446815872857,1.366819392879716,0.6382191532861258,0.546781823457583,0.29509397528213693,0.5763034237015459,0.7512342087396444,0.21589829411215122,0.9462839188752725,0.6652507982615536,0.7736797129025323,0.8544818177793642,0.9140010432044002,0.5660438510990737,0.8921004143951355,0.5803558259439965,0.9457471355047777,0.8055548324651962,0.7973621854024611,0.6919327750480682,27131.0,44657.0,12.258064516129032,74.0,0.0035810205908683975,0.38961038961038963,0.6439767129422301,0.5896940186884374,1198.0,13.648833294332773,0.006408490618031363,-0.0003560246023518612,-18.000134192124776,0.0060443670540257875,0.07518763340966414,0.01471554120877928,0.0025554951742736494,5.4076563169606855,8.746858412211251,9.936445649797832,10.677658741538426,11.250753009854165,11.705791138715524,12.123303463897393,12.460482426089682,12.742625385038309,12.963664137331525,13.237380963199637,13.52234644711306,13.703404498217848,13.85740786794925,14.051306259900022,14.188719226581908,14.214192757501198,14.214192757501197,14.214192757501198,14.214192757501198,79.41255605381166,238.8071748878924,390.30357142857144,547.0986547085201,688.1165919282511,803.8482142857143,871.0089686098655,934.6457399103139,979.5982142857143,993.2600896860987,1092.9596412556054,1170.6875,1137.2421524663678,1074.3946188340808,1053.2142857142858,978.0493273542601,782.0,558.5,335.0,111.5,2234.0,649.0,2.2614651486566473,0.23407249627394072,1.1310626614973895,1.3581455538049956,1.554440537497082,1.8411556684215218,2.074570673807485,2.3512530394210702,2.6843251517938485,3.0406146883119387,3.650460420452765,8.183590862923646,1.1371442967007284,0.467675086383242
35179,20.998985189095404,2.243988244555694,1.0,0.6297800772255434,1.1691711362815531,1.1177696333812932,0.7302298515756105,1.4141571623837543,1.078886357787417,0.7868484047950383,1.0553792991673978,0.9652135158867639,1.0775352487949683,0.7462956220427526,0.8978766217893431,0.5762222766051597,0.8616487744300735,0.803275196404499,0.7890971251885279,0.6093019908605117,0.8778932025630359,0.5548198360974931,0.8995056802537906,0.7853972557005128,0.7597879419752058,0.6360719332903222,127264.0,209952.0,37.94444444444444,216.0,0.0007780371234856063,0.41518452645620274,0.6725211204979991,0.5626170240972029,3943.0,18.590969078289508,0.0019393964838641733,-0.0006097991575137021,-3.180385640038532,0.002084815133897255,0.08902836388993352,0.006056927492044569,0.0009008012594717799,9.998831396922029,13.582628472001938,14.968913784021092,15.814595968586632,16.462013858608998,16.982633635506037,17.39228959838058,17.734768733304985,18.047810200000686,18.32960263592011,18.590217165906214,18.79619815492314,18.895942783364195,19.172520023483106,19.335164497831865,19.6448007512509,19.790221997786535,20.017639719870587,20.331444383356587,20.892229868353546,276.65294771968854,801.2688888888889,1334.5650723025583,1866.9022222222222,2379.22,2856.4949944382647,3252.4266666666667,3485.1422222222222,3633.0411568409345,3743.331111111111,3870.048888888889,3717.5339265850944,3148.431111111111,3104.3355555555554,2674.9454949944384,2524.6311111111113,1976.1,1481.2358175750835,947.7466666666667,397.00888888888886,8997.0,2563.0,2.1524489288789397,0.4523278984673368,1.1439455699816239,1.3688414117060812,1.540544345367055,1.7350002672150842,1.920091102229284,2.11881728963328,2.4154343864057135,2.7835699604071524,3.4112373929364823,9.320629325629444,1.086611750147225,0.193946709716693
35180,28.546152363282694,1.6867756487718681,1.0,0.6944461906854996,1.0474439817062613,1.0911936526002803,0.7179240173518185,1.3810113744847548,1.4282353523327862,0.4904114688710088,2.993868807590572,1.308874322105289,0.683096618887292,2.167881353408521,0.9601810493396081,0.7790032233677991,0.7839393882879524,0.8799364320453356,1.0850775354212014,0.5676559967367644,0.9019816762845804,0.6724490587351948,0.6801132249232386,0.8266009192183131,0.9366576998156912,0.49247474531264,39492.0,58938.0,14.787878787878787,84.0,0.002792181890706023,0.4273743016759777,0.6711891460494812,0.5623659998471523,875.0,25.876660720463967,0.010332150040225441,-0.003151166122131559,-3.2788338157292745,0.01071802741999634,1.2851227766108428,0.041302200843428,0.004192869808683952,15.065327058982303,19.328487328408844,21.193443787660577,22.324137251765045,23.11172106226912,23.73450641345605,24.248598516812052,24.661737562746307,24.99077113004024,25.367547890156967,25.67336345164916,25.953525749059935,26.218279852193948,26.504898347387957,26.807314562567683,27.06885373818981,27.332845966834494,27.63997194780805,27.968107692669967,28.481907927965462,65.836,153.6215139442231,247.492,364.7011952191235,490.9442231075697,607.108,689.5059760956175,761.6693227091633,790.164,846.4940239043825,855.2549800796813,845.676,789.0119521912351,750.6972111553785,736.076,658.3585657370518,540.8884462151394,423.932,275.17131474103587,113.40637450199203,2507.0,561.0,2.3977673493252842,0.3028273526310342,1.3728687865191058,1.6981166081686638,1.9448917839165456,2.1352191759740613,2.3488597550269334,2.536201991507479,2.749496703061055,3.01854206475934,3.4239121069229275,6.215029308900822,0.7537209542982062,0.297573958020657
35181,16.98457038139003,4.804642635327642,1.0,0.7159441778455282,0.942055862547097,1.040913726788806,0.7061162279493505,1.1659127861223557,0.8086418055343243,0.5107582851964574,0.6504417446287833,0.7768576633425375,0.7233345800304903,0.5578819894342623,0.8068518239096029,0.592259102992422,0.5700001776387305,0.7751380379992888,0.8387558302015183,0.4888874917775473,0.9810255592692483,0.7430309418807017,0.7309229035180265,0.9424657721593207,1.0522785236625367,0.6269104449475695,18160.0,32528.0,14.482758620689655,88.0,0.002802690582959641,0.35894559730790804,0.6158160403813797,0.6287869593207753,903.0,16.11703833516734,0.007901113387687361,-0.0007153122149273084,-11.04568497895746,0.006831142874964883,0.3520222087638134,0.02663249571262489,0.003610313738564903,8.492922858028026,11.343237613054672,12.496692620065671,13.258039245895642,13.830358743362579,14.269354425674582,14.728572778628592,15.025743672572828,15.320784277940971,15.625099538002504,15.897758702423324,16.116020877206953,16.342835514566765,16.49968999968926,16.715526663144324,16.953949875474628,16.984266292924133,16.984570381390025,16.984570381390025,16.984570381390025,63.76966292134831,187.1629213483146,299.33519553072625,416.1179775280899,517.0280898876405,606.2793296089385,699.129213483146,740.6685393258427,769.2122905027933,822.6123595505618,854.6348314606741,876.3687150837989,874.623595505618,819.9269662921348,792.8212290502794,782.376404494382,624.5,446.0,267.5,89.0,1784.0,421.0,2.5777354468291787,0.2725708947614973,1.3926437067868176,1.7595870942589913,1.9955017586749073,2.2247332851558057,2.504712598515885,2.7315463198950893,3.013005395455066,3.3555844324306463,3.764812255758506,6.850385579104536,1.0640302329474673,0.69298291628249
35182,21.1272714685009,1.2210439279317387,1.0,0.675017413652355,1.0401297582578952,1.0404462854709262,0.7103922569396268,1.0956578844367424,1.0522874331653602,0.5445343663662445,1.3567797812481892,1.0113808351856188,0.7665263254868531,1.2383242985977185,0.9036434340521631,0.621802113078726,0.7530774089654007,0.8685152195465395,0.8752940463589123,0.6873289734528255,0.9629520581393073,0.6466409770271053,0.9949900642481819,0.9255182815165287,0.9102590445070976,0.9081211191755244,60011.0,92691.0,13.794871794871796,74.0,0.00189978627404417,0.3771971496437055,0.6389548693586699,0.6018945913491998,2692.0,20.828972937846064,0.0026657043679587677,-6.12735859147947e-05,-43.5049512471103,0.004728320080895288,0.5397568667941935,0.02492323827470282,0.0017899215506586468,12.468804661677064,15.677861007225,16.96133451942479,17.829178531618375,18.461216702322673,18.980573762892,19.37948614594472,19.69820672021002,20.009932093072283,20.28480033459234,20.525982824509214,20.723848586540957,20.860441015797424,21.030343045388783,21.12727146850088,21.12727146850088,21.127271468500886,21.12727146850089,21.12727146850089,21.1272714685009,155.61995249406175,426.67695961995247,690.437054631829,949.0,1197.6199524940619,1473.9548693586698,1734.8218527315914,1936.581947743468,2164.9453681710215,2357.6983372921613,2541.0118764845606,2635.418052256532,2571.2066508313537,2537.2565320665085,2316.0,1895.0,1474.0,1053.0,632.0,210.5,4211.0,1097.0,2.378641745691788,0.20497724793148184,1.1067516753591797,1.4303349493538937,1.6782714841344961,1.887409979978515,2.1133871836224305,2.391204444415926,2.733234832258629,3.18536545650352,4.093975816033093,7.996909236559591,1.43550496695191,0.261401523819659
35183,17.635328283669143,1.72876065900916,0.9999999999999998,0.6366737940994609,1.1463513765952855,1.0771185815249082,0.7087694148195133,1.2753232091775677,0.8432156578500724,0.5080933694450267,0.720947823379354,0.7828438505408637,0.7168669511147171,0.565305969648494,0.9358659366913897,0.6114309016708315,0.9807495940844541,0.8688606368357855,0.8626654718538203,0.7690204232360213,0.9219773783125278,0.5846975337978679,1.0111684193327133,0.8559664591499828,0.8249474675014864,0.7928722790082343,63963.0,101117.0,18.0,104.0,0.0015723270440251573,0.40125814423725004,0.6607503931700741,0.5752354005666225,2480.0,16.876161650275513,0.0029123791405186836,-0.0003222138626768198,-9.038652515828586,0.0035737064984632627,0.16230060366646548,0.011868590733303694,0.001499740259854773,8.624248228007337,11.787955565830472,13.127265854998985,13.944984891977551,14.588398212853185,15.080317782963066,15.507850825506711,15.866714052340104,16.17326334171981,16.438461438109652,16.654158296380505,16.859828832605416,17.01311212618155,17.136253391467093,17.239877851208856,17.403386625695983,17.4124286968509,17.58350351121696,17.63532828366914,17.63532828366914,161.24044943820223,424.2629213483146,700.6157303370786,994.4696629213483,1275.1595505617977,1532.9865168539325,1774.6748878923768,1978.561797752809,2169.049438202247,2316.9258426966294,2365.552808988764,2406.9887640449438,2314.294382022472,2118.4372197309417,1873.9505617977527,1752.5505617977528,1326.8314606741574,1057.9977528089887,668.0,222.5,4452.0,1247.0,2.20666311648,0.48443792284913795,1.1509136123965522,1.4167310982066132,1.6002037055349876,1.782397167412114,2.002091410020375,2.225907078498233,2.5154826778374857,2.8559541141379654,3.439489637699862,8.53681787609894,1.0678962089170498,0.263560830298811
35184,25.32732215727778,1.2557391434084122,1.0,0.7558420515883467,0.9222912387937433,1.0161811876023756,0.6937847382180823,1.0315715111605295,0.708468507066845,0.5714788746331607,0.37686333112831466,0.6971871903458852,0.8237120869809674,0.36532933204440593,0.885653562795833,0.6997915447411174,0.7229121697376879,0.8715508352260334,1.0086580263187441,0.7007872570311714,1.0173580362685728,0.8266870945958592,0.8431119815648762,1.0011581090858155,1.191561372075038,0.8173083227321447,79913.0,108049.0,12.604651162790697,112.0,0.0022365110427732737,0.441834451901566,0.6823266219239373,0.545070853544658,1026.0,22.923603950788237,0.012933629533113817,-0.0024808867813558184,-5.213309059611949,0.0067314270173012775,0.09250776609903602,0.012135831418057375,0.0030216935403341114,8.810692734992529,13.396053851122087,15.526606866786993,16.928290021370728,18.111346127417864,19.001594961368664,19.823739446639664,20.503888497583006,21.110412655120733,21.627035345279467,22.111450706144133,22.59126712894844,22.97300934002121,23.317960466496654,23.6962801796459,23.990241016522575,24.371386148139585,24.725958383675394,25.059916456442178,25.32732215727777,60.593837535014,158.81284916201116,250.8263305322129,349.8631284916201,435.377094972067,533.5238095238095,603.3435754189944,676.695530726257,737.7226890756302,824.3938547486033,893.7849162011173,972.3361344537815,1001.3324022346369,971.0027932960894,971.0392156862745,866.108938547486,788.9692737430167,664.8179271708683,439.82402234636874,178.5,3577.0,568.0,2.3213870240643977,0.4189532456384024,1.1876077664035363,1.5485344841134139,1.8000160603186157,2.0410448230452247,2.2448407226628815,2.436224762781159,2.704454850250547,3.0387726161432536,3.618072477095244,6.339017632843119,0.8391002599699833,0.195766340806149
35185,17.549696276338356,0.4886998072292052,1.0,0.6616595007924538,1.0801966804367422,1.08283373390799,0.7087769962775142,1.2810988567023927,0.7286418779402118,0.44514281370427256,0.48864576697790635,0.6729028244350259,0.6280435398470262,0.38142705726527854,1.0659526804257027,0.7573383224849506,0.944411924937805,0.9844102996114066,1.0685142526668892,0.7371889530592235,0.8917852158514015,0.593619859578971,0.8626448087638396,0.8235661560274015,0.8375269833765109,0.6733631868069315,11801.0,16157.0,2.6666666666666665,32.0,0.006868131868131868,0.44566712517193946,0.6891334250343879,0.5326189282051842,296.0,16.11302978136039,0.03779135502802946,-0.005174735899364009,-7.3030500035130546,0.02346767052147063,0.15390663092142237,0.0388518687120408,0.010610281949218304,4.197667987834125,8.591529268394241,10.27645431863661,11.434556644340576,12.550610324918942,13.399168288869399,13.96574862940659,14.486986661060444,14.981997903192555,15.408565567371438,15.786558878245991,16.112930141735973,16.289398622397023,16.48299157421688,16.86008070639171,17.08151535900178,17.291580524329195,17.540857553511607,17.54969627633835,17.549696276338352,16.694444444444443,48.38356164383562,75.24657534246575,90.41095890410959,104.91666666666667,128.34246575342465,160.986301369863,188.53424657534248,216.05555555555554,238.02739726027397,265.13698630136986,286.1917808219178,269.55555555555554,244.26027397260273,256.24657534246575,229.57534246575344,203.58333333333334,180.65753424657535,109.0,36.0,728.0,158.0,2.174772395060396,0.4886998072292052,1.0508405569804207,1.3184049445274533,1.460427995508634,1.6776550979626594,1.9067773712708975,2.207778813351908,2.5234183012916773,3.0092595361758026,3.503895267132603,5.733222253438282,1.1188039470868256,0.618419779133983
35186,20.612178384151484,0.2792404429629356,1.0,0.6118115407754662,1.2176003898431154,1.138522414081857,0.7439507671512853,1.4307657970777363,1.0466278324603122,0.6562648986826146,1.256036787536571,0.9192861023332143,0.8821348503954974,0.8778772808952799,0.8570505476881094,0.522297329941268,0.9819319922031856,0.7527744180418827,0.7020589977227039,0.6862982007318947,0.8608857822772117,0.521901788884002,0.9633887650048455,0.756143025055382,0.7015273213339818,0.6733378495435914,216005.0,328073.0,32.808510638297875,230.0,0.0009064688916357644,0.41536179330806,0.6679578045162353,0.5597037662960258,6834.0,19.647678842942707,0.001018149869728315,-0.00013642920287780037,-7.462844085076653,0.001675699517157454,0.12946526490294558,0.008797124800526112,0.0006077679410719851,11.812890673897895,15.093993297529464,16.358594915563177,17.201827576824243,17.815003421584304,18.291892348952846,18.682677472069564,19.0197865987736,19.30036965348325,19.536998503171176,19.69511938662502,19.85054077839043,19.98909543611539,20.16637411548088,20.318535379110926,20.545650827560603,20.612178384151466,20.612178384151473,20.612178384151473,20.612178384151477,418.77658697444355,1250.2662819455895,2085.338550247117,2891.60593569662,3687.5988467874795,4485.041220115417,5154.185337726524,5781.376751854905,6397.266062602966,6721.217642209398,6575.388293487222,6390.623558484349,5971.219291014015,5731.809719934102,5302.888705688376,5148.261120263592,4247.0,3033.5,1820.0,606.5,12135.0,3759.0,2.0391425333379862,0.45536380003448224,0.9846019345443605,1.190417444479728,1.3692275633179116,1.575782879568812,1.7820073477678944,2.0083293413580625,2.2857640948803337,2.6976961058991114,3.3441077112662883,9.079712414903732,1.2182462392505637,0.137803735346533
35187,17.383364696041372,1.9426141372646437,1.0,0.6413197019109317,1.1286910367748724,1.0979134027500779,0.7373311494255663,1.3499847421786548,0.8273781303058756,0.6366727923896284,0.49113604310787884,0.7535914291905359,0.8634828365594509,0.36380858817357115,0.8655521765547988,0.6546442673337429,0.5316577780146439,0.7883610623449394,0.8878565185314056,0.39382502735300184,0.9104705794377255,0.5777763630520747,0.9600017413326412,0.8292735812835134,0.7836049833269675,0.7111204381342526,19791.0,28051.0,5.371428571428571,34.0,0.005823627287853577,0.417985012489592,0.671940049958368,0.551542837629847,612.0,16.55967145539557,0.013934261584493622,-0.0015688274829323916,-8.881959129405509,0.01285657831704973,0.18624437656597462,0.0342362774408641,0.005740842465900982,6.220724562179541,10.386515112506709,11.91984725553222,12.898313569922998,13.621242561480042,14.193204521280162,14.738383394797722,15.219531488516555,15.581163498183988,15.888874298520133,16.181136199409703,16.389228214216022,16.58117889260231,16.72128289793523,16.77407475796366,17.029410241077485,17.222887002961254,17.353779306869225,17.383364696041365,17.383364696041376,27.866666666666667,91.38333333333334,145.63333333333333,203.58333333333334,268.78333333333336,320.45,386.099173553719,442.8666666666667,490.15,538.9166666666666,576.05,590.8666666666667,591.0833333333334,544.404958677686,446.06666666666666,425.3666666666667,381.21666666666664,293.7,180.5,60.0,1202.0,338.0,2.0435227411385997,0.4317722799536928,0.9897014307468358,1.235870550108983,1.4908957320597853,1.6481876288992292,1.8474319010001652,2.0499569931004777,2.2809667481406755,2.762678810079772,3.3381936152268255,6.253043091794623,0.9786940571522125,0.901809666336048
35188,25.72520957453413,0.6304018652928233,0.9999999999999996,0.8471697147909546,0.7772763503522208,0.9638493149291899,0.6546944140980403,0.9327731676853875,0.7793048560526861,0.6008301927113822,0.5319385507705149,0.8085339108322533,0.9177261631888737,0.5702764286096306,1.082809327356855,0.9300333608228508,0.7411450515274741,1.1234217948646927,1.4205610141093683,0.7945608613148409,1.0371958713401506,0.9636534566845152,0.5871215758655917,1.0760975344121597,1.471913362835273,0.6294366049599105,21034.0,28562.0,5.833333333333333,56.0,0.006433823529411764,0.43790248390064396,0.6752529898804048,0.5447030618274842,275.0,21.51984363755308,0.05066944629733968,-0.014847803635806954,-3.41258865891419,0.02308629964051638,0.19818017522888728,0.03896191308393445,0.010328134485933217,6.788516759987282,12.415388125820607,14.992452987694337,16.7134341851166,17.877555875147916,18.744443785123178,19.5665875966263,20.30205034986997,20.851647163818388,21.41011775794402,21.871910135810804,22.236118468967412,22.611632066446152,23.008819389115157,23.360882123096275,23.775835363955913,24.14025263285139,24.495984617118904,25.0360993350068,25.581268044097627,14.796296296296296,40.642201834862384,78.85321100917432,102.69724770642202,124.01851851851852,159.0183486238532,186.12844036697248,216.3394495412844,240.24074074074073,262.3302752293578,267.2201834862385,266.697247706422,254.14814814814815,259.6605504587156,244.3302752293578,236.72477064220183,204.38888888888889,165.045871559633,112.06422018348624,43.88990825688074,1088.0,141.0,2.9238044927737823,0.623287265517237,1.7339594809146774,2.0665994170304867,2.4319190059578264,2.67964938903123,2.9362850844472606,3.0987219373436394,3.318530906718099,3.8293079548330984,4.2111931068171105,5.5614959155148105,0.8935269270369095,0.317960734700318
35189,23.97018073368826,1.2231573834134648,1.0,0.6712591392281014,1.042802452084707,1.061290164035695,0.704349866604679,1.2344197560270131,0.8915173242137944,0.684971340832651,0.636082659255838,0.8400316467870416,0.9724873579298846,0.5152887874243632,0.98163535198427,0.675177195961841,1.1178337153129578,0.9249453026601818,0.9585821308045887,0.9055539737234212,0.9344859810597295,0.6448827901068039,0.8158752026397423,0.880518837097504,0.9155716791932732,0.6609382251509335,321024.0,489500.0,75.51219512195122,568.0,0.0006254975548731946,0.40369633210122263,0.6584020471993176,0.5855463640705698,6019.0,22.39759877323837,0.0014700605173268387,-0.0002541853435416051,-5.783419676540945,0.001293546963336639,0.07903604827440379,0.0047907205134414665,0.0005050366573535533,12.517089750896641,16.386112852850104,17.770635498386007,18.649418299038825,19.282791488056983,19.810860029445635,20.229231558137162,20.568164213922334,20.89623139726426,21.114037986643766,21.481544742758818,21.882237956989695,22.22166882400396,22.5149108810036,22.797007091650723,23.08066778876468,23.27645622230824,23.37333520304436,23.788867306846814,23.96181845471007,505.1552901023891,1541.3490619670267,2561.1075085324233,3509.573621375782,4208.924345847554,4923.15122228539,5467.581911262799,5642.9573621375785,5690.397610921502,5127.8982376350195,5258.920977828311,5640.130261660978,5802.8567367822625,5789.44425483504,5642.311540648096,5319.710466439135,4463.271745309835,3008.914106939704,2266.5093803297327,871.3581580443433,17586.0,4475.0,2.406938615467258,0.3632645669145697,1.3299603418912265,1.5873751562501808,1.8104596415916463,2.0168372704828164,2.2259123640187215,2.4645692630963008,2.7417437944192704,3.127585015166712,3.7097377634918303,10.123253735246356,1.0045715370791897,0.0536573395179585
35190,12.888700411475742,0.7130721803448599,1.0,0.6146820736267569,1.2682420669369512,1.1699415222629694,0.7522252955907689,1.6179853799017585,0.5122907875926412,0.24504836372044722,0.8381959843803692,0.4378772595417747,0.3257645882913252,0.5180491707726451,0.8157542555609175,0.5478136101506297,0.7404336186264252,0.6972607092216352,0.728257363002394,0.457626890714787,0.8470409511701663,0.5308051202879298,0.8847473090678383,0.7240028112958757,0.7056464644293248,0.5468203359918856,20261.0,29181.0,5.705882352941177,40.0,0.005529225908372828,0.4126482213438735,0.6719367588932806,0.5600159504210823,676.0,11.715917789946698,0.01040474923338099,-0.0014377914434673008,-7.23661924728767,0.009625002554253663,0.10130090290138692,0.018556035844432023,0.004338950603480433,4.281804011549093,7.204449306260686,8.473245630627055,9.357646536995741,9.979052406542387,10.455542938592764,10.842605899922335,11.208512604188105,11.493741713768065,11.724078828621598,11.919004765779516,12.124970478641782,12.253181403417408,12.480873053651864,12.635925273967423,12.847567326763889,12.888700411475739,12.88870041147574,12.888700411475742,12.88870041147575,44.88095238095238,130.85826771653544,211.37301587301587,295.5590551181102,372.9761904761905,441.18897637795277,506.6746031746032,577.7007874015748,649.1984126984127,655.0629921259842,638.5511811023622,639.7698412698413,599.7086614173228,606.0079365079365,573.4488188976378,551.2619047619048,443.0,316.5,190.0,63.0,1266.0,392.0,1.9861796140544392,0.4290059221486563,1.033313377364899,1.2317290079599383,1.4410131195689375,1.6080225291799453,1.7641525018854023,1.9417107282719273,2.167042601834664,2.5777418695895427,3.139405268635262,7.645281452663835,0.9745935482259738,0.597695445150603
35191,21.768216706360416,1.4015835729443311,1.0,0.7606976647243314,0.7240318324631834,0.8781372536758099,0.638108335621141,0.6670194118347302,0.7135622566905281,0.6403163975739521,0.3503979974671728,0.8125862485660591,1.0034603245711589,0.5253190405708795,1.034039471618265,0.8748601707598253,0.6524309695961641,1.1775374148971147,1.371021379791611,0.9781289090246436,1.2713629207590313,1.2489225600229785,0.8509969589155862,1.447795222714002,1.9572265245638343,1.2758203791622795,37144.0,57202.0,17.705882352941178,118.0,0.0031633056544088573,0.435126582278481,0.6744462025316456,0.5565632036223486,567.0,16.96209903230828,0.02093604746246456,-0.00859108968215185,-2.4369490061266137,0.008056421334420921,0.033977619198964734,0.0066536507366045175,0.00580534163355729,4.7469336052413125,7.849930207074567,9.453048499874841,10.724755881369717,11.740251378443038,12.596412786006763,13.39246789834057,14.036122425267584,14.591263913662045,15.137801482574433,15.67092542315535,16.199463832418616,16.737597305985698,17.234249599570333,17.713816298911055,18.14852346304408,18.729208420359257,19.332101651214703,20.000505127858688,21.02848895769234,52.01587301587302,142.37154150197628,197.01581027667984,261.4624505928854,313.5691699604743,359.29644268774706,423.45238095238096,468.04347826086956,503.8181818181818,528.8181818181819,529.604743083004,531.498023715415,548.0,540.3015873015873,496.3201581027668,436.12648221343875,375.0,316.2371541501976,231.9802371541502,94.74308300395256,2529.0,293.0,2.3592459081222814,0.44520927277500594,0.9491097483548655,1.2238896889968276,1.4593510966817311,1.8274035291225186,2.144352019980583,2.436200335676349,2.858905854476304,3.285763821028633,4.240760834404013,6.129109775589274,1.5988709608131857,0.109294194604736
35192,38.350853943082,1.882634422824343,0.9999999999999998,0.8418397248934862,0.7784462693050139,0.9701584553508255,0.6785143629359508,0.9572134930049837,1.2258128714024359,0.8632979250290171,1.2740619558594373,1.2635182063729595,1.2723355203469866,1.3310112792703852,0.9886131698758702,0.8609233321828339,0.660982798782559,1.0190223714726798,1.2688358260503054,0.6905280834555866,1.0344155223424154,0.934003072762716,0.5833448995380655,1.066233579305716,1.376541343533626,0.6094198460437167,213973.0,302641.0,45.30232558139535,378.0,0.0009488666315234581,0.4248207507380852,0.6656474061577393,0.5708154524316115,2010.0,32.32387140617472,0.006401394793330472,-0.002880179520657823,-2.2225679848832534,0.0038452361366783693,0.21941146346405643,0.010715341265606053,0.0015527118491646707,18.976604786724284,24.572899246064324,26.375197618773925,27.637838334823623,28.606713603450867,29.413236045651978,30.146154844951763,30.782304363544494,31.35946141308098,31.90693896018009,32.41354117209424,32.88683733818837,33.393121307793166,33.88826874687302,34.403080965180926,34.85655934408026,35.406080429719694,36.03515028179079,36.68046286143057,37.73710606511613,160.45358649789029,511.9113924050633,805.8124341412013,1048.801687763713,1250.9915700737617,1410.3713080168777,1609.4246575342465,1750.4620253164558,1814.831401475237,1947.0274261603377,1975.2426160337552,1944.1664910432035,1921.6308016877638,1830.0937829293994,1763.6518987341772,1537.0158061116965,1345.6244725738397,1140.123287671233,769.4535864978903,330.02107481559534,9485.0,1393.0,2.7957191730686985,0.35142666879407247,1.4667304098079306,1.9277738689833335,2.23707621417651,2.5533872998575293,2.7713624418175424,2.993398370133171,3.278581442757735,3.631964495352516,4.089616728036406,6.704518754106125,1.0238376878616868,0.059628655386623
35193,23.630230944439745,2.7413899286948245,1.0000000000000002,0.6381120041110481,1.0710655988963529,1.0921765982197866,0.715355574771011,1.2255615602063465,0.8032518249466892,0.5693582664346675,0.707373798892833,0.7354596557516104,0.7959094561007958,0.5771834087010148,0.9082113948688031,0.5693424320230277,0.9667729407715802,0.8315609365272604,0.7958873210784402,0.7888407830030224,0.9095351798350847,0.5829085501533624,0.894859110154352,0.8327729978078622,0.8148514818521606,0.7301625142385223,28634.0,42388.0,9.411764705882353,68.0,0.0036900369003690036,0.4140295358649789,0.6708860759493671,0.5583764912767382,797.0,22.044435063756474,0.012673892879628956,-0.002251170313580561,-5.629912940469932,0.011017321210835929,0.26875128627044653,0.03954756457670421,0.004704024666704139,10.521791576435886,15.335362606479459,17.019264462908346,18.116868257496467,18.952657265202486,19.645876885470685,20.230698057969974,20.69706573070041,21.06962052358036,21.50337088184131,21.823339422732904,22.076708211428663,22.31904642839222,22.551530314455455,22.71665947140861,22.945394430791154,23.27400169768727,23.484031350167637,23.611668934392338,23.63023094443974,34.43386243386244,111.62631578947368,190.20634920634922,272.08947368421053,356.9526315789474,436.5820105820106,500.9842105263158,582.1947368421053,609.1798941798942,693.5631578947368,749.078947368421,770.5079365079365,758.921052631579,711.2473684210527,616.8518518518518,551.2684210526315,525.4263157894737,415.0899470899471,276.86842105263156,94.5,1897.0,418.0,2.1538127752095217,0.4621033356979777,1.2439524785417728,1.4471543760654908,1.6027734063990675,1.775718079044337,1.923433778029783,2.1038714303857846,2.441429601819366,2.792756687478755,3.302559114171651,5.745538002939746,0.828154879412773,0.448196952452417
35194,47.521244930226736,0.69022310789671,1.0,0.6441016194190404,1.116799628407857,1.0745901195689704,0.7352606558610973,1.2296185615248292,5.239465457324896,0.5240038152370243,46.46307684910884,4.875780413304471,0.712677621276144,37.78657731995422,1.111149959465944,0.7623430095910836,1.2992589123386429,1.0340221254887754,1.0368336773008326,1.0566357348472797,0.9240726689808003,0.5796551223116616,0.9796706400973216,0.8599303605652504,0.7883668433649574,0.7967272703515866,339532.0,486986.0,36.6530612244898,282.0,0.0005712834835597309,0.40950929981590806,0.6633022281470197,0.5707060391351796,7888.0,46.50946064011093,0.0010027479659251077,-0.00011657399628755596,-8.60181513767105,0.002972831957235449,7.4392687985603,0.3336981711934787,0.0010060241855186839,37.42465903337825,41.16883897093227,42.59077618775943,43.511665874060384,44.23124104413952,44.79071985428827,45.226114059505484,45.59961265053477,45.90710862790237,46.18370185405463,46.42137940882527,46.63116244582431,46.83505822593895,46.988469119752594,47.11997044771868,47.31901877227834,47.506775447681086,47.521244930226686,47.5212449302267,47.52124493022671,447.96253968253967,1339.1936507936507,2264.265228426396,3126.2342857142858,3995.806984126984,4869.8578680203045,5661.441904761905,6392.646349206349,6977.827411167513,7469.56253968254,7699.473015873016,7767.210659898477,7644.912380952381,7157.987301587302,6396.6421319796955,5956.479365079365,5436.736507936508,3938.5,2363.0,787.5,15754.0,4148.0,2.1603054864641256,0.26276670306164746,1.1108067674565487,1.3413723398933406,1.5308561602459878,1.740503472243151,1.934339845258072,2.148688165855503,2.4408986012803826,2.838028576030375,3.527758380265689,9.022907493831866,1.1003981055901628,0.0607448558090255
35195,30.523299728043245,2.735192634535209,0.9999999999999999,0.7372952863066606,1.0081537741531774,0.9365195144187644,0.7138192473607203,0.7376631112455263,0.7691062801927763,0.4627746319099317,0.6806422379675237,0.8212389259930261,0.6483078645203214,0.9227006577816745,1.2292076132499319,0.8930937939054733,2.2294501475399016,1.3125274960370896,1.2511483785392503,3.0223148122122154,1.046101005990801,0.816599685686717,0.9337482626227549,1.117009298669069,1.1439866446667244,1.2658193806738465,7691.0,10063.0,1.7,18.0,0.016355140186915886,0.5081967213114754,0.7166276346604216,0.4862852452775574,94.0,26.652806602907468,0.25038623174301455,-0.05248481843939561,-4.770641095617704,0.0650775341768338,0.21049635894336574,0.08788446409462919,0.036763850042960115,5.111942000919799,8.320119199562988,12.43382514310695,14.855498049386721,16.78980381557872,18.397957470997756,19.802000361926485,21.09585265266337,22.24853556763391,23.497149872407533,24.490025982082518,25.224339168471598,25.799364893950866,26.337996259936734,26.79616907924217,27.27274399482643,27.94196909395747,28.7041399666262,29.423531875757092,30.32275829140468,9.119047619047619,15.372093023255815,14.232558139534884,25.325581395348838,29.214285714285715,35.348837209302324,32.76744186046512,33.72093023255814,41.69047619047619,41.41860465116279,57.53488372093023,67.6046511627907,75.69047619047619,84.04651162790698,88.86046511627907,71.5813953488372,62.07142857142857,57.27906976744186,42.651162790697676,19.41860465116279,428.0,60.0,1.745330900450945,0.10377843490912084,0.563278990868385,0.7111610830997521,1.1200664003445444,1.4813999992329734,1.6218163609089968,1.8803519906758246,2.2512837173467113,2.649426516484528,2.977170402583661,3.8350421251807467,0.9042011026990034,0.508750619471539
35196,24.87568948667136,2.6568421385734813,0.9999999999999997,0.660560699156717,1.0855945433971654,1.065696125743083,0.7097914238044964,1.2393580251511616,1.0964478027316171,0.7289711243430003,1.3798717466590684,1.0288559526920413,1.0270216008467674,1.1133762146662736,1.0420178954740689,0.6329163514458072,1.2239251533255395,0.9777814428550128,0.8916934330558162,0.9875476887933656,0.9232960981902066,0.6206283705796589,0.8910455273628883,0.866378394259823,0.8743813319877525,0.7189573224849289,124241.0,175389.0,15.333333333333334,104.0,0.0014290250873293109,0.4155947276480864,0.6658726377640146,0.5650207969137195,2692.0,23.609551807943568,0.0035980491964508407,-0.0004587170658902321,-7.8437221197953635,0.0035284813956007427,0.15734587753044135,0.016043791072482255,0.0014448712554241258,12.62615800816702,17.18540252931141,18.82274860605426,19.96455540006917,20.752151630891152,21.37214612620707,21.886558373578037,22.388838122092356,22.756942312901028,23.084894290882573,23.389704741198972,23.65397029884634,23.891645821870753,24.09274914747015,24.26068780920307,24.482660466145944,24.7311278892203,24.875689486671348,24.875689486671348,24.875689486671348,137.83147853736088,431.46507936507936,738.547619047619,1023.0968253968254,1271.4324324324325,1495.5507936507936,1725.1825396825398,1996.2619047619048,2194.4133545310015,2391.7063492063494,2591.804761904762,2655.3634920634922,2629.6613672496023,2490.411111111111,2226.826984126984,2044.0714285714287,1907.6661367249603,1574.5,944.5,314.5,6298.0,1506.0,2.2631303532066136,0.346107528765183,1.214240428010278,1.4809588426277662,1.6723752658970166,1.855727601983451,2.0599262454607805,2.2841282317451976,2.525855396646777,2.872639326790349,3.499304714529795,7.581483455790076,1.0873483103734973,0.143561187689193
35197,15.823404908072172,0.9195025739168184,1.0000000000000002,0.6706604252209042,1.0308635408400977,1.094072838642788,0.7547484709831307,1.2577219750076876,0.9412917250730255,0.7192580720135001,0.8036444111198122,0.8603556288269714,0.9529771833477172,0.6389682514014277,0.6353709841843658,0.41855015744895396,0.6776321256831986,0.5807391992040968,0.5545558203036213,0.5387773602978169,0.9607505609153678,0.6682085168089065,0.7898537422848199,0.8781413147109947,0.885339344826366,0.6280034522573974,13717.0,18917.0,4.666666666666667,40.0,0.006119951040391677,0.38480392156862747,0.6458333333333334,0.5878155937688274,392.0,15.037538471053251,0.019553965749783582,-0.001788567448830145,-10.93275278076503,0.018264586193817836,0.4362022955976224,0.035426113682399486,0.007916956836898737,6.4720765125226665,9.589937168551282,10.784805324593334,11.703457934430853,12.313738141767326,12.807574235478569,13.218840100004826,13.563811401080493,13.902164612140142,14.246282269740862,14.569112952614496,14.822127177386154,15.048211988878661,15.213625668196691,15.44489747873315,15.633570571212134,15.793371014476037,15.823404908072167,15.823404908072169,15.823404908072174,22.469135802469136,70.89024390243902,121.74074074074075,168.4512195121951,217.9390243902439,260.44444444444446,299.0609756097561,314.4512195121951,331.7654320987654,342.1341463414634,363.6707317073171,376.8641975308642,379.5975609756098,356.8658536585366,343.1975308641975,322.8658536585366,278.5731707317073,204.0,122.5,40.5,817.0,202.0,2.2474951169516286,0.4574675970368379,0.9955827904000744,1.425671411673795,1.753490315190152,1.9709290051400883,2.169764375101103,2.3851521029095855,2.645369843295124,2.9470130555286924,3.5494603154011877,5.7185069480079385,0.9216023072379899,0.914741036926862
35198,33.17588755418216,4.347706681022363,1.0,0.6063031248209461,1.2467205599003872,1.155678035727569,0.7293573122488275,1.5574834614259176,1.4139293489375309,0.5512669660158719,3.138456725709906,1.2234630279594931,0.7558256519238155,2.0150818955320178,1.5161751378954063,0.9432919048410044,3.0040369226564025,1.311935583288024,1.2933193223669102,1.9287761296072619,0.8293817771310055,0.5254496220063045,0.8286805530907114,0.7176581638577734,0.7204282635985175,0.5320637898344245,95747.0,132829.0,12.73469387755102,104.0,0.0017628911414720142,0.4335463962971126,0.6804055543310558,0.5504177031940211,2042.0,31.730572560977702,0.003934858138977721,-0.0007840369006139695,-5.0187154914473835,0.006354018266070046,0.6878078620612953,0.1325899676348587,0.002481353487070949,22.145266118865386,26.707386621749926,28.063818065182556,28.903337115589352,29.497532118614203,29.994929987131062,30.440750756258094,30.810075524824683,31.12877165425377,31.40013427009685,31.677474536213936,31.849003990304336,32.06707100908076,32.30567932689135,32.52463517471507,32.79926965416555,32.9802258330083,33.15727539534375,33.175887554182154,33.17588755418216,117.82339955849889,399.2488986784141,665.0286343612335,918.3414096916299,1141.653421633554,1380.7687224669603,1600.2665198237885,1775.5616740088105,1888.8300220750552,1956.3942731277532,2005.6674008810573,1843.0462555066078,1763.167770419426,1683.068281938326,1569.147577092511,1539.3986784140968,1362.8300220750552,1112.112334801762,680.5,226.5,4538.0,1387.0,2.0472112570074485,0.4478974375091272,1.1263698878606223,1.3326622942025366,1.5144862724492043,1.6922463549804907,1.848418659573607,2.0586896941505866,2.2834682914313063,2.562487098334146,3.1418898638291797,10.637281493992718,0.9035998902874555,0.360837461457122
35199,17.248021946455545,2.4988239969111836,1.0,0.6452238916934251,1.1001440791749388,1.0875566340845118,0.7205424688471106,1.2832274218152344,1.1414373998675222,0.8757766018764215,0.5352604741051997,1.0495429516903885,1.2154406433220932,0.41712050802968986,0.6839332858398557,0.502019151096582,0.4096803860776832,0.6288714209495675,0.6967238890163235,0.3192578175255602,0.9419840767998893,0.6175778733535852,0.9631778271204281,0.8661471479072322,0.8571012814022304,0.7505901220205621,22949.0,35093.0,8.903225806451612,48.0,0.004618937644341801,0.38937030618139806,0.6528018486424032,0.5837027812127227,882.0,16.42917847942622,0.008006609094505252,-0.0006590266711816205,-12.14914273522432,0.008520622732261328,0.5549596348053787,0.02680789333307339,0.0037903414323351148,8.603391940541817,11.375726118426002,12.608902538993219,13.399887889956423,14.095949240471755,14.606852115930414,15.043889946984365,15.36712051674232,15.678870724272532,15.972842765210704,16.209509729144102,16.44745484018882,16.672486873188536,16.854188773127692,17.025116666758272,17.221288899564396,17.248021946455538,17.248021946455538,17.24802194645554,17.24802194645554,61.641618497109825,166.58381502890174,271.8150289017341,376.28323699421964,485.15606936416185,576.5953757225434,675.5,726.1387283236994,773.8092485549133,845.7803468208092,845.8670520231213,862.150289017341,843.820809248555,811.3505747126437,778.4624277456647,761.7167630057803,606.0,433.0,260.0,86.5,1732.0,445.0,2.276589500378127,0.3227455193792273,1.2730525654826288,1.5120600710085885,1.707992353618423,1.8846262120165294,2.0649521573170415,2.3078728801446795,2.5565219750630965,3.0274711659611127,3.6553439979520044,5.551013214402312,0.9098407557362387,0.578168947219383
35200,14.077947433682546,0.7271344922972606,1.0,0.6987309365868162,0.9622213309023836,1.035978893124475,0.6741114806646273,1.1690987902982894,0.5472546259387632,0.4363351787407524,0.1925617968921809,0.5282488181668092,0.64727451060551,0.1647096023793248,0.9888518236857486,0.7250976340143419,0.8683310436111019,0.9545096239397379,1.0756346017122358,0.7427353879902243,1.0059899524061768,0.7534108985464059,0.7487170789187507,0.9710525562660329,1.1176354655814418,0.6404224220672741,10602.0,18388.0,7.62962962962963,46.0,0.006517690875232775,0.40726933830382106,0.6598322460391426,0.5737576091894645,409.0,12.816556012965552,0.023151564761404553,-0.0034029638815721826,-6.803353067241031,0.012442509731020769,0.05411876169611655,0.015444093875410604,0.006835670172168414,3.2867222123600186,5.556628192287694,7.200208849095965,8.354095041064776,9.041427219378182,9.600262228765766,10.19135938713965,10.770042367065878,11.183456780504319,11.611662220530011,12.013852166210892,12.281906398286264,12.60728889753788,12.887278523380138,13.117841330997807,13.307393757164041,13.522206245675003,13.833899673488258,13.979755890516852,14.07794743368254,37.41121495327103,81.21495327102804,122.66666666666667,166.86915887850466,210.2803738317757,235.62962962962962,256.7943925233645,288.31775700934577,318.9259259259259,347.33644859813086,379.21495327102804,380.44444444444446,391.67289719626166,395.60747663551405,364.2962962962963,323.1682242990654,275.4392523364486,232.27777777777777,145.42990654205607,53.5,1074.0,197.0,2.317490153641256,0.597431836535566,1.0871345450728962,1.4513552447560165,1.6886436175501969,1.9449854382899776,2.092592361594432,2.3670299391334546,2.7192063174528167,3.259134931989009,3.8474098862292814,5.76752382096939,1.0684560566768977,0.626668414759915
35201,24.402789540164797,0.3706616539324339,1.0,0.7613788186636858,0.7649504754417216,0.7924974298990651,0.5990846582706293,0.5075248851628188,0.6387587228633517,0.5903424723683175,0.23899065112139953,0.8060073115249168,0.9854074281796036,0.4708944489386546,1.1698477492666257,0.8975892883163875,1.01964583178741,1.4761533667252662,1.498267859015866,2.0090558346913334,1.4238396726308584,1.6375967402544092,0.9192732003790088,1.7966489466246003,2.733498041798701,1.811286948193875,12082.0,19282.0,10.592592592592593,86.0,0.008946322067594433,0.46766169154228854,0.690547263681592,0.5368610508178763,171.0,16.961030718843528,0.08642420060063112,-0.04193840109855954,-2.0607414287808776,0.023912565060927725,0.060256042376491174,0.018445487986910182,0.01803976510852941,4.505886656124755,7.223404565336425,8.619941663049172,9.830592950705757,10.908825277753316,12.204808335591117,13.295048659014746,14.354794004775838,15.241175068765436,15.940741257882655,16.642683343253918,17.373588363176168,18.1734312963123,18.773586453189296,19.430016898028587,20.196465041614182,20.832670094696716,21.463379551972817,22.23992422195557,23.351122302769426,21.74,53.16831683168317,67.14,97.03960396039604,103.36,105.60396039603961,119.56,129.11881188118812,150.3,153.72277227722773,160.7029702970297,151.44,147.62376237623764,154.74,145.07920792079207,143.58,143.40594059405942,110.32,85.65346534653466,37.722772277227726,1006.0,95.0,2.2295400141751283,0.397869724935518,0.7362681137921542,1.0656407476311613,1.335467488031277,1.5888864095472084,1.8396549017290882,2.1358408896342524,2.6362637384415195,2.813200518807669,4.286069817078069,9.195438141377007,2.306872195768234,0.316444847604726
35202,18.447881947099358,4.72267685215197,1.0,0.6132839328520234,1.216384539149173,1.133543055019388,0.7416451835719213,1.4107060190406107,0.5404424216241781,0.4313590194351611,0.2656175015497362,0.4767727341551526,0.5816245139726305,0.18828692722979706,0.8530748974550186,0.5230859200342415,0.8703365521194214,0.7525738821102192,0.7053048164014876,0.6169510446345992,0.8699655812918431,0.5096843933403662,1.0024071932388459,0.7674746693031111,0.6872348187924817,0.7105712882125224,121411.0,179231.0,20.697674418604652,116.0,0.0011261261261261261,0.422638321835844,0.6757708010699705,0.550458081232118,4197.0,17.821014509992573,0.001744853078806093,-0.00012113439594612628,-14.404274402640393,0.0019323110087212992,0.14971744109405832,0.00926567785905889,0.0009608516797673865,9.591864858525543,12.81578030556567,14.127825484331016,14.97670352482822,15.606784631251106,16.107657015287376,16.514819988614228,16.847491272460655,17.17088173176333,17.464924249505838,17.70909165025084,17.869175916258015,18.01426263462729,18.190686966202595,18.27278061007637,18.434518720298843,18.447881947099347,18.447881947099347,18.44788194709935,18.447881947099347,238.82676056338028,695.9169014084507,1141.3713080168777,1567.3478873239437,2023.874647887324,2468.8213783403658,2867.77323943662,3130.130985915493,3464.5133614627284,3851.987323943662,4099.438028169014,4061.1111111111113,3881.798591549296,3820.2774647887322,3384.2236286919833,3155.8464788732394,2486.5,1776.0,1065.5,355.0,7104.0,2181.0,1.9794661559061715,0.3548527608246649,0.934609982478516,1.1261128078625373,1.2977005659962884,1.4874201539611587,1.6803267168132592,1.8909832300445755,2.1859183960198307,2.6169168328737884,3.467443929202595,10.150259412550149,1.2835470932244117,0.260961119830608
35203,23.830156156405078,0.44820745548444485,1.0,0.7276287416653381,0.9512331877836481,0.9864340799686337,0.6888957316976189,0.9859694712992049,0.7604531888286916,0.4719826411672855,0.5347820940257003,0.7709113100115845,0.6851292865528389,0.5423921425488173,0.9650524445647807,0.7029326581508482,0.830243773371054,0.978324313972878,1.0203759811642883,0.8420582964673823,1.030538258322423,0.7773807544403878,0.9417301612694862,1.0447107204114354,1.128444724900122,0.955131156371987,65430.0,95176.0,11.761904761904763,76.0,0.0024903154399557276,0.4334348187102131,0.6781068364240244,0.5561593550818748,1110.0,21.81671847540448,0.011003823595957819,-0.0017697686191309567,-6.21766228478005,0.006471616025718416,0.09781526198455624,0.013209767052471136,0.002707964329685346,8.219775691196784,12.550176616726741,14.823503612258493,16.622680792863772,17.743679863058826,18.569423579177872,19.244028747772365,19.846334588112292,20.384197961203277,20.891190065949534,21.346439144230494,21.74391535836581,22.058225364903386,22.40475794366037,22.735432947378783,23.001069710672247,23.40519523461086,23.68905603264067,23.822405297246064,23.830156156405067,71.13019390581718,176.53462603878117,245.75414364640883,341.11357340720224,473.0,595.5331491712707,697.6952908587258,814.4681440443213,892.5441988950276,952.792243767313,1020.1412742382272,1077.5883977900553,1054.6038781163436,1040.0027700831024,1018.8314917127071,910.3434903047091,911.1717451523546,811.8038674033149,535.7229916897506,180.5,3614.0,603.0,2.455108323160156,0.095900279499683,1.144763976222029,1.4965238318138143,1.7789347848096995,2.040934396379719,2.316435637692488,2.590285424647129,2.9130295891973117,3.3505602038910265,3.9441566405689454,7.021323569425668,1.2975451230256136,0.216569132253062
35204,16.249235833021572,2.265052653457386,1.0,0.7037631086131371,0.9344404666487387,1.0106133654926808,0.6870401567381983,1.047966339784103,0.7546349135249714,0.5673456823667454,0.5531452348352768,0.7467098094008303,0.8257824186875538,0.5278272916181955,1.0148772925905578,0.701761643429884,1.0327007469908238,1.004219147740836,1.0214274035473816,0.9854331267963967,0.9938459291491674,0.7422601808813354,0.7782920085057642,0.983408653679007,1.0803737941684521,0.7426688997149509,10966.0,18790.0,8.461538461538462,40.0,0.007239819004524887,0.401268115942029,0.6530797101449275,0.5847840904031759,455.0,14.950448514747471,0.02168773885626343,-0.002764664465462776,-7.844618805354062,0.012666832590184952,0.13981957263766837,0.025691193167989033,0.006312942424986739,5.285038547659928,8.560055449188727,10.191980765185527,11.237706209542036,11.945466865822379,12.56887874104749,13.0494576026969,13.407295863278996,13.883654502643191,14.240322150254013,14.602092451278978,14.930746497589203,15.216099150894225,15.448908874914851,15.58097669545407,15.749558485267901,15.972132021440316,16.15444401072686,16.249235833021576,16.249235833021576,34.554545454545455,81.62727272727273,133.52252252252254,192.5909090909091,239.65765765765767,284.40909090909093,314.1711711711712,311.08181818181816,349.54954954954957,367.7,404.73636363636365,443.05405405405406,441.8636363636364,430.81081081081084,386.75454545454545,355.2522522522523,323.8272727272727,256.5045045045045,165.5,55.0,1105.0,219.0,2.63027483196478,0.7928884087333724,1.5484581080361322,1.7990245499536783,2.000606054413352,2.206076611125312,2.4801682504147626,2.6898289211671567,3.013923441381879,3.404283678437504,4.128110825694049,6.195961663835936,0.9927282099669252,0.766651759683155
35205,23.49649635821058,0.07243769840524392,1.0,0.645938699318546,1.235398521835111,0.9769888561874163,0.6655185579730943,1.0425377980087807,0.6469201646450066,0.47502602410284556,0.34983482733934285,0.6621571582397943,0.713768261473559,0.3355608094090382,1.1117180393587203,0.6588485062325836,1.6393409466784086,1.1379024768993464,0.9899776622896511,1.5724522888373984,1.1245851441376744,0.6994233866408421,1.6713580697535924,1.1510726422471544,1.050944978560791,1.603163044012257,7717.0,9997.0,1.2820512820512822,16.0,0.015945330296127564,0.4634703196347032,0.7077625570776256,0.5159708058186168,70.0,16.240584598878844,0.22610630548034807,-0.15867898666352406,-1.424929098897023,0.05347958598129073,0.08969584928004057,0.04144416960713147,0.04789913301845742,2.0792694492350043,4.522680924173808,6.2850983110194845,7.980917015893059,9.489258546330024,10.618643970849114,11.77113530763905,12.67534668508341,13.380333093546989,14.336216887080111,15.171211601122538,15.841716005638016,16.41271254351112,17.07143364657223,17.95203748571268,18.877252489096968,20.124615433100317,21.338209809592954,22.27117994353942,23.298323233554573,9.186046511627907,22.772727272727273,27.772727272727273,31.318181818181817,36.09090909090909,43.09090909090909,51.06976744186046,59.90909090909091,65.45454545454545,56.90909090909091,63.68181818181818,62.86363636363637,58.68181818181818,55.604651162790695,55.95454545454545,43.18181818181818,41.18181818181818,37.31818181818182,36.68181818181818,19.954545454545453,439.0,58.0,1.8203660969425208,0.2918053949007045,0.740518658605065,0.9212768803259872,1.0192841709690714,1.265324419077334,1.4542563555074768,1.7206808671911091,1.8912068484357176,2.435078314297316,3.436180625465645,7.874100058503649,1.8073292419554716,0.96046789373504
35206,19.14709398734766,2.182724170342668,1.0,0.6304889378354207,1.2364088940491325,1.1259944479867812,0.7188563395987966,1.4951684952880635,0.7287349881113089,0.5414052544931804,0.49305122308409094,0.6471923457653355,0.7531480556954482,0.3297629829934975,0.8880070132294301,0.5905490935842386,0.8969347226226551,0.7886424438567525,0.8215119781983587,0.599888725216785,0.8737968780757434,0.5635488208777595,0.9603131558808891,0.7760223681724596,0.7839519384252543,0.6422775485888447,74915.0,109457.0,18.944444444444443,136.0,0.0020515158422612263,0.41928864569083446,0.6719106247150023,0.5570068317339563,2050.0,17.171461482318517,0.0039322557328821985,-0.0009295400298791954,-4.230324253376415,0.0038678453755141345,0.11800552841832926,0.010345313636316763,0.0017170858860186796,8.455931835295868,12.057925024932759,13.468429385360738,14.344302960434716,15.019979181834648,15.550564218769471,15.978832779754596,16.335868327904222,16.658359974142105,16.958689449734333,17.199946862908277,17.408989806515667,17.592072141322056,17.778044259093186,17.85320806683573,18.034450236796427,18.334673020424027,18.475141234457283,18.690600764756837,19.14667638626544,135.71917808219177,380.9134396355353,639.6278538812785,870.5512528473804,1119.0136674259682,1362.527397260274,1554.8154897494305,1680.015945330296,1769.0296803652968,1929.5398633257403,2002.8359908883826,1952.7054794520548,1849.9498861047837,1764.2027334851937,1454.9977168949772,1222.1002277904329,1103.8519362186787,820.5,487.9134396355353,218.88610478359908,4387.0,1241.0,2.181737259709193,0.4750629768395436,1.2000059227488573,1.4011448588388795,1.5843749406058802,1.757965475299864,1.9526514383248437,2.143856363253505,2.4455582785128263,2.828451707834676,3.4694404370531573,7.390326037159584,1.0306289929294399,0.268612290632445
35207,20.756365152455444,0.7542459768050377,1.0,0.6804460364270641,0.9287173790870317,1.059488721474393,0.6978460876390816,1.0237995338286936,1.0697408928395928,0.39796561377493384,2.4178007740999816,1.0096765271374788,0.570277057970349,2.3615958927605236,0.9068228642596006,0.525085051388579,1.5275496917790365,0.8559061044063391,0.7524367631908933,1.4920398391533478,0.9422603116204938,0.6829136519586607,0.7039420202186341,0.8893537916186939,0.9786021073343844,0.6875779847116248,4911.0,7883.0,3.92,26.0,0.010460251046025104,0.42557651991614254,0.6540880503144654,0.5696492486364663,214.0,20.128871579085235,0.04478652860558753,-0.0021946975248009924,-20.40669755147631,0.04193316389025242,0.9239339545724894,0.11914293766054548,0.016454943644142055,8.656572455898555,13.104795548982802,15.027578656123419,16.157456248489144,16.742477482990637,17.23421657395912,17.689575065907253,18.004271158217573,18.40814997396013,18.79029346845624,19.199395865907515,19.590329223035596,19.898304445404207,20.1626033862214,20.34114717020667,20.590209492039065,20.74317267527105,20.756365152455434,20.75636515245544,20.75636515245544,9.085106382978724,31.166666666666668,50.541666666666664,78.54166666666667,107.61702127659575,121.75,132.91666666666666,141.41666666666666,163.17021276595744,169.33333333333334,184.75,200.5,203.91489361702128,208.16666666666666,197.91666666666666,193.45833333333334,166.0212765957447,119.5,71.5,23.5,478.0,103.0,2.3190998936846348,0.620833913353535,1.2743888110436807,1.4911561773209463,1.7051341467304515,1.9886392618398772,2.2517367436606666,2.480756072364983,2.724738917554905,3.059665283388702,3.5192430916715507,7.327924952970914,0.9179922069905341,0.953609321815893
35208,19.771499854174333,1.9613741220867875,1.0,0.6341286585033409,1.1479861436911214,1.091226486858792,0.6929903931908135,1.380214623402351,0.8559824142398632,0.23079587449377192,2.0151099461428537,0.7844223216244475,0.3330433967938467,1.4599975336990922,0.7672796776853056,0.4923394475714588,0.5772974106010084,0.7031351299893749,0.7104563820928671,0.4182664064070842,0.925488363133228,0.5986595001443592,0.9247569510539342,0.8481175762121956,0.8638784982110417,0.6700095299485573,39326.0,62098.0,13.371428571428572,70.0,0.0024544179523141654,0.41388986320589266,0.6699403717993686,0.5641412415411552,1451.0,18.764456017238043,0.0053319708555105445,-0.0006957468675409797,-7.663664910710488,0.0062469750024859855,0.34572379767190325,0.02082959817071012,0.002595564191808461,10.287781456854777,13.324032430800257,14.678373555579329,15.65981060178537,16.40794141226622,16.948354452728598,17.375416647677117,17.748537024094176,18.09563891964856,18.37625547278657,18.63115019159976,18.82177224203203,19.02909665530393,19.192737429870295,19.254082701597714,19.444068702623976,19.65724694713427,19.736394415078646,19.7502966174661,19.771499854174326,90.06315789473685,256.6280701754386,412.06315789473683,561.6947368421053,745.2982456140351,903.1684210526316,1022.1223776223776,1140.9473684210527,1262.8105263157895,1337.4947368421053,1414.059649122807,1390.6947368421052,1370.2070175438596,1317.8986013986014,1108.3157894736842,1008.1157894736842,919.2912280701754,699.0,419.5719298245614,142.5,2852.0,757.0,2.1734715400268785,0.3845476328467609,1.123542459217018,1.4178278570905842,1.6377725985710643,1.8114833365825063,1.9401565013404822,2.184102691164633,2.43167909658436,2.7956906430513215,3.3515362460945632,10.110579715864365,1.0464840495763148,0.316828318668995
35209,16.78762294466959,1.4508729709537198,1.0,0.6289600080427467,1.2034295797165258,1.1182782039292878,0.7521585215441597,1.3914047900051736,0.5825696172492586,0.43249022467212167,0.3731141235464534,0.5209523132993982,0.574998769919181,0.26815641733205914,0.8331346369513482,0.5205911924483968,0.750782607697614,0.7450155373000812,0.6921296210001558,0.5395860450464759,0.892019273415181,0.5444935433471876,1.0258743180622114,0.7976720553802246,0.7239079632167937,0.7372939387813929,135724.0,220046.0,29.066666666666666,192.0,0.0009458749343142406,0.39604792936724825,0.6591339079251629,0.5736564291680257,5099.0,15.654313948846216,0.001391480582750115,-0.00023026306419966043,-6.043003846867799,0.0016120191269409156,0.055895660256084,0.004871419904296722,0.0006756584418073275,7.9805675038855854,11.085118162695812,12.38335549814285,13.241199486618534,13.837924429444694,14.282883642966345,14.629568862270137,14.924589387025,15.220580720614738,15.484172560924744,15.650274240719126,15.7311779584474,15.950353790414546,16.14144301647326,16.446099557160334,16.699260149297594,16.787622944669582,16.787622944669582,16.787622944669582,16.787622944669582,346.3901156677182,993.0872765509989,1646.8088235294117,2318.3459516298635,2989.231092436975,3536.2902208201895,3929.7710084033615,4240.192429022082,4586.827731092437,4919.676130389064,4748.461619348054,4097.121848739495,4008.6372239747634,3782.43487394958,3980.9348054679285,3972.2605042016808,3330.0,2378.5,1427.0,475.5,9515.0,2893.0,2.043202365725013,0.39939756408226124,0.9669746643936163,1.1943444570070911,1.4130949490851612,1.5881702259416919,1.8010023274763454,2.008051510625031,2.2770389709900316,2.7019300777483006,3.4433335903409157,7.844737605463507,1.1569041105110731,0.202688529756852
35210,14.108109583696056,2.44155388570483,0.9999999999999999,0.6556748241237118,1.0732069066081487,1.0997532904994443,0.7031675022959082,1.3420308651537105,0.44134017415369303,0.28736129506579944,0.3158305302288419,0.4013083461230308,0.4086669166699794,0.2353377544656307,0.8475580206763101,0.5528003634775218,0.6856359200352699,0.7706801407171952,0.7861574399735148,0.5108943004501912,0.9414903045301948,0.6515292878449996,0.8272307387185979,0.8560922823905572,0.9265634229649338,0.6164021709171722,16237.0,26093.0,6.551724137931035,48.0,0.006405693950177936,0.43874643874643876,0.6794871794871795,0.5656619708245164,580.0,12.260573326386218,0.012360736768912363,-0.0034023791332667926,-3.6329686624442137,0.008309512605406855,0.0872612351856792,0.014266915284032657,0.004606899605296095,4.643143998026173,7.300724132336483,8.55650465186882,9.393150623767081,10.037538771432944,10.598364349179088,11.074166355605415,11.472774050087287,11.841151094874785,12.102652885907963,12.359395467333863,12.603244135182937,12.858553523514646,13.115926970554966,13.218898863999062,13.526281681402464,13.78779799939842,14.10030403439403,14.108109583696049,14.10810958369605,45.128571428571426,123.22857142857143,206.46808510638297,283.48571428571427,359.07092198581563,424.1857142857143,483.290780141844,518.3,547.8652482269504,563.1857142857143,559.9142857142857,549.531914893617,542.3142857142857,529.9078014184397,432.42857142857144,414.59574468085106,380.0857142857143,347.6241134751773,210.5,70.0,1405.0,337.0,2.3709967187467442,0.3179664733812339,1.2641996577354966,1.586376428335037,1.788323165702075,2.0412323621056614,2.278793402246164,2.5195156340840055,2.802114654857994,3.108194909210664,3.5760278100134277,6.649662666930949,0.8660092814126272,0.710044587720186
35211,18.478356321731074,0.17897789370330078,0.9999999999999999,0.7336850168368333,0.9290238279001067,0.9728929742870079,0.6664961152687612,0.9714537985953318,0.7119521812924828,0.4517927876356726,0.5321586115858994,0.7317887990857807,0.677862597073787,0.5477961096609754,1.020985425226082,0.7808979832162997,0.8363049136864905,1.0494324167304414,1.171646713801785,0.8608797607212417,1.0408012280741847,0.7960753036177473,0.9063678424656136,1.0698003332143948,1.1944185200490387,0.9330014909367499,43844.0,73388.0,18.484848484848484,118.0,0.002006305531670966,0.4076834862385321,0.6585435779816514,0.5804512475615446,1252.0,17.277131004859758,0.007786326192923216,-0.0008365565787520746,-9.307590652790507,0.005246381430053834,0.05839507236829289,0.00945480237494347,0.002244473809422549,6.135175892260896,9.712566821222469,11.533969453005557,12.733740475809537,13.647099167864035,14.372084065066668,14.967208308505738,15.433450353996884,15.816869081261823,16.184326879832664,16.50942969895648,16.87056350938523,17.19338621139444,17.47069642514963,17.73240720504154,17.964341426244598,18.316988111068,18.47835632173107,18.47835632173107,18.47835632173107,88.66091954022988,216.72206303724928,352.7191977077364,471.1002865329513,601.5329512893983,749.541547277937,899.080459770115,1011.9799426934097,1065.134670487106,1124.1919770773638,1132.785100286533,1209.1432664756446,1237.9770773638968,1193.2298850574712,1135.4985673352435,1033.6848137535817,1049.3667621776503,872.0,523.0,174.0,3489.0,624.0,2.529095852012203,0.08869371371977934,1.1524756916993961,1.455725159568567,1.7615373205465075,2.047907138573067,2.347116996193871,2.737450994346008,3.066030297053007,3.4191355206821856,3.9341956684458275,8.575863986424297,1.502671083379219,0.197540150796995
35212,18.306485585545346,2.5272046580746776,1.0,0.7034801166545614,1.0228896191444814,1.0995724874594617,0.7719225932080169,1.2113572626591362,1.1807255035350523,0.9354217757055384,0.8483824956051108,1.0738041529786662,1.2118077433360754,0.7003569646685126,0.9309559590816563,0.6258986671572176,0.8719490036193815,0.8466526488240987,0.8108308691368373,0.719811595222787,0.8931413871557826,0.644821613113595,0.8066607966764441,0.812262399561639,0.8353449151342939,0.6659148556270557,18302.0,29066.0,8.1875,54.0,0.004037685060565276,0.39730639730639733,0.6484848484848484,0.588584054080681,797.0,17.715299142564458,0.009831092911609846,-0.0005067311196256862,-19.40100485415601,0.01062577840233715,0.3363829877626698,0.043298127594762814,0.004592569561776844,8.673538507822922,12.389393904306216,13.76483538320768,14.653098497570456,15.258988343122217,15.754066156535195,16.165323331483926,16.505815887403156,16.814140432633597,17.04252852628747,17.331020084814046,17.588059812788366,17.76317087506812,17.96431252755317,18.152983781519488,18.293312825110114,18.306485585545342,18.30648558554534,18.306485585545342,18.306485585545342,44.25675675675676,131.69127516778522,221.02702702702703,316.66442953020135,403.1756756756757,493.83892617449663,574.7567567567568,630.5302013422819,676.6351351351351,676.1208053691275,716.9597315436241,770.5,759.3959731543624,760.2837837837837,736.1275167785235,660.4054054054054,520.0,371.5,223.0,74.0,1486.0,376.0,2.297798185329841,0.45956625343993257,1.2190635988626197,1.4611813039466324,1.630708273229124,1.8384797772326067,2.0262228762631747,2.2790795009693343,2.5525332456195615,3.0361545316364222,3.669957793494394,9.179699541738522,1.3045372567972848,0.910451952470467
35213,30.405046374391112,0.6939167021441202,0.9999999999999999,0.6164289776763967,1.2766712626181673,0.871850792744813,0.5822841799272384,0.775890567170223,0.7356947324941495,0.5069346666061406,0.5687550897665956,0.8438310071130304,0.8705966675403867,0.7330351905693631,1.0913117758592914,0.7773505119764393,1.1016147520075892,1.251718510713924,1.3350019436790748,1.419806862745253,1.3565844161709553,0.6913043796886684,2.8484523587464046,1.5559823165384465,1.1872285106132423,3.67120374866148,16397.0,22241.0,3.45,28.0,0.008859357696566999,0.46895787139689576,0.7062084257206208,0.5018906791551697,114.0,21.776207179763734,0.18367986720042298,-0.08736129867877707,-2.1025313265523247,0.03293916815104988,0.05813515654034156,0.027438778051828434,0.02818697460699664,3.4629657487880445,6.509178604841288,8.27610339806109,10.337657174672797,12.358383122366707,13.979530565567803,15.681912791975376,16.77335925528449,17.80816098130219,18.84489985488342,19.823088614204206,20.840951198785717,21.7003399027333,22.476602607164264,23.50150742424231,24.79999111624674,25.890447663123222,26.9523984756622,28.14304753676812,29.721368980335072,16.944444444444443,38.98888888888889,41.98888888888889,42.42857142857143,56.81111111111111,70.63333333333334,73.5,88.96703296703296,99.45555555555555,99.38888888888889,102.36666666666666,105.79120879120879,106.81111111111112,102.47777777777777,91.21111111111111,83.84615384615384,92.47777777777777,75.1,54.27777777777778,25.923076923076923,903.0,136.0,1.8353065372239517,0.27925824052630027,0.695920974939789,1.0961650486182346,1.348737636131369,1.585021767834775,1.7717269332534373,1.948447494125241,2.183460489328855,2.5399962506583798,3.011746737682003,4.2270121748817235,0.7519784326863669,0.5269684297801
35214,34.19872351433027,0.20211430251860912,1.0,0.7875905527257593,0.8597983067531428,0.9653676846190211,0.6795259001479592,0.9189489977624239,1.1049481545645297,0.5789701436971104,2.484557035717889,1.1445878831137728,0.8520207155769134,2.7036941568766175,1.3015342017057085,1.0167384812272866,1.3938551924881193,1.348226403724457,1.4962468406368368,1.5167927663907992,0.9977875296433415,0.8600344743465923,0.6295545529091411,1.0335828985586095,1.2656389905952508,0.6850810593863883,15348.0,21372.0,5.4375,42.0,0.007760532150776054,0.42508324084350724,0.658157602663707,0.5587170826985299,241.0,30.85140839653712,0.07130926103958944,-0.017562799993287123,-4.060244440911777,0.03773208569568442,0.30499646172744366,0.11649594682025952,0.01482371116618159,8.665168633318553,16.595218715907063,22.13480076498224,24.772689217788148,26.143131860242924,27.06114127567929,27.790349789297306,28.438089703429895,29.101784830378488,29.662762640726072,30.18744893622609,30.5938622116633,30.975701767412648,31.36815167274622,31.730747667625423,32.050266677770956,32.48336628076345,33.07574752197821,33.807838006464955,34.198723514330254,12.166666666666666,17.833333333333332,28.344444444444445,61.05555555555556,95.36666666666666,129.12222222222223,155.74725274725276,178.87777777777777,180.12222222222223,201.5222222222222,205.76666666666668,222.87777777777777,232.38888888888889,212.06593406593407,194.7888888888889,160.67777777777778,142.9,118.21111111111111,106.5,45.0,902.0,118.0,2.7686006015487994,0.5667556163803233,1.267297311629231,1.8242690644397117,1.9956393543948465,2.3647816078069015,2.746418015251532,3.0564007322382105,3.4123313567147915,3.798404061991611,4.185883251623271,6.798661289485657,1.3330492304108463,0.744120587490033
35215,17.773412782853466,2.3670066926288684,1.0,0.6761923282929765,1.0696971524585384,1.0015540222163142,0.6416872900514365,1.2207030097179794,0.8573353127720196,0.5876256979691535,0.6161103712793632,0.8560050618885674,0.9157508759789375,0.5047176638171016,1.0108533121673744,0.705787631739624,1.0592213900780627,1.009284861070681,1.0998934257885165,0.8677142446980417,0.9999559507439462,0.6975598102514646,0.8976202681426838,0.9984044081128728,1.087071258954731,0.7353305931063955,17538.0,33742.0,19.75,106.0,0.002863961813842482,0.3744030563514804,0.6337153772683859,0.6146569671331049,852.0,15.682810282965063,0.009862576973740772,-0.0029883297424081866,-3.300364358651023,0.007357405009658357,0.12320585840241817,0.016764887095331443,0.0034971262141825477,6.984935267270519,10.605118490116958,11.919254389207435,12.88545600065588,13.558057451451813,14.090280344646505,14.509724183654653,14.920034177107643,15.294758731595534,15.603299125981161,15.820083062068813,16.097167911030994,16.348971316548713,16.54064698227911,16.689924174962808,17.020321887748896,17.385322730679583,17.74523556489328,17.77341278285346,17.77341278285346,60.85167464114833,187.21052631578948,304.5952380952381,424.54545454545456,509.85238095238094,585.4306220095693,644.0333333333333,717.8564593301436,802.947619047619,824.1387559808612,779.0430622009569,777.2809523809524,735.4019138755981,660.5952380952381,553.023923444976,519.052380952381,498.27272727272725,505.8904761904762,314.0,104.5,2095.0,460.0,2.5910782996030717,0.4346908769404241,1.4112856027488807,1.6899478106082002,1.9221665964639252,2.1578118287661754,2.364012451393887,2.683030097769844,2.960613596955799,3.318734893396299,4.040362320986093,8.439421853951586,1.3059562774676103,0.423368572990876
35216,20.08169245057479,0.935076036991401,1.0,0.6276412897875359,1.1788361740442885,1.0989951335808732,0.6974366610065074,1.2882215576139613,0.9475207278163222,0.5312270555955095,0.7901891911328659,0.8621700850748998,0.7616850178607875,0.6133954104885895,0.9484616313684349,0.6175820078834927,1.078114663385275,0.8630262340453204,0.8855026447738319,0.8369015849898945,0.8971027765778145,0.5467593066308426,1.0489973503217795,0.8162936751637565,0.7839555004776858,0.8142988635159375,28196.0,42802.0,8.571428571428571,74.0,0.005005005005005005,0.39359038557836756,0.6509764646970456,0.5721393018667867,1139.0,19.323817754145264,0.006547829135733348,-0.0004306482082197504,-15.204589292966785,0.0095876897414038,0.6624621084834841,0.04599986642947674,0.003618995873308293,11.075133223696628,14.541793763143787,15.784918295047973,16.59903269959139,17.2240109875949,17.7503264600999,18.13674035674182,18.504907169216118,18.840104099046698,19.106010932992653,19.32904436092469,19.425392785406203,19.67075362890846,19.8973751690343,20.02604251887655,20.08169245057478,20.08169245057478,20.08169245057478,20.08169245057478,20.08169245057479,61.35175879396985,201.83,337.71,449.92,570.2613065326633,694.04,809.17,913.61,1008.5678391959799,1065.32,1085.72,986.02,1062.3819095477386,1107.87,1044.3,898.5,699.0,499.5,299.5,99.5,1998.0,564.0,2.002326886146633,0.3397954345151184,0.8746894785196604,1.0805099198054329,1.3003611403182285,1.4866376127194987,1.7042970636409922,1.883970227137766,2.1726808310424905,2.657142093533715,3.5985790341390795,8.02983177095581,1.4404510715734287,0.921743898468558
35217,14.081149850317603,1.65797996173606,1.0,0.6463906568565617,1.1706491082499793,1.1220556884652542,0.7471845455665993,1.4042327161941093,0.704966464662712,0.5680515798369635,0.3527149485435258,0.6282811734834337,0.7602560615144991,0.25117983969173485,0.9280333050952907,0.6360349256670378,0.8579817844125837,0.8270831070467216,0.8512420786015115,0.6109968629259479,0.8751131102069675,0.5324225806636032,0.9376339758977843,0.779919498829818,0.7125717251818432,0.6677197910892241,14074.0,21968.0,5.625,34.0,0.005097706032285472,0.4379251700680272,0.6802721088435374,0.543235100261499,599.0,13.176592147281509,0.012696433766262312,-0.0011481037219076375,-11.058612148009145,0.010563919973283625,0.12273933743525067,0.024986494384399243,0.0048867291681787646,4.760022216415954,8.108668137260677,9.526131481534204,10.422646598019568,11.050745123874234,11.54784709809813,11.913186022590923,12.286553849635881,12.55162815785846,12.811109481937857,13.086224857777255,13.263699212891915,13.45667822697384,13.702717179267504,13.869213710459487,14.000569657980185,14.081149850317596,14.081149850317603,14.081149850317603,14.081149850317606,35.52136752136752,112.41525423728814,189.42735042735043,257.4830508474576,327.14406779661016,399.53846153846155,447.2118644067797,507.2118644067797,525.6495726495726,547.6355932203389,578.1440677966102,577.1965811965812,574.6864406779661,576.2796610169491,545.0,489.43220338983053,411.5,294.0,176.5,58.5,1177.0,367.0,1.9848645823525064,0.4726325075160386,1.0291237809865759,1.2168611724893905,1.4081714105564584,1.5707798671354585,1.734994449406773,1.9666673655309204,2.213353886350051,2.6464784692037884,3.1401635374111505,7.8526224060122,1.0431286712293228,0.652626584370155
35218,17.517403182023926,3.0513503657844945,1.0,0.7144579771300535,0.9811699337264912,1.0508507898705528,0.7441809517303826,1.113513215208524,0.7474461229518936,0.4552449872231446,0.6057369980451207,0.7112771196032183,0.6117396396193708,0.5439872556264959,0.8153260680912837,0.5966147581774942,0.5447169113675219,0.7758723464362797,0.8017065698742156,0.4891876485413013,1.0021216432750621,0.7290404493555092,0.9398267648383417,0.9536288623796978,0.9796548106483128,0.8440194081238123,9397.0,13691.0,3.9310344827586206,26.0,0.008733624454148471,0.44169096209912534,0.6895043731778425,0.546731843592279,238.0,16.595532069966865,0.04454837958090376,-0.004125106357451046,-10.799328725291522,0.021087540548453985,0.221661034021265,0.03645101360275124,0.011654385492492921,5.553877778862606,8.36657268781538,10.006854081310417,11.08576183225301,11.974405601462857,12.787183796703864,13.439036607110655,13.98376948587893,14.436005739622798,14.907153138138336,15.360438505713576,15.740309453238861,16.063823848813527,16.408323011281006,16.622378432104828,16.82112373766663,17.10581366305908,17.40808376136274,17.477835630766013,17.51740318202392,21.5,46.98550724637681,69.3529411764706,85.43478260869566,102.3768115942029,135.91176470588235,157.84057971014494,167.44927536231884,188.2058823529412,204.68115942028984,212.0,208.8235294117647,219.69565217391303,226.05797101449275,224.6764705882353,211.7246376811594,188.34782608695653,161.41176470588235,100.71014492753623,34.0,687.0,151.0,2.2504969950639233,0.7077281895749432,1.3618153211890995,1.5787374906488092,1.6831886206144004,1.899915792882691,2.132456791005234,2.335820961945589,2.6026785258457514,2.814880520709908,3.16533106468652,6.0539207893971865,0.7400069573108917,0.743390031538438
35219,21.84226038989572,3.817531344181247,1.0,0.6102589034660416,1.2077393389731943,1.1247917233718323,0.7317131791723837,1.3872679768396428,1.613180430552081,1.1854627430529467,1.2026541833880364,1.4342036814746348,1.620119435861172,0.8669227600335893,0.7757127689241111,0.4493449455681658,1.2145251273414062,0.6896501394931379,0.6140998390604429,0.8754798262612787,0.8780062866970467,0.5074889757090327,0.9750375601552668,0.7805945478199402,0.6935627103000066,0.7028473059520305,35041.0,48065.0,4.428571428571429,42.0,0.005285412262156448,0.41988365943945005,0.6726599682707562,0.5426632236574268,1063.0,21.58353227693553,0.007178687025682174,-0.00017045932084539631,-42.11378403996529,0.009531850367908235,0.45206698200750595,0.04791382001207013,0.004157666599831772,12.004343111553199,15.790273372301291,17.245406298092554,18.14622469134095,18.74622042985456,19.28365231108757,19.73424897536056,20.14206175270102,20.50225999440627,20.779062505308303,21.002930287871663,21.221356948234057,21.443913671491142,21.62269872468727,21.707534643437622,21.83862471202612,21.842260389895703,21.842260389895706,21.842260389895717,21.842260389895717,56.698412698412696,165.45502645502646,259.989417989418,373.4867724867725,479.29100529100526,598.5873015873016,701.5315789473684,798.3492063492064,895.8148148148148,958.8888888888889,999.5291005291006,1002.8994708994709,1049.835978835979,1027.7315789473685,923.5978835978837,847.3703703703703,662.0,473.0,284.0,94.5,1892.0,539.0,1.782247290349498,0.14218193898518136,0.8713148940261373,1.0639642499413153,1.2111310909556328,1.3741028879523567,1.5273601827389245,1.7061502970873084,1.916473467558622,2.2943341205303844,3.0645114602971772,7.36807883152712,0.9867489640185982,0.750865829708055
35220,21.220775596033505,0.5508258045468695,1.0,0.5873780558561145,1.3353555431771207,1.1794825066108434,0.7499266951747948,1.6685276464000645,0.7220166504382484,0.4500508409803624,0.7915438070405824,0.6121469766541179,0.6001264441926066,0.4743965787731354,0.7245312527205239,0.41211615560551146,0.7525116395690982,0.6142789305136974,0.5495419195731582,0.45100339883050866,0.8281030297649484,0.485575947965059,0.9514661308823338,0.7020901328536375,0.6474978835789806,0.5702429521831248,420618.0,601066.0,39.57692307692308,310.0,0.00047194546407970634,0.4311710105406681,0.6811054591221354,0.5439400024753184,10830.0,20.01971727358373,0.0006180494334325268,-9.411496889246902e-05,-6.566962096525566,0.0010839556238652597,0.13017277043939107,0.005272207328189649,0.00040017738361570294,12.356005015614484,15.374290970699924,16.633889286790353,17.45884779975469,18.06048317789818,18.543204369986864,18.92999290235513,19.257099237676663,19.544530621520558,19.778542376553652,19.96005459879157,20.118478669416227,20.229833815009233,20.39921626152842,20.51621266209336,20.530704137682587,20.530704137682587,20.63619321875749,21.06130693483015,21.220775596033494,689.2345225603358,2057.3408495018352,3409.9842684845307,4736.592029365495,6029.53329837441,7251.357629785002,8288.719454640797,9249.654431043524,10114.826428945988,10667.920818038805,10697.063450445727,10474.89197692711,9688.554798112218,9423.474042999476,8559.98426848453,6771.0,4864.0,3279.9837441006816,2464.627163083377,953.0,19070.0,6362.0,1.8814860298006306,0.2124260472565027,0.9043486891524904,1.112263738703587,1.290033771827257,1.4665233473770978,1.649142761115339,1.8550192970670674,2.1011793174585063,2.4753050551226825,3.167500236968904,9.292602473647161,1.0102862144808356,0.0598953689495102
35221,16.79880879465928,1.3851639451952966,1.0,0.690205170617952,0.9928112169868544,1.0183363112372066,0.6749145593143598,1.0760280425507476,0.7154852399122674,0.5685449334691433,0.2898603727919703,0.7026021089663428,0.8423954197205693,0.26937994302160573,0.979587133943418,0.6620511350678913,1.0296188346762933,0.9619485460096076,0.9809406626824936,0.9568698899663988,0.9940145845465516,0.7161399156499577,0.9032843833072529,0.9761162138457914,1.0610823337067707,0.839461749682655,20049.0,35117.0,14.74074074074074,94.0,0.004627249357326478,0.411522633744856,0.6620370370370371,0.5862754814018859,772.0,15.151561843550308,0.010711113839376188,-0.0022700569500606425,-4.718433975451608,0.007928829655074066,0.08472888574954926,0.014829334773137977,0.0037121837227946292,5.452325230544968,9.055174949209869,10.5486539743772,11.63039458776182,12.399925063238669,13.009138466881094,13.456235309201073,13.832323826994086,14.16456413142216,14.477996510085703,14.753425705086007,15.020995732631333,15.256828456869352,15.557916925152107,15.691711374116956,15.901230082143217,16.159310256370567,16.304857345662978,16.64768898718962,16.798808794659276,54.324742268041234,140.3659793814433,233.2871794871795,344.79896907216494,441.84615384615387,536.0670103092783,615.5641025641025,677.6752577319587,692.8,732.6546391752578,755.4690721649484,757.4717948717948,714.9845360824743,746.4717948717948,630.2216494845361,531.7384615384616,492.42783505154637,356.97435897435895,258.6340206185567,97.0,1945.0,415.0,2.494223604162455,0.5661492388608913,1.4336418959955164,1.712076980114675,2.012318212068702,2.2784913033684244,2.443767940402355,2.625533768155978,2.8417710533677276,3.162910531945014,3.6719283254202404,6.001016857420078,0.8191454971263934,0.266000638299156
35222,29.439354536645876,1.5838529157120433,1.0,0.6316985029220833,1.1269262188776739,1.1080771422099203,0.7223775885831349,1.3305930298095128,0.9844774324074163,0.6693110708801178,1.0648450869953565,0.8884556813833376,0.9265390862871294,0.8002785698853385,0.9847844539638643,0.6766013750643004,0.8948391761813274,0.8887327573600479,0.9366311825805399,0.672511546456419,0.8849673649696796,0.5613784578180495,0.8983325107648672,0.7986514036421,0.7771260718637912,0.6751369431819977,195609.0,258207.0,15.309090909090909,136.0,0.0014941591958706874,0.429697052030974,0.683195218041027,0.541674198834471,2795.0,28.113296560189156,0.00365795984446455,-0.00042286337957871573,-8.650453127695403,0.0037842007364398632,0.20258207841511933,0.020637171596149882,0.0014326315098282822,15.552735078456458,21.11405117612665,23.021025850587034,24.150338528962187,24.95846449315251,25.606880704893484,26.11910988734189,26.577630258013304,26.982417684806393,27.32130736439686,27.666435348857977,27.96120068302349,28.21205038059538,28.487378315835613,28.76959493840137,29.002598738683343,29.21319191707667,29.41490712531188,29.439354536645855,29.439354536645855,136.3179347826087,402.5923913043478,745.9347826086956,1084.4673913043478,1438.5815217391305,1762.5027173913043,1983.4789687924017,2199.0353260869565,2352.9239130434785,2484.6684782608695,2664.5733695652175,2719.2309782608695,2644.8641304347825,2664.099050203528,2671.163043478261,2472.491847826087,2177.125,1799.8152173913043,1104.5,368.0,7362.0,1874.0,2.0942508766966403,0.39145045212164903,1.1686696568188264,1.416482321107727,1.5835271826660757,1.721072561949534,1.8772474951438296,2.0872470356549675,2.319824077247754,2.6525418982650306,3.198164928652969,7.788138071153749,0.8945307748573351,0.167758901230991
35223,23.430869348413463,3.762058828047942,1.0,0.6249779671201926,1.2452016961506909,1.124618483737244,0.7113046287572103,1.5448072247706903,1.280563512742481,0.9493748669915835,1.2069653880951587,1.1386648283487328,1.3346951905125781,0.7813048571638571,0.896920394634433,0.5609055728676934,0.9021670516693018,0.7975330368516241,0.7885588680165152,0.5839997620435899,0.8711659728588688,0.5517194387929696,0.9121097565000214,0.7746324513215169,0.7756443814472744,0.5904359727702685,24187.0,34529.0,7.333333333333333,38.0,0.0047138047138047135,0.43463611859838275,0.6752021563342318,0.5501108215916971,814.0,22.571732581766184,0.01031817255078215,-0.0013248444534161236,-7.788214325218819,0.013253915444990244,0.8496458403737698,0.08177792876273657,0.0056606603882078345,12.494317155634992,16.9972260854497,18.585019937224114,19.506524612367624,20.17356026330708,20.71608693372528,21.155604692370606,21.518101332679176,21.830981735010297,22.100906137278596,22.298449484765733,22.52544642474994,22.586071393210574,22.73559143057107,22.945107687469367,23.120773232949695,23.333916065325795,23.400117353611773,23.430869348413445,23.430869348413452,38.78378378378378,126.43243243243244,208.01342281879195,294.6216216216216,374.5302013422819,458.9054054054054,539.4765100671141,613.1891891891892,680.2080536912752,737.472972972973,748.2837837837837,784.3892617449665,682.0135135135135,631.3758389261745,612.2567567567568,548.6308724832214,492.7027027027027,363.10738255033556,222.5,74.0,1485.0,449.0,2.088801368813924,0.3389757026052281,1.1331501765844472,1.3582465869694709,1.5156036417835939,1.7194494230558297,1.892294698800361,2.0897739621829454,2.3156775596739987,2.6541233915213853,3.3411508039529516,8.215346359028775,0.9695852613103156,0.655114844883792
35224,19.302786112998415,4.278263276398415,0.9999999999999998,0.6141528869863444,1.2718108337649625,1.156587542460776,0.7187532024415746,1.6441398575995763,0.8346357925575274,0.4047422554174725,1.2021676663488459,0.7216365055962314,0.5631171507028838,0.7311833362546151,0.7765952726219262,0.5596079038789719,0.5914040452259658,0.6714539488897039,0.7785814407198566,0.3597042201077762,0.8517367709080745,0.5485853296334922,0.8776191203700029,0.7364222245519819,0.763245753577126,0.5337861717258748,84099.0,114367.0,12.755555555555556,94.0,0.001761006289308176,0.4461499748364368,0.6862103673880221,0.5424844227316886,1744.0,18.354705145040363,0.004566249788175988,-0.0005716074913046118,-7.988435871885058,0.0037807052935581275,0.1595864301803349,0.014806513087448715,0.0018364144220818258,9.084440115179616,12.797574437149056,14.141103453071123,15.02761320657864,15.722529539299368,16.246050264194647,16.680764825503072,17.02015824879589,17.33495126750423,17.646627147926544,17.891417818445227,18.100661684258114,18.343536060916257,18.497431727936164,18.71056413553356,18.91052451613966,19.0843904245808,19.288886633859157,19.302786112998408,19.302786112998408,116.41309823677582,350.34005037783373,584.7060301507538,815.5062972292192,1035.962311557789,1233.866498740554,1397.7663316582914,1462.6498740554157,1546.143216080402,1656.3853904282116,1705.5264483627204,1684.5150753768844,1710.7531486146095,1584.213567839196,1516.1410579345088,1398.2437185929648,1173.1662468513855,978.0175879396985,596.0,198.5,3975.0,1189.0,2.1230483545165666,0.49288736393140453,1.1786144990960903,1.423000656054124,1.6318793799572047,1.8048391882443275,1.977923144486373,2.15856929049874,2.4091015849592,2.671532266162218,3.171972768201095,9.084232488468915,0.7943772762239022,0.29618376592407
35225,31.936750616074256,1.5796194528485596,1.0,0.6825494307295867,1.118331804762201,1.0601255598191501,0.6775299385144463,1.21426561487634,1.2090032559004198,1.0978038820021565,1.072041972355869,1.1404340218970546,1.6203031328906348,0.8828727085918883,1.2685914469139155,0.7106750908219592,3.962396443832104,1.196642638377975,1.0489205722483452,3.2632040266046993,0.8853451091881384,0.6724227475288448,0.5667169829390496,0.8351323114397619,0.9924620438223002,0.4667158288895166,29475.0,48061.0,13.5,86.0,0.0029623360135421074,0.45808636748518206,0.6875529212531752,0.544068339302503,691.0,28.066618518786004,0.018779344709355175,-0.005430787653624023,-3.4579412613976013,0.012852299391712826,0.20753929994174788,0.03639292292266663,0.005203229392402405,10.955394861998094,18.056963124296555,21.246395175248544,23.2659989083213,24.556884233927004,25.449498608789103,26.099893823941393,26.733935265008043,27.171360116737407,27.602128875308107,27.965586340215324,28.276076093584575,28.617121065342783,28.970172986528507,29.28923977842367,29.582970698710344,29.9250451821184,30.45569378542524,30.84021743496222,31.389395209934023,37.09322033898305,87.37288135593221,109.7542372881356,194.06751054852322,288.6101694915254,405.3728813559322,498.70338983050846,579.3291139240506,609.3474576271186,632.771186440678,668.1355932203389,636.9535864978903,638.4237288135594,608.6016949152543,569.1101694915254,505.1181434599156,423.3728813559322,375.29661016949154,253.04237288135593,101.42616033755274,2363.0,494.0,2.560207820946676,0.6615501284245512,1.5911158861981765,1.8697904374049459,2.0476575816770395,2.2268802288290055,2.396292066690775,2.6371584627968776,2.878616347077491,3.25913221098853,3.6448302718661743,13.670163135718862,1.0306953355335742,0.330699212867767
35226,22.348621214079706,3.3050599780740697,1.0000000000000002,0.5930759554954157,1.3112545527592376,1.1898085277730148,0.7767866417017547,1.6190029009348674,0.9424079210597867,0.4913434549620597,1.1049530294006296,0.7920668738386906,0.6325333477486728,0.6824898391241869,0.7888713363114511,0.4936097410666713,0.7768151104396112,0.6630237705456652,0.6354508620092769,0.479810820592756,0.8110505899133454,0.4861677668956203,0.941326838061977,0.681664798143112,0.6258704009514664,0.5814238118526056,144196.0,205006.0,17.130434782608695,166.0,0.0011400883568476556,0.44056442417331815,0.6845781071835804,0.54121910115871,3506.0,21.70004463116583,0.0021342533342864137,-0.00016110544316895,-13.247555714478493,0.002714304623147896,0.2507774215958057,0.016234045484648022,0.001141212553935628,12.67894631173723,16.482047710005048,17.856304370018176,18.690643352694195,19.28434931348407,19.762245645230127,20.150915413231495,20.49490293230148,20.752269649394076,21.029650178723298,21.270533370422832,21.489074524849546,21.70530218369395,21.871496943175536,22.024252332572644,22.18761187591459,22.34857010302601,22.34862121407969,22.348621214079692,22.3486212140797,222.55920114122682,644.0042735042736,1103.2082738944366,1566.6367521367522,2004.9729344729344,2402.8815977175464,2731.437321937322,2977.3831908831908,3063.4336661911557,3297.887464387464,3396.30056980057,3407.506419400856,3440.314814814815,3271.542735042735,3033.493580599144,2771.277777777778,2455.309116809117,1754.0,1052.5,350.5,7017.0,2312.0,1.9048536287520703,0.3711860214021995,1.016672527944281,1.2045915593210497,1.3643775961844138,1.5413367233108335,1.7188449617986832,1.9064673342457967,2.1410973103939654,2.4479328046048967,2.9298104551534485,9.258759669704043,0.8532099007898543,0.135243590374012
35227,25.982688291252654,1.5979392844189906,1.0,0.7716821409939795,0.8931708233589463,0.9005576265021205,0.6011639688649187,0.9561695688254911,0.7815417174335968,0.40343412557044867,1.7301698741337803,0.8678419841595296,0.6710883327425435,1.809480170195158,0.9290490591620878,0.7573044111308309,0.6908954113005874,1.0316375452514146,1.259730207318857,0.7225657810353109,1.1792439061490778,1.1233943482339472,0.8006912949743572,1.309459685250138,1.8686987351472049,0.8373946641680771,17944.0,25128.0,3.6923076923076925,40.0,0.006660323501427212,0.43142857142857144,0.6714285714285714,0.5575073343724506,261.0,21.638701515270377,0.05093637426032093,-0.017687116859129708,-2.8798573937181104,0.023223570482698727,0.3143654503178476,0.029304236256998593,0.011795843230635351,8.469977373203676,12.743993320533464,14.523826783373405,15.85318474367574,16.942697840548313,17.889348764670988,18.77063111320581,19.493054074200842,20.143020419997058,20.810037364994894,21.29048650782207,21.733642014204552,22.197479568786832,22.627403506822876,23.063402158199498,23.594257210090046,24.07887244216173,24.58360922375715,24.9587391449978,25.668191888298402,18.0,51.95238095238095,80.66666666666667,101.20952380952382,122.93333333333334,143.64761904761906,162.6095238095238,185.01904761904763,210.89523809523808,226.71428571428572,243.10476190476192,252.21904761904761,241.94285714285715,226.1238095238095,203.6952380952381,189.76190476190476,172.59047619047618,151.85714285714286,106.87619047619047,37.72641509433962,1051.0,139.0,2.5073233593056843,0.672109437348603,1.1394394281278724,1.3925759512170808,1.5945536815490828,1.7939729679060574,2.2666864039785675,2.6302525095087983,3.0171511233590333,3.496315319215643,4.613345464425649,6.297995128803974,1.5889722286014527,0.607573518394493
35228,19.80724549791069,0.35160788157404416,1.0,0.6586688112300958,1.046006636815462,1.0893385303570289,0.7630720010019183,1.1908173251793341,0.5192010822226639,0.4062829875614754,0.27190217103648284,0.47662050662294725,0.5324307365858311,0.22833239430366453,0.82787047737961,0.4937222542369538,0.9607614132087646,0.7599753926892467,0.6470192243834048,0.8068083936082106,0.9264756856722153,0.5882902950497675,0.8801316920516008,0.8504938179030208,0.7709499159677444,0.7390988302249089,53583.0,72265.0,6.5777777777777775,38.0,0.002640513013956997,0.42150943396226415,0.6754716981132075,0.5520670491497531,1213.0,18.510932270961778,0.00706358564796081,-0.0009155096432051084,-7.715468319079521,0.0073417500439006194,0.22181787165640465,0.02164947382151608,0.002848933398979674,9.062348585834227,12.832421876261407,14.14302737611203,15.074435034888715,15.865570818492452,16.539145600989166,17.063022065914737,17.501997267693987,17.87000066932159,18.225076050357853,18.489362323558282,18.68773900597491,18.9238491815469,19.17014221932349,19.40189568928566,19.566676958564994,19.7861896989929,19.807245497910678,19.807245497910678,19.807245497910685,63.41132075471698,200.34339622641508,335.8264150943396,447.4,559.0867924528302,682.8490566037735,798.4,929.8377358490566,1043.7207547169812,1137.9811320754718,1168.5509433962263,1137.4377358490567,1129.645283018868,1124.4188679245283,1103.5169811320754,983.0,907.8943396226415,663.0,398.0,132.5,2651.0,671.0,2.0612130312954964,0.27500713707686636,1.009080123980996,1.2310999662126452,1.4103606245327927,1.6398641531145575,1.8388513065157053,2.062640660800356,2.368216114567268,2.685613235619479,3.5548251587139643,5.897030212848653,1.0621495835247163,0.395960213830695
35229,16.081259788945214,0.8885563377634156,1.0,0.6902598178924315,0.9799566612941553,1.0460573531144195,0.7252839749965536,1.0537024001865616,0.8224766573725798,0.5172878332452702,0.8481389297832196,0.7862634442784858,0.7132210983259739,0.8049131610908865,0.9417322096404265,0.5989616108784387,0.9739219892962293,0.9002682375269516,0.8258304767884673,0.9242856323794965,0.9573734016786015,0.680292951104938,0.8923939127037492,0.9152207561356174,0.9379677127268262,0.8469126695979319,22274.0,36860.0,10.588235294117647,70.0,0.0030349013657056147,0.3709514170040486,0.6396761133603239,0.6101458386327034,1333.0,15.62315220587522,0.0053661964748202146,-0.00045196643567960463,-11.872997752037207,0.007688615106873379,0.24215457598010504,0.022562457622026955,0.0031241949343978224,7.515084019410879,10.539294649358464,11.774909836338669,12.599322456502977,13.220216632129809,13.740453107262441,14.147804477531725,14.443850308292925,14.693494280217852,14.981909457509689,15.219506611527116,15.444039010253023,15.618269420812632,15.623611216176945,15.623611216176947,15.623611216176949,15.632302082812336,15.98610190489888,16.08125978894521,16.08125978894521,75.37055837563452,200.90404040404042,321.89340101522845,470.6515151515151,609.3888888888889,757.5532994923858,872.4191919191919,955.8636363636364,1020.7868020304569,1131.8636363636363,1216.3080808080808,1255.6142131979695,1265.2373737373737,1072.5,875.0,677.5,483.72222222222223,449.5431472081218,296.5,98.5,1977.0,527.0,2.2698880435565645,0.46510949490656217,1.1764915709985988,1.460175720434387,1.6770656557242494,1.864152100729857,2.0842563851663707,2.341959805570739,2.5728200509956918,2.9806149962307544,3.578341291831591,8.779731551752276,1.1171513321130335,0.84783014933113
35230,17.294286493226213,0.6446027491454878,1.0,0.6174000457222232,1.2232933515449411,1.1288370907159433,0.7342640032644461,1.4486942429710457,0.5542493103359982,0.3653229912289819,0.31561261507498484,0.4909914060180962,0.4975362943094057,0.21786006026206928,0.848138258442444,0.5826912690594034,0.8531277571103182,0.7513380499435295,0.793571884865431,0.5888942827305549,0.8780911496257718,0.5465468801523037,0.9848497892325949,0.7778723403470552,0.7443465534500187,0.6798189431696932,69026.0,95946.0,9.695652173913043,68.0,0.002006305531670966,0.4243119266055046,0.6797591743119266,0.5524530673770557,1853.0,16.478884024754752,0.003879910830820574,-0.0003646658447217901,-10.63963320661584,0.0047734185046102995,0.14045141303276257,0.016048002976627167,0.0018645834691587582,7.862855022750947,11.541444656587215,12.873041940096043,13.695252957871961,14.310252566883742,14.790489851207697,15.18618055217306,15.556587313259248,15.816051896434898,16.111140117442584,16.342261760554024,16.52088122782469,16.759416573231103,16.913982548630415,17.061901677244087,17.18523021373231,17.29417993447129,17.2942864932262,17.294286493226203,17.294286493226206,99.13218390804597,308.94555873925503,548.1862464183381,797.2664756446991,1026.3065902578796,1250.0744985673352,1427.9770114942528,1601.5100286532952,1650.10888252149,1780.2779369627508,1803.7994269340975,1740.5358166189112,1754.7106017191977,1691.2241379310344,1580.6389684813753,1400.9799426934098,1220.8796561604584,872.0,523.0,174.0,3489.0,1065.0,2.031894584530892,0.48217567632085123,0.9514152289763883,1.1927045604836173,1.3678292845289606,1.5841731887203165,1.765645757837314,2.007783615259373,2.2628475635537324,2.6456291067203668,3.4422423730144196,10.973913910343946,1.2543672773642993,0.519236484966241
35231,16.428962929186426,1.0831056211754069,1.0,0.6436710793928387,1.1733226714155827,1.0960660925703258,0.7432926103583206,1.3325401719548977,0.5097918260914108,0.4028499962048978,0.2880562340531181,0.4651104796937248,0.541980359539287,0.21617076926883663,0.9385687078689057,0.5729000527092896,1.1087532003572202,0.8563066718612913,0.7707597852117896,0.8320598685821443,0.9084338466759092,0.5806239719488874,0.9884745828567213,0.8288130185156898,0.7811512772459621,0.741797210816229,27781.0,43723.0,8.11111111111111,52.0,0.0033460803059273425,0.41559062649450024,0.6690578670492587,0.5615081048444898,991.0,15.495205215778688,0.008506422318801839,-0.0008063353786738344,-10.549484177157403,0.0073390039732238255,0.11113025695933551,0.01576025679679337,0.0032314335248003335,6.020602565295135,9.409964042906457,10.878029329557075,11.911449570736947,12.61530153412428,13.233688613917979,13.735653633294186,14.20374928380283,14.600175158331828,14.928999682118707,15.184030845062534,15.44130154406225,15.618271091222041,15.839273319384207,16.053912053285206,16.24666928689197,16.425836351236253,16.42896292918642,16.42896292918642,16.42896292918642,59.004784688995215,170.1578947368421,266.44976076555025,369.20095693779905,452.7081339712919,528.11004784689,600.547619047619,685.5980861244019,806.2822966507177,914.5263157894736,943.2870813397129,974.4784688995215,937.4497607655502,928.6809523809524,878.200956937799,808.3397129186603,730.3157894736842,523.0,314.0,104.5,2092.0,530.0,2.208658287045315,0.272598346458455,1.0771931807023576,1.330595828088738,1.5661077629525013,1.7667448148225138,2.005058969551091,2.3322338095941073,2.593601975886936,2.8789026769048123,3.3615114032015394,7.630451652918368,1.1951342536223126,0.60904144970933
35232,22.459402726962054,1.0129796623294054,1.0,0.7644720902640887,0.8558826916151037,1.0183560814204222,0.6526672123197672,1.1291986701863548,1.120807367514722,0.9087419667859249,0.8970073971092902,1.1006045802283606,1.3923511854624875,0.7943751801985869,0.9999082971461809,0.803411569050721,0.6625621222150864,0.9818847408968089,1.2309666456128,0.5867542530011498,0.9654275589736335,0.837891719723872,0.5302743730157589,0.948025525243623,1.2837962500763038,0.46960237114718373,10697.0,17367.0,7.384615384615385,54.0,0.005268703898840885,0.45147679324894513,0.6930379746835443,0.5415418995612128,255.0,20.43597216181805,0.0573542780791183,-0.009761504602034217,-5.875557141792069,0.02262280913990786,0.1526759796121022,0.033361598551240795,0.011017911531537859,5.096082333684665,10.49762788733326,12.753084269415107,14.28682413532869,15.193430755858232,15.984676314466236,16.592404675022912,17.310694935257303,17.848961428587526,18.562386667359853,19.12955948747841,19.612591150749843,20.025867785980964,20.40633116912957,20.70931663095191,21.097145910920236,21.41568480663438,21.80137690162613,22.307350710570894,22.459402726962058,18.840425531914892,43.189473684210526,64.3157894736842,107.12631578947368,137.17894736842106,161.23157894736843,158.67021276595744,165.68421052631578,172.8736842105263,193.45263157894738,209.96842105263158,225.83157894736843,238.01052631578946,243.0531914893617,230.31578947368422,216.8736842105263,184.8,160.17894736842106,122.84210526315789,47.0,949.0,148.0,2.700532386417893,0.6508222953749845,1.492932351018116,2.017760747845718,2.2692534442638985,2.4587651269122177,2.611969091944742,2.88283481831087,3.0969679466886255,3.326925594411311,3.846448640496596,6.221399033149756,0.952515623311515,0.5691140376986
35233,28.14114656997917,1.3879120058305878,1.0,0.80604483135098,0.7738513643771948,0.8377445507965467,0.6040266439232942,0.6582854895828779,0.6469007300988834,0.4226311425661756,0.4966814940762718,0.7721933010292878,0.6996895696870052,0.7545077355282336,1.448458155391848,1.137330075440805,1.4167748430454352,1.728997406207681,1.8829137536940102,2.1522194632349767,1.1685063522801313,1.2140897229577758,0.5088892156932339,1.3948241754232704,2.0099936570214507,0.7730524578563794,12528.0,15456.0,1.9090909090909092,24.0,0.02099236641221374,0.4646271510516252,0.6902485659655831,0.5190117635534147,91.0,23.12518567935095,0.26716263543716257,-0.04658529520848361,-5.734913436558191,0.05115341216854414,0.10762197208080265,0.06166374396860514,0.03283329354894484,2.996568061949362,6.660157706798226,9.087325477416456,10.829355589785253,13.147773749439184,15.14139650677274,16.90276879598036,18.127032726388908,19.111256068443964,20.02905809117823,20.94565804090271,21.71451927110803,22.424100435941064,23.049462336663154,23.61656922919958,24.131196830025026,24.847712053074414,25.48480807370253,26.21596713667739,26.96249753333138,9.23076923076923,15.538461538461538,30.67924528301887,34.65384615384615,37.61538461538461,36.283018867924525,44.73076923076923,55.34615384615385,60.301886792452834,66.84615384615384,70.61538461538461,73.26415094339623,73.73076923076923,85.38461538461539,84.67924528301887,75.53846153846153,73.23076923076923,65.90566037735849,56.46153846153846,14.981132075471699,524.0,39.0,2.09041767076693,0.5231270137263166,0.8308144819448976,1.025457663760155,1.4535225239140834,1.738362946062722,1.915883638987085,2.3035887988104684,2.498152560513167,2.6144889746646998,3.687524165446586,5.978179092068086,1.268392940178711,0.997409572552424
35234,17.074239305968383,0.693284167098411,1.0000000000000002,0.720905959631754,0.9584724433242185,1.0554244273063198,0.7206695910674461,1.1552077272824752,0.8697411982952505,0.6054517894660199,0.43725881810802963,0.8240677170179067,0.8401239582888919,0.3785109879213175,0.8370229098899697,0.5925362065842392,0.7492309268302247,0.793067592746778,0.8222023156361885,0.6485681398554395,0.9657578866499862,0.736585408966262,0.7595442204543494,0.9150421969243381,1.02208476408064,0.6574957927619741,9863.0,16495.0,8.0,52.0,0.007470651013874066,0.40064102564102566,0.6474358974358975,0.5864656855891537,419.0,15.629706297754518,0.01861031185185494,-0.0030963042719095234,-6.0104919341075504,0.017501020447510653,0.43604543900832005,0.0396313081027365,0.0073143579040573095,7.188224958135131,10.179404760493293,11.659368850731635,12.533434241955556,13.1954085981002,13.792114469888293,14.320386889757252,14.709633153503207,15.007355526895365,15.301269054266685,15.585323277048767,15.787132915108836,16.034053254943213,16.330274536250684,16.54095843521183,16.734983602555957,16.895382610123374,17.06846319029469,17.07423930596838,17.07423930596838,29.677419354838708,74.41489361702128,128.95698924731184,174.7340425531915,211.0744680851064,250.04301075268816,296.3723404255319,341.6063829787234,368.39784946236557,401.9468085106383,411.3085106382979,405.505376344086,391.67021276595744,402.9468085106383,378.505376344086,347.75531914893617,289.13829787234044,232.21505376344086,140.5,46.5,937.0,202.0,2.3275665880738488,0.43676799018506063,1.3314045365195575,1.5343711324193172,1.75945616256781,1.984040279275667,2.1699347850781834,2.422842399893749,2.6925480951995295,2.965092998512015,3.555575391181793,6.382964396871222,0.8513888278279199,0.845043632623274
35235,25.065548781941768,0.09778535256212369,1.0000000000000002,0.6607519124834563,1.0537478915639387,1.0612067714984301,0.7054053104061685,1.1742828627258215,0.936019287080622,0.5017099928122439,0.9884027386070143,0.8820329008633796,0.7112364840624209,0.8417075391125693,1.0953301744523085,0.7344001161191426,1.4293503206575218,1.0321552819585724,1.0411037530980296,1.2172112580606185,0.9291558108430332,0.6214385845923475,0.8925396603084205,0.8755652864248687,0.8809666945015293,0.7600721160458729,59221.0,88281.0,18.72222222222222,110.0,0.0016524373450839988,0.3881542699724518,0.6498622589531681,0.5837475357200026,1747.0,24.11986755469567,0.004778055293124263,-0.0005413682836534955,-8.825886993007652,0.006878171743630756,0.30588472722528653,0.03970351238314137,0.002456314192292123,13.307969261403215,18.477974358374382,20.06800611652126,20.988421538888655,21.667053702817505,22.223307759819342,22.690029192731757,23.039404589973465,23.33438104586695,23.59204301388598,23.81562559512762,24.0690617766992,24.2533613449949,24.402625664879366,24.59483587662214,24.79323473175318,25.01813497582233,25.065548781941747,25.06554878194175,25.065548781941757,81.08815426997245,276.82093663911843,485.58402203856747,684.3691460055096,889.6446280991736,1101.1349862258953,1309.7878787878788,1503.4600550964187,1601.573002754821,1645.2561983471073,1655.077134986226,1708.9146005509642,1646.2231404958677,1512.6942148760331,1415.2424242424242,1327.4380165289256,1220.4380165289256,908.0,545.0,181.5,3631.0,899.0,2.3309637890262254,0.2909069787055856,1.2094243668529112,1.4709737022798612,1.6643037619169951,1.8568575947275943,2.0811964695497647,2.3332729603859876,2.6286438294257852,3.0021733210578994,3.7419590756079466,10.849333899747377,1.3124776721182727,0.301523257598747
35236,26.13386415034445,0.08495440408873949,1.0,0.6793199657499277,1.118631402238671,1.1039230706920267,0.7627805153509337,1.2418424213216745,2.514111332772833,1.2145718337876008,7.36241352779252,2.2774334548482518,1.5922953055884113,5.928621378513396,1.3907850315804882,0.9156038179029569,1.7511074827595938,1.2598568401225945,1.2003502966796595,1.41008831128181,0.851906185639781,0.5703809192045639,0.8178533399923993,0.7717079280766717,0.7477654551023079,0.6585806105109294,10155.0,15035.0,5.066666666666666,32.0,0.006510416666666667,0.43415906127770537,0.6805736636245111,0.5503272524807417,368.0,25.534873932022084,0.02666359648110617,-0.001616245835679208,-16.49724063783967,0.033962072680907056,1.236046763597812,0.211385578863612,0.012021051166119574,13.693544671876147,18.918368259042303,20.41730477263934,21.42309602819913,22.111080609034342,22.67060184374898,23.20010804788417,23.55506380112894,23.849561547410467,24.177879561897946,24.53280330718346,24.803624265598316,25.11668740441038,25.398675578895734,25.651007780303296,25.75223166869965,25.752231668699654,25.84794453057348,26.11167890070662,26.13386415034444,16.86842105263158,56.0,101.07792207792208,136.98701298701297,153.1578947368421,193.33766233766235,221.71428571428572,234.27272727272728,248.31578947368422,271.2207792207792,305.12987012987014,328.6753246753247,350.1578947368421,358.1948051948052,346.02597402597405,289.0,212.5,152.23376623376623,112.48051948051948,38.0,768.0,192.0,2.192601650108515,0.6542777444174835,1.1529835163375566,1.4068195083707498,1.5972209626892384,1.7663968415496891,2.0091405935944806,2.2400828735950427,2.5157518333458633,2.8916210267269276,3.4848704962118235,5.636430889715248,0.9167918961091938,0.927500276900828
35237,15.808210371897003,1.9422464924655123,1.0,0.6042154407007209,1.2530757646302453,1.1779256744452387,0.7910098523583619,1.456436776861197,0.5872688565177688,0.42265393408352375,0.3328405469691377,0.49856189508251586,0.5343219592314802,0.22853072117998185,0.8387500300902172,0.5068673682557778,0.9833815406488372,0.7120568371049717,0.6407851517203921,0.675196861458104,0.8235761136413283,0.4767630724386732,0.9955729622770536,0.6991749407526953,0.602727097541484,0.6835675795159729,79521.0,115163.0,12.75,66.0,0.0015631978561857973,0.42640160821979006,0.6774625865534957,0.5466275555358839,2916.0,15.332803210965116,0.002312120037800904,-0.00011524846951670529,-20.06204548743063,0.003097155210951863,0.09021472952958239,0.011292219429121713,0.0013324870329523252,7.558259718132054,10.770477171355555,11.978902822836,12.719164384751592,13.304234822642586,13.7665450155876,14.156766714194111,14.4983197825983,14.777980652678396,15.008245542375745,15.23241336531872,15.383890327573937,15.552590072151215,15.658978715913772,15.741307002516583,15.808210371896992,15.808210371896994,15.808210371896992,15.808210371896992,15.808210371896994,164.25279642058166,489.08482142857144,786.8303571428571,1100.2857142857142,1420.384787472036,1742.575892857143,2032.080357142857,2273.5491071428573,2521.1700223713647,2692.21875,2840.53125,2813.8928571428573,2807.8255033557048,2637.3571428571427,2352.9241071428573,2014.5,1567.0,1119.5,671.5,223.5,4478.0,1481.0,1.8832084629978136,0.3160927449139975,0.9083923660550143,1.1095955360370937,1.2678951104118004,1.4194288380568592,1.5962146349754511,1.795685621063135,2.0511241966754894,2.389593356394502,3.220234100050551,9.073329770583683,1.2449019587395391,0.288884737000335
35238,12.993869379266622,1.4242416568578666,1.0000000000000002,0.6663181789246095,1.0212255217649266,1.017197871679704,0.6541205835659958,1.1490287642661146,0.582488647386665,0.33923696708873746,0.4207167313098115,0.5726404504020427,0.5186153373119026,0.36614986882293027,0.9508103387321033,0.6270773549024893,0.799729022178296,0.93473488807249,0.9586571201962825,0.6960043534585346,1.0093056801676672,0.6983776631357628,0.9263047776391465,0.9922412426020863,1.067658900639536,0.8061632627889677,11097.0,18771.0,6.774193548387097,72.0,0.004528985507246377,0.36627379873073435,0.6255666364460563,0.6229904544894005,603.0,12.794375725744876,0.012897168500871307,-0.00013518743006085568,-95.4021279572039,0.010489236375710568,0.10015709945186742,0.024243435632554072,0.004917993732550606,4.273289147792961,7.467147091674017,8.720457736874675,9.44067885566002,9.935550136163755,10.451638797167423,10.81816464264875,11.168194030280219,11.47841132738374,11.770059109747027,11.988895640540848,12.264620180226355,12.560156225196492,12.773939897156556,12.959525757408478,12.99386937926662,12.99386937926662,12.99386937926662,12.99386937926662,12.99386937926662,39.518181818181816,113.84545454545454,192.11711711711712,269.0090909090909,321.6454545454545,373.0990990990991,419.7,459.53636363636366,489.6306306306306,523.0272727272727,512.1181818181818,539.5675675675676,569.0818181818182,583.5,583.0900900900901,496.5,386.5,276.0,165.5,55.0,1104.0,260.0,2.552731190449185,0.43181874273802645,1.391404784051434,1.6777206418965966,1.854209080960559,2.121523829348115,2.3518426824024514,2.640330465504639,2.9146549402305566,3.2944725937721846,4.068003904791203,6.823461481952675,1.1937675248850734,0.920915010450408
35239,24.241185149003837,0.6955936549886245,1.0000000000000002,0.6238053231456396,1.1320055275283532,1.1127348933829084,0.7393948029770437,1.320983540037502,1.7771438551682193,1.492242990092457,2.131889453710993,1.5970954678750044,2.0181951294277454,1.6138652671254856,1.1830021466295746,0.9162959075642592,1.2262162381275516,1.0631482428245254,1.2392512144729095,0.9282600433406915,0.8749927444739632,0.5343117013395023,0.8990857029073233,0.7863443032812897,0.7226338340331712,0.6806183995917153,26350.0,39080.0,5.611111111111111,40.0,0.00392156862745098,0.41760089686098656,0.6743273542600897,0.5575681044974242,1148.0,23.793087714974654,0.006522733494578034,-0.0003851624859414512,-16.9350176423193,0.013198201510098213,2.316503834916265,0.1352638349404931,0.004683425111534005,15.394670052859526,18.66292711807139,19.872853586719817,20.75809493580391,21.45111109301719,22.01979918205174,22.452531556678863,22.798497521620405,23.09432073115048,23.350271600148925,23.59017980399192,23.78674053694838,23.866993502012356,23.929349998326504,24.111937311246706,24.239618416886504,24.241185149003822,24.241185149003826,24.241185149003826,24.241185149003826,63.70224719101124,186.46629213483146,284.05027932960894,395.79213483146066,512.7821229050279,613.9044943820224,713.927374301676,806.2865168539325,925.731843575419,1020.2415730337078,1087.6573033707866,1121.2346368715084,1024.8258426966293,905.6648044692737,872.7359550561798,801.8379888268156,624.5,446.0,267.5,89.0,1785.0,521.0,2.06541724756027,0.4452710223447468,0.8937524870757854,1.127411226825934,1.3278241630695375,1.5283170042747756,1.7195350948266195,1.9857840881318243,2.378986085372153,2.8219668193653664,3.6531163939123097,7.66972102753747,1.4521009449243971,0.993964764911216
35240,29.620702264143915,3.1255532165617352,1.0,0.6100958350077141,1.2222372883500257,1.1772829367433006,0.7621890789108188,1.5427687295415078,2.347053493537486,1.6580666516288836,4.001354913310166,1.9936188831803705,2.175400694534077,2.5936194043155907,0.7531361209914087,0.5488887374804031,0.6260619984812053,0.6397239758479787,0.7201477332432715,0.40580417952032466,0.8245881458301328,0.5082404226772792,0.8436632557421622,0.7004162891472615,0.6668167213882984,0.5468501140756779,257760.0,340954.0,24.307692307692307,168.0,0.0008054772452678212,0.4503071191219414,0.6934850468230792,0.5344362424905876,3673.0,28.611532308535615,0.0024064293134116598,-0.0003115909900980726,-7.723038822959038,0.002667923577442572,1.390402618462758,0.02038471678652209,0.0010391916456718008,18.6141624631141,22.390132474341844,23.77685323221783,24.692423761717173,25.367813599715767,25.899534893217762,26.296820763733656,26.683775364899446,26.980379760666356,27.325575408914183,27.582668751711587,27.910871401325355,28.2117213647302,28.529040566686163,28.729993936199655,28.992303960786604,29.25664945094689,29.490203455742957,29.620702264143908,29.620702264143908,284.0946626384693,828.7865055387714,1386.0584088620342,1933.9224572004027,2414.1168177240684,2841.6807653575024,3047.377263581489,3286.7552870090635,3303.0523665659616,3449.828801611279,3287.944612286002,3424.354481369587,3459.9647532729105,3596.664989939638,3279.4461228600203,2992.4662638469285,2690.0422960725077,2212.4400805639475,1490.0,496.5,9932.0,3096.0,1.9829383148142286,0.2995907804450869,1.1189241612029122,1.3181351173646498,1.497166876039357,1.6521383802994114,1.8162556450167793,1.9877533786200425,2.1897367449101184,2.4671748397515936,2.9666499161858466,8.49635472383087,0.7872205303009858,0.0744854410435073
35241,23.269568289130927,0.03301814991400806,0.9999999999999998,0.6222217572519847,1.160730259127785,1.1535927298272517,0.7722301105425662,1.3951153000532184,1.6076538892332877,1.3826752574606038,1.057903519282578,1.3936061208309025,1.790496431807277,0.7582911027083017,0.9899022601437288,0.6735515455422237,1.230468808857504,0.8581037610144828,0.8722161132372691,0.8819835957720242,0.8352021153173429,0.5292824934346813,0.8530339281453817,0.7240008485858027,0.6853947886890984,0.6114433180632752,36086.0,52012.0,8.5,52.0,0.004151291512915129,0.42362713428703275,0.6723580987540378,0.5571828159570446,1053.0,22.327785892461826,0.007286848124734621,-0.0008629936944900388,-8.443686403804577,0.010722911923957969,1.7766103950258578,0.05441133873001864,0.0038059258911612745,13.180327013892251,17.158261271419647,18.53855705844851,19.367375434448753,19.954826221916534,20.482052211022935,20.890778538916578,21.179721069295507,21.509679375280115,21.78893227919537,22.029202415942866,22.268632098017214,22.475182262879397,22.654708905567723,22.804873379710383,23.011095718350244,23.17535955567647,23.26688033460043,23.269568289130916,23.26956828913092,64.31481481481481,179.14285714285714,313.7281105990783,466.258064516129,607.1111111111111,721.552995391705,815.3364055299539,854.483870967742,936.4629629629629,979.8986175115207,999.9216589861751,1029.483870967742,1032.9351851851852,978.5668202764977,870.3778801843318,797.5806451612904,706.3148148148148,541.1336405529954,325.0,108.0,2168.0,652.0,2.0952997973312053,0.1820435244178431,1.1411098989865474,1.3355828592266894,1.4745572067996573,1.6515132526841467,1.8555124686484459,2.072026273013524,2.295425858134075,2.630784146509348,3.3565984918976572,9.010517176855881,1.0802269692116748,0.65532213148661
35242,21.89172403090013,1.9371649671791182,1.0,0.6800953786408617,1.0189965770046863,0.9540916647150921,0.6088316124072,1.0345692730200733,1.0267617451005833,0.6800953786408617,0.9357507485898513,1.0761667700002302,1.1170500427070449,0.9044834144921442,1.5644860706709003,1.2900219321333326,2.0435250264601676,1.6397649497735443,2.1188484727868198,1.975242334904062,1.0030379878587574,0.7253845106731133,0.8889779706458618,1.0513014891061663,1.1914370014478817,0.8592735100770902,11630.0,17734.0,5.931034482758621,32.0,0.00776914539400666,0.3877777777777778,0.6455555555555555,0.5955229495975802,412.0,21.71202390410759,0.02448664654948334,-0.00030616302368031745,-79.97911130852715,0.022171732293023345,0.40392073042592824,0.0949945429549693,0.008935815622295675,9.081550011231938,14.575882675965563,16.12668936203738,17.1560944956317,17.944638690346295,18.565152798557897,19.02981956216055,19.464471552529787,19.889880101127073,20.275566354079594,20.54232840896067,20.800404246102342,21.059963363853697,21.338107193290423,21.613180991545445,21.764608521782577,21.891724030900118,21.89172403090012,21.89172403090012,21.891724030900125,18.3,51.922222222222224,103.58888888888889,152.94444444444446,186.5,214.43333333333334,255.2111111111111,289.72222222222223,321.9222222222222,350.72222222222223,356.6777777777778,352.0777777777778,365.72222222222223,383.94444444444446,398.72222222222223,367.3222222222222,315.5,225.5,135.5,45.0,901.0,178.0,2.493557106915789,0.455423763234184,1.2483879277966798,1.5682280099538937,1.882148154079109,2.178246352767519,2.4020043586989432,2.6192436063259508,2.925021478895496,3.2542717019307497,3.7612096266555803,6.00657020112847,1.1536190777508235,0.866189594566822
35243,30.656725140103152,1.3738457787708689,1.0,0.7063572641502324,0.9504463403895191,1.0224729541238942,0.6794220755436795,1.088921195375398,1.4115016871327863,0.6861640968725875,2.147940868695011,1.380478262471237,1.009923170841208,1.972540233230122,1.06110245404169,0.8157223495151487,0.985339640919599,1.0377804613432495,1.200612077348827,0.9048769048708891,0.9718568722300722,0.7172315883304338,0.7959929154474673,0.9504964100129256,1.0556495205966023,0.7309922139710525,68441.0,94121.0,16.512820512820515,160.0,0.0018214936247723133,0.38748861220771336,0.6465229274218038,0.5905270057507787,1321.0,29.553491708525762,0.008017692361953582,-0.0007972375750081223,-10.05684204218786,0.008892462605931456,0.6786370081670824,0.07038941226044697,0.0032435602383918314,17.760854138030723,22.90244793694588,24.620374018175596,25.59636331896812,26.3329196336691,26.916434135941294,27.405471101440433,27.829948331723987,28.174469172819148,28.57165592000612,28.937802209471315,29.279830443554374,29.54747602610473,29.75226410947328,29.981687427738937,30.19703306859861,30.521868284408992,30.637502892453675,30.65672514010314,30.656725140103145,67.33738601823708,231.9969604863222,397.8515151515152,559.6109422492401,710.8723404255319,823.839393939394,929.161094224924,1000.0395136778116,1023.3484848484849,1078.8267477203647,1147.0607902735562,1242.330303030303,1293.373860182371,1215.6079027355622,1164.0030303030303,1079.434650455927,1045.3343465045593,809.9787878787879,494.0,164.5,3294.0,720.0,2.5170291523783312,0.25588123297960746,1.3109664669922647,1.6703912876575768,1.9260075217039427,2.1691298492711946,2.4022299234537927,2.660283988417014,2.96990021792938,3.296928687576593,3.781594709551113,6.35246958516235,1.03719868835261,0.342158737292048
35244,16.393008367066393,2.180985528428453,1.0,0.6353937515176157,1.2157388372384856,1.087101457807068,0.6702043573551687,1.4459039311563304,1.0202916486797158,0.6120679868978152,1.3649552945263181,0.9385431703291772,0.9132557557716017,0.9440152039940334,0.8907096309109978,0.6210132516614005,0.8352376042916323,0.8193436081925257,0.9266028262067837,0.5776577449538222,0.9139073007809705,0.5999508937640939,0.9801893852851332,0.8406826191039523,0.8951760566458917,0.6779076840196762,30072.0,54378.0,21.214285714285715,120.0,0.0020222446916076846,0.3789615643964936,0.6480107889413351,0.5968767688912289,1804.0,15.541753301733449,0.0037781157437998965,-0.0005009318642664689,-7.54217492099912,0.004791646270612926,0.1473701178833931,0.017716167477206363,0.002079695013671369,7.9071332893430935,11.17480589540572,12.395384541743184,13.194226094048915,13.798825442160346,14.245266422057423,14.6293219803546,14.951219064176431,15.207366559696702,15.44573281383351,15.541901341786602,15.693133146472912,15.887164754357734,16.004309720990154,16.093437239589594,16.290042578208414,16.393008367066386,16.393008367066386,16.39300836706639,16.39300836706639,112.57432432432432,318.45117845117846,536.9527027027027,753.8148148148148,974.1414141414141,1170.3648648648648,1364.8451178451178,1551.2323232323233,1665.1824324324325,1738.8181818181818,1610.2558922558921,1532.6418918918919,1552.4478114478115,1474.1010101010102,1313.9864864864865,1243.3367003367002,1038.0,741.5,445.0,148.0,2967.0,859.0,2.315686870781106,0.42916775334668517,1.0569183557096455,1.3706248974262591,1.6052631198743303,1.8333687407810377,2.1033275949268972,2.386335995365071,2.655382339734331,3.0712432087342627,3.800278517376123,11.583353173555995,1.5041949796195828,0.756864234441891
35245,15.290553372680916,0.1883730496497188,1.0,0.6141940456520616,1.2270674146611034,1.129931342751148,0.7297033597412633,1.4750800947146843,0.9533969409025206,0.40929844267652987,1.2970608047829872,0.8437653730192113,0.5609107279177912,0.8793155093275594,0.781780578538476,0.4427568183864791,0.7965050403986597,0.691883257822553,0.6067627515699954,0.5399740958152668,0.8804614646776052,0.518264375165354,0.9590129758138115,0.7792167819098323,0.710239809433136,0.65014298494707,19749.0,28671.0,4.4324324324324325,28.0,0.005956813104988831,0.40238450074515647,0.669150521609538,0.5569358747347274,869.0,15.28773833011685,0.007605980707945458,-2.2289422105900232e-08,-341237.23225341405,0.011253487573048582,0.3898102714159979,0.03297408739130568,0.004337652838857495,7.300647541449501,10.211497427746176,11.426909356713493,12.191466389471554,12.752108778917757,13.211034224495195,13.605356748630308,13.992523092666461,14.286590415668995,14.529527611682404,14.707861902555157,14.890466779817645,15.049436634159228,15.254470914710298,15.29055337268091,15.29055337268091,15.29055337268091,15.290553372680916,15.290553372680916,15.290553372680918,48.42537313432836,146.3507462686567,242.6044776119403,339.75555555555553,427.410447761194,513.8731343283582,602.6343283582089,680.6666666666666,759.3805970149253,802.6194029850747,826.1716417910447,832.7333333333333,828.2313432835821,841.6492537313433,738.5,604.0,469.5,335.5,201.5,67.0,1343.0,402.0,1.8156946401616831,0.3101883334483645,0.7781710123675123,1.0085774604180282,1.1606995551057229,1.3082106355105063,1.4875782911587039,1.7663605915321035,2.02006662684947,2.387184324905081,3.135715368838686,8.270290029899376,1.2834752616211365,0.783237310333643
35246,27.798970471535284,0.9140249355465859,1.0000000000000002,0.6594344993975793,1.0716074815908556,1.087045308302638,0.720462645589001,1.3138285463549493,0.7230885644387078,0.504927990923738,0.5561350611589203,0.6651871443774237,0.7008385431432651,0.42329348277737344,0.8377771890772051,0.5819738610144245,0.6963358957455281,0.7706920610193779,0.807777980687177,0.5300051499698525,0.9220662318328984,0.6288012714158148,0.827435669656485,0.8482316466391402,0.8727742864472173,0.6297896875144784,587745.0,798573.0,44.98245614035088,350.0,0.0003712469256113973,0.4343326526823835,0.677928346018192,0.5459613600891491,7177.0,25.989417885304704,0.0013961812008718099,-0.00027506947188056497,-5.075740289631381,0.0012476770714678254,0.09480115801094988,0.004405810656450208,0.0004788659662839146,14.209060338956151,18.532772313220324,20.3781732844497,21.505730485900134,22.37196925720097,23.04665374786584,23.60900102814431,24.09092029128768,24.543475854393627,24.92625179460673,25.293125890634332,25.62898784195757,25.94767668160791,26.240480433297527,26.526416984128495,26.795813024494972,27.059740226150332,27.339894929957374,27.677194808356674,27.769350256956933,448.89647168059423,1255.8482598607889,2092.7962877030163,2983.247795823666,3809.371693735499,4564.381902552204,5219.219591457753,5764.705336426914,6281.7712296983755,6592.941067285383,6819.090023201856,6971.902552204177,7005.218097447796,6875.104456824512,6449.3624129930395,5882.537819025522,5077.9424593967515,4070.030162412993,2986.813921113689,1053.9893271461717,21549.0,4897.0,2.24882715032221,0.22094806745375042,1.325507314591016,1.5853715603772387,1.777786561823913,1.9415783877213522,2.0986868035713155,2.283482189741626,2.508768097693169,2.807311381159886,3.33815223564253,8.596805505218613,0.7670546623135238,0.0328932081535459
35247,15.564998430272139,1.468545025155453,1.0000000000000002,0.6956156833800058,0.9504615558434343,0.9755374530444463,0.6613877113362518,0.983245238400138,0.8400594956510881,0.6253485333992218,0.42185419706297317,0.8611248015434363,0.9455097557464178,0.42904270530654415,0.9779344656740221,0.6404600539976752,1.0638261889286116,1.0024571200440282,0.968357958607524,1.0819540714578886,1.041728586432289,0.749948085418675,0.8997439983182769,1.067850940198425,1.1339008460007487,0.91507587647439,12965.0,24177.0,14.0,88.0,0.003913894324853229,0.37532637075718017,0.6383812010443864,0.610068129374642,690.0,14.39746227724137,0.012236327829566374,-0.0016645529239585333,-7.3511197231667,0.00920134034276546,0.11786896305116089,0.01840860231773055,0.004245288813563906,5.510436313910575,8.718005004677318,10.167184850209187,11.072993829362732,11.718388081768223,12.218171588540434,12.65155824253226,13.083397784894284,13.402438082234788,13.713745401076743,13.982501990171817,14.307706206637418,14.571368356547515,14.761745222025139,15.009307710535122,15.175339026767773,15.441581563961764,15.564998430272134,15.564998430272139,15.564998430272137,47.4640522875817,119.03921568627452,201.2941176470588,298.1753246753247,385.09150326797385,439.437908496732,484.24183006535947,541.7337662337662,566.6928104575163,589.2352941176471,598.9803921568628,667.6688311688312,677.3006535947712,631.281045751634,583.3006535947712,507.8376623376623,477.69934640522877,383.0,230.0,76.5,1533.0,326.0,2.714397070311493,0.5095076246010879,1.4025534625635245,1.6939351129648943,1.9834249414543155,2.2020622724633494,2.3846605579087123,2.7585091726882918,3.060462326406417,3.5718173426751885,4.296958376985584,9.704154393023638,1.7683201379994782,0.805550967843737
35248,17.26353682697956,0.7819729132838362,1.0,0.8487258920636682,0.6935850864329155,1.0107270249091092,0.7965669937199548,0.8542818992315154,0.8083815416226521,0.43493386648195714,0.6351592075540995,0.7998020451618445,0.5460104045371289,0.7435007204594506,0.7917158610506867,0.6372071132242678,0.4313675407590452,0.7833132404091824,0.7999416474043458,0.5049475368108461,1.1614135140201538,1.2221587603658257,0.5287239440041261,1.1490872267164276,1.5342824520739484,0.6189103906798789,7585.0,12447.0,5.851851851851852,38.0,0.0107095046854083,0.4544235924932976,0.675603217158177,0.5621104768233635,198.0,13.071936156538813,0.04884020542305512,-0.02531443429034562,-1.929342163560879,0.022093249214069334,0.10068413744039954,0.019483541048233154,0.0145102863067676,2.1891737025434153,6.268295893586119,8.06411846858254,9.162832457251648,9.931563840173828,10.548644073704919,11.157253887833814,11.67642244981901,12.2636996415324,12.726932168819973,13.222003994093223,13.621550007814413,14.01142799018171,14.51343573332338,14.99035695619029,15.392837135169597,15.884265946454832,16.333407366597896,17.04242018030228,17.263536826979557,17.2027027027027,31.293333333333333,56.71621621621622,91.49333333333334,122.65333333333334,148.3108108108108,152.8,168.6,171.82432432432432,186.10666666666665,192.6,175.6081081081081,173.49333333333334,176.12,166.3918918918919,157.38666666666666,144.14666666666668,116.44594594594595,93.28,37.0,747.0,116.0,2.5116554038888266,0.3439066411856124,1.2623548670796525,1.6275537399159012,1.9323400245177262,2.100254321833852,2.4366129597652595,2.6603427719556327,2.9493388307908504,3.28792509563434,4.105008246764694,5.342994289019342,1.123534395796037,0.823592316627037
35249,19.092389810634355,0.6086479855591116,1.0,0.7217149520849179,0.9237890267061795,1.1054598076641948,0.7923135975341258,1.171804323325563,1.0026902734911187,0.878828341330063,0.8379073818052863,0.9070345810308335,1.1091925521222814,0.7150574247988075,0.7045335800382526,0.45660762866301224,0.466478725143758,0.637321750780711,0.5762965952926811,0.39808585431729626,0.928358386186143,0.7121138164210143,0.6773037232778208,0.8397938846349718,0.8987777297237952,0.5780007035267143,19359.0,27509.0,5.942857142857143,48.0,0.006124234470691163,0.4246935201401051,0.6838879159369528,0.5623710076906583,459.0,17.268808008595027,0.018245781777383063,-0.003935196510022508,-4.636561790729659,0.016185413156808444,0.4048025624585853,0.03113321794188164,0.006686732045393573,8.08713228038575,11.70895138417779,12.916674677404508,13.773568293386472,14.480108136995447,15.019982645338876,15.5700231582995,16.08381939711047,16.495465387277452,16.796560826632078,17.14690819613451,17.43281486136677,17.720200548618312,17.958208554520734,18.22667619088347,18.415492132091483,18.713533974135242,18.91454458871219,19.089382914523597,19.09238981063435,25.86842105263158,94.2719298245614,139.2017543859649,187.08695652173913,241.25438596491227,275.9035087719298,314.86842105263156,365.68695652173915,403.1140350877193,429.4122807017544,448.62280701754383,447.1217391304348,448.2543859649123,427.8859649122807,417.4122807017544,362.24347826086955,322.93859649122805,251.71052631578948,170.93859649122808,57.0,1143.0,232.0,2.4157468933891177,0.5962440407367183,1.2099724115419859,1.5761773186589971,1.8405657684742183,2.0276378520467806,2.319068637679922,2.580292890703919,2.8902593147797853,3.1318267541000187,3.712683028374483,7.443245389569535,1.0154043386995555,0.699779175121803
35250,18.79846657568215,2.282906327915876,1.0,0.6018952776908247,1.2586142935367512,1.1477635778575688,0.7496745573597372,1.463730575926075,1.0226130012112757,0.585397892739809,0.8134331525922484,0.8909613625482865,0.7808693612352396,0.5557260099438753,0.808397452143312,0.4781339209370919,0.8500289793313864,0.7043240156237383,0.6377886460773345,0.580727760498949,0.8547107757122209,0.49264502680250316,1.024596881817069,0.7446749419489646,0.6571451864893737,0.6999900792321877,47633.0,70249.0,7.75,46.0,0.0033738191632928477,0.4313196085048937,0.6807289908876138,0.5395396170175463,1916.0,18.48131672183329,0.003764593342405648,-8.912678884896049e-05,-42.23862871112018,0.005573931909472249,0.3290138720137146,0.02663926321919888,0.002308546435496338,10.179822318873596,13.364294024983517,14.657020939914446,15.521394817674663,16.188579268158147,16.71486036977547,17.109559782050493,17.44581357077301,17.710385452086086,17.97194022381604,18.21596471704894,18.42382193361866,18.57685179599183,18.71784834640462,18.798466575682138,18.79846657568214,18.79846657568214,18.79846657568214,18.79846657568214,18.798466575682145,106.14189189189189,299.68243243243245,481.54882154882154,685.5202702702703,887.277027027027,1053.006734006734,1235.6891891891892,1408.0472972972973,1558.080808080808,1689.3783783783783,1821.2094594594594,1869.5858585858587,1853.1756756756756,1795.722972972973,1630.0,1333.5,1037.5,741.0,444.5,148.0,2964.0,975.0,1.886552663071367,0.34787447220606454,0.812155484955287,0.9926556129275738,1.1734830177084918,1.325836340730529,1.5201862015553427,1.7792213429837558,2.0859917501617913,2.5274643010164684,3.520217480673628,8.826320374010988,1.452315604295085,0.630967849693261
35251,45.36168028163787,0.7847201966061148,1.0,0.6930148243434517,1.0323475973086853,0.9863610978212546,0.6700135669520209,0.9864223185126476,1.7607241409591194,1.4800401263151983,2.1121421589740526,1.7850705434838556,2.208970384059675,2.1412148927842525,2.21168470340902,1.4213637801824985,4.836518542555757,2.2422667604129445,2.121395521360064,4.903091152528241,0.8997465726079078,0.6810031555301086,0.6207332035187806,0.9121878129574785,1.0164020388841988,0.629277330681992,8734.0,11994.0,3.515151515151515,34.0,0.014492753623188406,0.47368421052631576,0.7023593466424682,0.5221839757200155,148.0,42.819693454523986,0.11753154093078673,-0.022772901200455945,-5.161026252045286,0.08090192392927724,0.9471160674309714,0.32755833519122496,0.029995707105602752,14.723290021178473,29.003417096495564,34.35569863490684,36.53249994297667,37.57656248523634,38.14144549665605,39.03595843402515,39.85908990425344,40.47079464881278,40.91758519942532,41.283587476819115,41.73590890562458,42.147063221724274,42.51815852070382,42.80810623718065,43.13131042221527,43.69067600636096,43.98353836809404,44.73006805808694,45.355050618159794,5.1454545454545455,13.854545454545455,25.254545454545454,47.127272727272725,66.05454545454545,59.56363636363636,69.5,96.92727272727272,117.38181818181818,139.0,134.03636363636363,134.85454545454544,136.5818181818182,139.82142857142858,135.3272727272727,111.30909090909091,102.49090909090908,70.47272727272727,52.96363636363636,27.142857142857142,552.0,116.0,2.1664108223325282,0.43287883765934354,1.2501383673642694,1.5653729938519338,1.7213856322297687,1.8852939793962384,2.0200407901182214,2.283518608281594,2.5916755740128354,2.8191170768125953,3.2005856000450397,4.7772809405279615,0.5731027777390438,0.923895114546176
35252,20.899571150292243,0.262914725327636,1.0000000000000002,0.8330902941711537,0.8249929417437819,0.99148040582565,0.6906164958378535,1.0160662329495316,0.5356626412546253,0.39575394646114664,0.2732819827209294,0.5402654839240671,0.5730444448492639,0.268960795919397,1.040029310316716,0.8801413941796052,0.722339616967122,1.0489660755833465,1.2744285714053512,0.7109178452572401,1.053938596503373,0.9490852015901239,0.6108580959872224,1.0629948815031913,1.3742579381031106,0.6011990913367593,27796.0,40244.0,7.764705882352941,54.0,0.00428921568627451,0.44635193133047213,0.6762722256284488,0.5452579459952451,448.0,17.727419205852783,0.0274625346181805,-0.007086596262271953,-3.8752785684133286,0.012652762982810917,0.05320486318041947,0.015671202009072367,0.00656884011016674,4.576414997806655,7.745495710693198,10.165922698611446,11.90337928091753,13.030295061687376,13.866684761025285,14.583402803715005,15.177165188454369,15.819527038434032,16.353431341903484,16.861734556439743,17.269262473842318,17.65984181469279,18.049480844714083,18.366238126487037,18.72162016137363,19.067134419302803,19.53422206259283,19.97886957051615,20.623370072992508,34.11656441717791,83.8159509202454,107.71165644171779,153.14110429447854,212.38650306748465,238.19631901840492,285.9146341463415,330.2147239263804,358.92024539877303,384.4723926380368,413.17791411042947,426.2269938650307,435.4846625766871,426.4756097560976,394.0920245398773,367.9509202453988,298.44785276073617,243.85276073619633,174.12883435582822,62.91463414634146,1632.0,232.0,2.573326554460584,0.09512224517415421,1.2372562116962942,1.7138670628340504,2.034421395188328,2.255403576385584,2.440335915233363,2.7778244219983037,3.106180515298877,3.5646949813594517,4.021663891572458,4.962457613627748,1.0250012565148219,0.260195938970428
35253,23.810290839888737,1.5875673316195176,1.0000000000000002,0.7900653656821858,0.8075870562399113,0.9896766974556237,0.7005965816953359,0.9587834289520796,0.9985886186737045,0.6635742753645161,0.7558513239138985,1.009004881332452,0.9471560277367732,0.7883441672954449,0.9850154391230658,0.8562958799989484,0.6185109637013305,0.9952901201528321,1.2222381644038915,0.6450997639553947,1.0198701411917899,0.8518990679714991,0.6645281034603835,1.0305083910875046,1.2159623529849866,0.6930951071887965,17337.0,27829.0,10.064516129032258,82.0,0.004971590909090909,0.4548685145700071,0.6851457000710732,0.5428638771548322,374.0,20.20601859227342,0.03216526914525085,-0.01011209724611801,-3.1808702351630327,0.015794401924853745,0.17370239134974738,0.021948918716057385,0.007878611825295168,7.166798447788678,11.61994337452164,13.427245903549156,14.72020609809213,15.865019818139094,16.738079223451404,17.41835947451363,18.029746847314243,18.59475011996777,19.070063567713706,19.55029418726219,20.04482144348631,20.431783812073515,20.76795049831723,21.263038124483618,21.602318997101857,22.07559002777421,22.504710509721647,22.891558025523924,23.50139633259419,26.514285714285716,84.2127659574468,114.58865248226951,144.73758865248226,167.9857142857143,209.73758865248226,235.5177304964539,268.4326241134752,304.2142857142857,343.5744680851064,351.6666666666667,366.6241134751773,352.25714285714287,318.9148936170213,325.90070921985813,280.0070921985816,265.74285714285713,223.4468085106383,148.6595744680851,58.95035460992908,1408.0,218.0,2.553673738423001,0.5553033676927043,1.1488584347547226,1.7046052920159116,2.0006877562031966,2.3054904741842064,2.534425281895526,2.8085187205037143,3.0514195589602915,3.3289869341035248,3.843674374749025,5.710672852032605,1.0351771585223868,0.245812967694365
35254,12.10756234642375,0.3260713686478557,1.0,0.6208752506548836,1.1622005901358305,1.1732120399702894,0.8193106864587578,1.4072279572295046,0.2564956256905953,0.1550541919205412,0.07556750436891661,0.2186268269946248,0.18924956610870017,0.05369954738370247,0.7887362223642937,0.5513483556213391,0.6149908408404113,0.6722878691086973,0.6729417359419402,0.43702289858650994,0.8896870510924877,0.5740002457551598,0.9764784677881271,0.7583344022918638,0.7005892334153677,0.6939021235127959,12524.0,17584.0,3.764705882352941,26.0,0.01015228426395939,0.44218551461245237,0.6912325285895807,0.5369778135585626,414.0,11.122475113128756,0.01714270421299635,-0.0026730017693840824,-6.413278288605998,0.014970128307212064,0.08533968293428998,0.020327303734180728,0.007331073147803826,3.2799738224496986,5.727353263882187,6.9429929021249315,7.768624150126473,8.3844242875272,8.947535481722047,9.379970952395016,9.762825517033866,10.122040900735783,10.441238051541482,10.747458755576798,11.022908601707911,11.232210250690224,11.36409655994924,11.555572453535914,11.76528935702972,11.919334886457921,12.104227614214793,12.107562346423746,12.107562346423746,29.064102564102566,68.0379746835443,106.45569620253164,145.91139240506328,180.62820512820514,228.43037974683546,270.2911392405063,301.39240506329116,334.8333333333333,362.49367088607596,388.9873417721519,406.39240506329116,394.5769230769231,352.253164556962,315.126582278481,284.0759493670886,243.75641025641025,196.74683544303798,118.0,39.0,788.0,228.0,1.8438185770474351,0.274329581904875,1.1329280849284622,1.2802290029170689,1.434002779748252,1.6233869552661457,1.7743758336830848,1.921467458395596,2.109778885680178,2.3330983171871997,2.713548759676017,5.417257679122124,0.5660530728712548,0.738281876158435
35255,27.53146341689212,2.6366836904647304,1.0000000000000002,0.7997106494934328,1.0237272286796721,0.8709022468271513,0.6100820211248553,0.7574526883598997,0.5784852443611379,0.2713025858974405,0.6752387939189711,0.664236711374509,0.44469854298807066,0.8914600268711899,1.7659564991987806,1.1274895284289377,3.8851811402808956,2.027732165845786,1.8480949927849015,5.129272362467176,1.0440949018890604,0.9779201293977239,0.6773287000203551,1.1988657805085245,1.6029322214653319,0.8942191511485215,5987.0,8207.0,2.3125,24.0,0.013262599469496022,0.4095744680851064,0.6542553191489362,0.5745689386578047,119.0,24.665069976327697,0.1266998439683468,-0.026502273238759488,-4.780716085254479,0.06620952054900901,0.444705502006876,0.16014476528543603,0.030153639312872953,7.122342171790603,11.035962281525025,14.699327088274655,18.056908562263597,19.58317654487662,20.764142786536954,21.825617711194212,22.497203759780977,23.075571959849498,23.541737024414687,23.99114038790141,24.377428193244118,24.679895177125587,24.90271435778903,25.177581041650313,25.477506578263,25.833574147598224,26.177976425768566,26.760762643629594,27.13059766240556,7.945945945945946,21.55263157894737,19.10810810810811,23.236842105263158,34.44736842105263,41.24324324324324,55.3421052631579,74.39473684210526,86.78378378378379,94.76315789473684,104.76315789473684,109.56756756756756,110.1842105263158,102.28947368421052,86.56756756756756,77.34210526315789,64.44736842105263,48.972972972972975,42.60526315789474,13.81578947368421,377.0,60.0,2.789709203124665,0.4712698255358251,0.999260626768093,1.3869985013673944,1.9997682784754112,2.297195276068618,2.4966122638553414,2.8110130229588735,3.218790645113269,3.6183863926294966,4.598682211226576,8.444436688278637,2.812614662112973,0.94770592346089
35256,15.178629536998077,3.884798666091799,0.9999999999999999,0.6156968253033533,1.1181378971637879,1.1486458161205864,0.7462083125796258,1.4338962285846983,0.6908032251751283,0.24988334143953808,0.9157932017658572,0.6014066437887994,0.3348707555611339,0.6386746708091802,0.7000807371281239,0.48301804129218234,0.5775189433200388,0.6094835564652669,0.647296516467901,0.4027620212726751,0.886044396912886,0.5597549316458525,0.78787982678251,0.7713817301014465,0.7501322649580142,0.5494678143900084,25245.0,38751.0,11.333333333333334,98.0,0.004530011325028313,0.41246458923512747,0.6668555240793201,0.5674987419586719,888.0,13.970973199494404,0.007508486340159198,-0.0014145207167423884,-5.3081487257755295,0.006398771031674945,0.24910913934189285,0.016389089995026706,0.0035172644973292394,6.749782193745805,9.115045349720456,10.342328448872477,11.128411992741952,11.70310503555831,12.211203669713628,12.636257392207058,12.982276397864013,13.295230067397592,13.537538298099896,13.787711549959175,14.011094353222962,14.216683838456417,14.40471241792124,14.558973666498296,14.720485526520122,14.8727632175896,15.060944708655631,15.17862953699807,15.178629536998075,68.67045454545455,189.75141242937852,288.25,370.638418079096,473.1136363636364,571.1525423728814,676.5,754.9209039548023,803.0795454545455,828.3389830508474,860.728813559322,873.9659090909091,839.54802259887,789.3295454545455,702.638418079096,619.0113636363636,515.5254237288135,411.4886363636364,265.0,88.0,1766.0,504.0,2.171337474058682,0.46547060492671144,1.2195144069181953,1.4707510744305254,1.6358176967994031,1.7991503752590832,1.9727315688592455,2.1923534353410634,2.517350530968647,2.776613878042777,3.231093875267542,6.738260020194737,0.8160117131300194,0.407649481086992
35257,15.94359986098764,1.475571346011835,1.0,0.6597265392743731,1.0605225444357234,1.1166167649967005,0.7242197395795867,1.3672006402021364,0.5914733103236474,0.4387916101068958,0.4020317699383695,0.5297012626578244,0.6058818699993135,0.29405469696015524,0.7638659713933705,0.5449725051580631,0.5088968405096969,0.6840896495008543,0.7524960662828969,0.3722181116258533,0.9374160179249766,0.6590749494790396,0.8058343151341469,0.8395145472562797,0.9100483091798022,0.5894045770889976,52999.0,80527.0,15.885714285714286,114.0,0.0021199273167777106,0.4277491669191154,0.6770675552862769,0.5647586418053544,1302.0,13.977669445263336,0.006186238703708153,-0.001759092605453551,-3.51672145316826,0.004382922906687611,0.05904594463218834,0.006231993396278724,0.00224369445239491,5.444484989342448,8.317960349485293,9.674342331667622,10.514794056360534,11.141446545216706,11.668366237220695,12.091023567787406,12.56829844438612,12.957569261035518,13.336703993792566,13.66939017495761,13.946363064124428,14.197519012082441,14.361433838677103,14.586326531529272,14.848192582335226,15.216050753638653,15.576619278732352,15.673945746604923,15.937503444383678,99.41515151515152,277.6636363636364,454.3121212121212,649.5545454545454,769.9969696969697,842.4515151515152,887.797583081571,1021.1060606060606,1139.021212121212,1237.7121212121212,1272.0030303030303,1277.2454545454545,1231.990909090909,1098.5800604229607,984.8515151515152,868.839393939394,813.9545454545455,702.3121212121212,429.6757575757576,163.59818731117824,3302.0,849.0,2.234629388358595,0.248908334024516,1.3558277518043855,1.6070122374958478,1.7907694432062038,1.9649918203225152,2.1058076147333376,2.27210062569161,2.493100544170152,2.7861078981581597,3.229081821156417,8.299492548085595,0.7123347068400612,0.30977359755896
35258,17.89347732731023,3.8032492780665983,1.0,0.6511824169586806,1.109887064032602,1.1114418274350795,0.7361378585565957,1.3854218427109184,0.5601086986660917,0.3775723093877929,0.48217896240664826,0.5039478314026365,0.5129097831323729,0.3480376500078464,0.897694624437523,0.6040763312715038,0.756817543863652,0.8076847589128171,0.8206021796731994,0.5462722764517357,0.8921729169895232,0.5932250050514871,0.8195945552339904,0.8027167009257045,0.8058612910014854,0.5915848371715088,67153.0,104553.0,16.94736842105263,104.0,0.0017750166407810074,0.4118952507767421,0.6666666666666666,0.5738182322291543,2248.0,16.824139176168597,0.0032165035663307205,-0.0005095026900898814,-6.313025679537231,0.0031269924654335622,0.10428027357939185,0.011424448894175925,0.001515852552504275,8.469629073783842,11.76735885783354,13.012873811150477,13.85457757266677,14.483154252050943,14.985458788732387,15.427661486164295,15.80031607367114,16.113866907740046,16.417433864535543,16.670452444379904,16.868362205086488,17.042341409954176,17.21824791721405,17.34575626832177,17.550481971160206,17.76223689013973,17.89347732731022,17.893477327310222,17.893477327310222,142.57555555555555,412.9866962305987,666.26,925.490022172949,1191.2882483370288,1459.9666666666667,1686.1951219512196,1847.5631929046563,1984.1355555555556,2142.541019955654,2213.7538802660756,2206.5044444444443,2098.8824833702884,1968.8048780487804,1711.4155555555556,1563.3525498891352,1399.8425720620842,1126.5,676.0,225.0,4507.0,1181.0,2.235266294022829,0.43985324547030097,1.1577130606194235,1.454161939163075,1.6244836212886808,1.8245530277620365,2.053136278030304,2.27015051680293,2.5545449606711284,2.922757315297524,3.537803124872857,8.234041132830198,0.9912288873361653,0.306412872560322
35259,15.24197903876796,0.999102265590625,1.0000000000000002,0.6377662163601404,1.132504636215184,1.0863122232431364,0.698930645536961,1.2991595334512969,0.6648999574378304,0.44031372951577374,0.5382066843247071,0.6120707686164125,0.6299820051208342,0.4142729745398766,0.9248488946998012,0.5996629387538914,0.8630399407915781,0.8513656340335621,0.8579720213773054,0.6643063600502239,0.9166699242966805,0.5871736403952214,0.972856604122345,0.8438365183446096,0.8401028687819502,0.748835365536588,16783.0,28945.0,11.142857142857142,56.0,0.003582089552238806,0.4211469534050179,0.6708482676224612,0.5738093055188883,900.0,14.732853167737632,0.008110070642773965,-0.0006115661891135921,-13.261149466959173,0.008508289589711669,0.18777073944063435,0.021066058452697135,0.003616480459699097,6.529167930036646,9.543041474559145,10.770542321092007,11.59507340368478,12.186592450895605,12.638353596009427,13.036239534450063,13.390325775766476,13.67210959582042,13.985551279584394,14.217203316116024,14.399749679687076,14.646678857181215,14.779023045193531,14.944075414259382,14.968685689020768,15.034042575409412,15.240790962500231,15.241979038767962,15.241979038767962,63.05988023952096,160.7185628742515,274.4761904761905,390.77245508982037,511.20238095238096,613.5688622754491,669.6190476190476,710.5089820359282,763.75,829.1736526946107,837.4670658682635,826.4642857142857,867.5449101796407,819.6309523809524,787.814371257485,637.5,496.23952095808386,417.8809523809524,251.0,83.5,1675.0,471.0,2.326252765920888,0.530861464368215,1.2775373325733084,1.4831414605627655,1.697568450731971,1.961888280984669,2.1078484482763384,2.3527346528500175,2.598712427665193,2.985952777613886,3.7294162216370594,11.00141003833116,1.114931575710409,0.719111950821243
35260,16.46271345665859,3.2678811179422933,1.0,0.6763700496734527,1.0669610316502094,1.007742839258456,0.6995780075032754,1.075476560008502,0.8300601319934603,0.6771062744993882,0.5354468067479605,0.823682490866675,0.9678781597436338,0.4978693415165903,1.0186649396863732,0.6773796771575649,1.017511671462834,1.0108381821258627,0.9682689705685087,0.9461030665836087,0.9924723231279202,0.6549464348706495,1.0739699504646607,0.9848468125640342,0.9362021502192278,0.9985991237746462,22218.0,39110.0,13.310344827586206,70.0,0.003663003663003663,0.3701328447091159,0.6371965185524507,0.6069170058492553,1598.0,16.46087004492424,0.004910521817514888,-4.323198254836886e-09,-1135853.950722915,0.006044357461619926,0.13089058736059672,0.022596504272315597,0.0028794700037427126,7.114774258141777,10.80127699770238,12.131567440189047,13.044719373123323,13.739703596771564,14.305557178327014,14.76577653904592,15.114484762667809,15.433566221998225,15.714461755245205,15.963514434334275,16.21163751750188,16.412522091814218,16.462713456658577,16.462713456658584,16.46271345665858,16.46271345665858,16.462713456658584,16.46271345665858,16.462713456658594,66.12385321100918,199.1697247706422,333.82191780821915,463.70183486238534,593.6559633027523,707.3424657534247,854.6284403669724,983.4357798165138,1110.0319634703196,1241.4357798165138,1356.8119266055046,1478.054794520548,1562.0412844036698,1419.5,1201.0,982.5,764.5,546.0,327.5,109.0,2184.0,520.0,2.3426658322245295,0.3308702974067008,1.064953101464411,1.3399753402744117,1.575642385668924,1.8761116571697916,2.088536384763769,2.4677869607671563,2.792850344588983,3.216438260191158,3.8142997225499204,7.656605422603686,1.4205148389829516,0.810177312486339
35261,27.453505902998238,0.43927039623013636,1.0000000000000002,0.7743003062736683,0.8541943252988118,1.0045084583253616,0.6651961037290998,1.1242701066124994,0.7758227511909078,0.6091054622328795,0.4211948571047895,0.7723406853978105,0.9156780366244252,0.37463849178902175,0.9276610343874855,0.7769011432462335,0.5767532283537576,0.9234974844651979,1.167927982276074,0.513002369236298,1.0115428647023113,0.835986852797237,0.5859812783648705,1.007002834389943,1.2567524796231992,0.521210405683089,72524.0,104042.0,21.89189189189189,170.0,0.0020969855832241153,0.4124278972207656,0.6570529627687467,0.5750469982059053,1136.0,24.227587174382403,0.009589554917700796,-0.002638706782792918,-3.6341873906697617,0.007082914396111195,0.19076058614988817,0.015257225662022221,0.0028751514515186556,11.746017103065887,16.547593012067914,18.35655900478213,19.557685649716984,20.45267638898643,21.150463982247473,21.734105188853157,22.267663077237277,22.700884944799483,23.193887241602813,23.599034266062446,23.98509447447339,24.31497249761331,24.59107312039121,24.920176739954407,25.198717999084835,25.55742565064314,25.983084799320125,26.349980674757052,26.93291182260439,74.40419947506561,216.85301837270342,357.6937172774869,484.90813648293965,620.5261780104712,742.7795275590552,858.8193717277487,946.509186351706,983.2591623036649,1036.727034120735,1065.8372703412074,1102.5209424083769,1119.5091863517061,1040.8769633507854,996.2782152230972,845.6256544502618,731.0839895013123,598.4685863874346,418.503937007874,148.10732984293193,3815.0,668.0,2.660499205822924,0.4574343562914245,1.538640146633835,1.879767175435251,2.204687247033345,2.418144062933376,2.664935178011312,2.886402038639332,3.077856000875386,3.3124949857213344,3.75023363763586,6.243843138253033,0.7981158502104164,0.204861889041495
35262,37.429706390469306,1.1090516714674075,0.9999999999999998,0.6811727696090535,1.0084462566505443,1.017075625320576,0.6779901259672415,1.1529713328499094,2.24133781867895,1.9555221466552792,3.364247980161569,2.20370812443027,2.8842929590832482,2.917893866316551,1.1350298118984796,0.7272418948603588,1.294619461107318,1.1159738603908882,1.072643784926592,1.1228548570303856,0.9613705531278396,0.6805803891881683,0.794995732898877,0.9452301571230964,1.0038205028682852,0.6895190801785246,18036.0,26850.0,8.387096774193548,64.0,0.0057283142389525366,0.41605241605241605,0.6658476658476659,0.5604689735536857,335.0,35.237404781856654,0.04820892481973178,-0.006543439835462885,-7.367520147195098,0.029746645961508517,1.106461323020369,0.17908422734561685,0.010885466245198892,19.542423410700895,27.026342443144383,29.087742598895012,30.261697312089694,31.147253779496943,31.71223414756329,32.25700707849843,32.866623254404324,33.42525809039454,33.992047558870695,34.49444901880204,34.98752403586226,35.350464929311315,35.67740563170632,36.04980805877345,36.50890494918344,36.90632616996493,37.238921458551445,37.429706390469285,37.42970639046929,19.729508196721312,72.30327868852459,131.38524590163934,174.36885245901638,208.58196721311475,200.827868852459,199.1951219512195,219.5983606557377,238.74590163934425,263.1393442622951,279.5327868852459,313.4672131147541,310.90983606557376,297.8536585365854,292.9754098360656,296.12295081967216,277.77868852459017,250.97540983606558,183.5,61.0,1222.0,271.0,2.4129314780698166,0.4950148188920216,1.4099787724106752,1.6390700466883101,1.8351345667140306,2.070700639437745,2.327375708623777,2.5462401795787213,2.7438493999474094,3.089124051085406,3.5345687925514735,6.905585166194675,0.8543026308523045,0.779983002040535
35263,16.41631519619168,0.09275983010693926,1.0,0.7966570709920359,0.8086687578194305,0.9412453161832222,0.7001672437547499,0.8023322621569174,0.6883960578978623,0.6019105428280813,0.27680880508668065,0.7313673131350378,0.8596668127464053,0.3450052031343385,0.987597383889476,0.9074064785447196,0.8191507353297747,1.0492454697083784,1.2959853329878999,1.0209619804239753,1.19222931684673,0.9700917187639027,0.8634609288913306,1.2666509955993783,1.385514285932091,1.0761887183373138,3355.0,5545.0,3.652173913043478,18.0,0.016483516483516484,0.4297520661157025,0.6804407713498623,0.5641184822594366,122.0,12.277021979491945,0.08358689068842584,-0.04044906945895656,-2.066472524744753,0.044968472082878075,0.1362975937988417,0.03960812868897515,0.029310913030069555,2.1426615675596756,5.054179358683988,6.680636195088147,7.938286859113841,8.828323220728645,9.751936045864774,10.467567720561998,10.932908112240654,11.417797532260105,11.849628717334884,12.28340690046605,12.67328282638208,12.890804073346624,13.169832723222619,13.70113373339269,14.211770084126012,14.670721837036577,15.132084618154845,15.780318182019036,16.30635464475412,9.5,23.166666666666668,33.027027027027025,41.05555555555556,46.05555555555556,54.78378378378378,77.77777777777777,87.05555555555556,95.56756756756756,109.72222222222223,116.11111111111111,115.86486486486487,98.11111111111111,81.94444444444444,76.70270270270271,68.55555555555556,58.77777777777778,50.13513513513514,38.94444444444444,16.486486486486488,364.0,55.0,2.3193096821484205,0.45895518104896127,1.0461005241795356,1.4611175695269636,1.764702412359526,1.9395146155613456,2.109558414398885,2.3698096398347737,2.7984780842607986,3.147253644053538,3.9763284544602535,5.106162898849853,1.156571364622861,0.933920080936514
35264,14.815223527412673,1.2990129542979432,1.0,0.6810838943096775,1.010403533123802,1.1050098491586324,0.7438361535368627,1.238637827514779,0.5850727782439844,0.4086775458728846,0.2982584548810853,0.5294729080373951,0.5494187717680377,0.2407955322013017,0.8639164025345696,0.583872909959242,0.8442073168648452,0.7818178301237457,0.7849482808586107,0.6815610649956292,0.9211406691299493,0.6700885357304751,0.7531428870119146,0.8336040351416928,0.9008550237095556,0.6080412452145366,12290.0,19398.0,6.814814814814815,50.0,0.006829268292682927,0.435546875,0.677734375,0.5572949386761519,446.0,13.059337505488248,0.016845233789712463,-0.004097765410644033,-4.110834101424305,0.013199424387807353,0.12231908649487884,0.021310413569208715,0.00654782478579642,4.788615213281959,7.755781283541194,9.069567261909185,9.930802782123118,10.546407149852412,11.074057406556708,11.558864842102215,11.973807995050851,12.310837965835669,12.613340393620392,12.934644065173506,13.195354106823116,13.3816817363906,13.640037593885685,13.836550875141336,13.993164092549188,14.186224559837177,14.502637491150102,14.670421973627395,14.813698546207348,35.754901960784316,77.65686274509804,132.24271844660194,195.7941176470588,246.03883495145632,284.2647058823529,324.1650485436893,375.44117647058823,402.3495145631068,415.79411764705884,426.3627450980392,430.4757281553398,398.3235294117647,400.58252427184465,379.2450980392157,324.8252427184466,271.0098039215686,218.44660194174756,136.87254901960785,50.86407766990291,1025.0,241.0,2.3394991703556975,0.6795559743365064,1.32995318983156,1.5079103450480784,1.819881693784017,2.052525279759051,2.2322611671853396,2.4196485917023316,2.6170345361817815,2.922901518271876,3.4403442837869784,6.358595009471921,0.8409301356478138,0.52091347360285
35265,17.200846985136497,1.7697815271401351,1.0,0.6686549223349807,1.0081534859821648,1.0779136853480993,0.7268287851869176,1.1441555534242123,0.6859064180260135,0.5394787388809587,0.4222284692071188,0.6363277759151079,0.742236342142423,0.3690306514210236,1.0107990435796024,0.6095587705773733,1.3034524954492552,0.9377365343062483,0.8386552417851941,1.13922664759027,0.9133849290078757,0.6290585404164414,0.8001925711048189,0.8473637002882184,0.8654838020135198,0.6993739345231634,28023.0,42337.0,7.0588235294117645,52.0,0.0030596634370219276,0.3989795918367347,0.6622448979591836,0.5783874265134976,898.0,16.17616495252771,0.008148145300366528,-0.0010204872267551293,-7.984563732635248,0.007872992580610388,0.18061318003872662,0.023028242964435744,0.003416509778894054,7.219489239358894,10.849306835153719,12.150866077288445,13.007118509369159,13.645860451099157,14.178652205812726,14.626593532790956,15.010218618513493,15.234069822363924,15.577946236041042,15.81613594449588,16.086168820048158,16.298937715345374,16.537930379000585,16.76836939862991,16.88723162670941,17.044741648928067,17.200846985136486,17.200846985136486,17.20084698513649,60.33673469387755,155.1530612244898,269.03061224489795,383.265306122449,486.6734693877551,599.6836734693877,714.0204081632653,818.8571428571429,813.469387755102,862.9183673469388,849.9489795918367,873.295918367347,851.7448979591836,841.8775510204082,838.1734693877551,713.6428571428571,599.469387755102,490.5,294.5,98.0,1961.0,483.0,2.3324477215281862,0.7115515753261406,1.2511305741907683,1.5043399065243477,1.7263688345511243,1.965603319232579,2.139944738157829,2.3531602054335963,2.547625043682397,2.9559530729648147,3.540130198049161,6.7531617927579095,1.0957571836941027,0.655236831100192
35266,20.028199025232677,1.9578602186198648,1.0,0.6563507582429067,1.1316144331689528,1.0625965651144815,0.713902886941541,1.217858491180041,0.9577508372665496,0.8363238919993164,0.6318704309410124,0.9013306354546364,1.1714813139112576,0.518837316089789,0.9661211258249935,0.6196625787348218,1.213212885315222,0.9092078381797762,0.8679928181682276,0.9961854304925709,0.9350017287154968,0.591664377742469,1.0265946161574115,0.8799216555106801,0.8287743172985913,0.8429506577260016,34185.0,53663.0,7.902439024390244,68.0,0.0026545316647705727,0.3880880121396055,0.6585735963581184,0.5794771661761191,1818.0,20.024320069926233,0.0041845268678650524,-1.475523596413707e-08,-283596.06569733203,0.006855211990369049,0.4120348283795527,0.03499893507968444,0.00273389245074769,10.77431315355236,14.479702255783437,15.76904831761624,16.653641710824704,17.333728849285365,17.86522355294989,18.304293671225906,18.677488459886483,18.997740375008117,19.2270903690897,19.468416244751896,19.686916418679214,19.878331001973454,20.02653601983908,20.028199025232663,20.028199025232663,20.02819902523267,20.02819902523267,20.028199025232674,20.028199025232674,79.22053231939164,242.8409090909091,409.87072243346006,572.4545454545455,742.4318181818181,909.4486692015209,1055.9848484848485,1229.1060606060605,1406.8745247148288,1486.8863636363637,1597.280303030303,1682.536121673004,1731.2424242424242,1710.840909090909,1450.0,1186.5,922.5,659.0,395.5,131.5,2637.0,705.0,2.1115607607908515,0.19451098078237283,0.9389406714180482,1.1620951875105447,1.382131643012225,1.5889685455575637,1.8537607999697578,2.1229327319194864,2.4759775014497705,2.896450118863327,3.6560319934458176,6.8735072178179975,1.3106740852084087,0.370594931498636
35267,15.032949899556302,3.0483721077051906,1.0,0.6832522024230656,1.01612019204856,1.0564302022183933,0.7344701997804238,1.1370667846451707,0.7987058438125095,0.7193848637121002,0.4513061577119173,0.7560422280007808,0.9794609283360529,0.39690382641222816,0.8974878751719717,0.5954800839435915,0.9628986998776522,0.8495477252423688,0.8107613952500937,0.8468268644203965,0.9531120613652659,0.6510759600290168,0.8841221163427344,0.902200693774023,0.8864566053512607,0.7775463396537703,19878.0,33856.0,10.451612903225806,52.0,0.0032768978700163844,0.3846994535519126,0.6431693989071038,0.5997826883842186,1211.0,14.617202124174678,0.005977838280141609,-0.0003013627347344713,-19.836023473202957,0.006548949613033394,0.18615524565447278,0.02079195697325104,0.0032061201431888373,6.383531953964154,9.512204117570647,10.846070761005507,11.678146147801645,12.29283334046414,12.791022740053947,13.185587107685913,13.575651490412907,13.898279160984023,14.192159791547622,14.420742409827342,14.610229566391958,14.731644069324343,14.819531012399718,14.946499226869113,15.032949899556296,15.0329498995563,15.0329498995563,15.0329498995563,15.032949899556298,59.87431693989071,174.45901639344262,287.41530054644807,413.224043715847,536.0710382513661,645.4754098360655,759.5792349726776,848.4808743169399,963.9071038251366,1077.0819672131147,1143.3825136612022,1164.1967213114754,1105.448087431694,1013.9890710382514,936.2131147540983,824.0,641.0,458.0,275.0,91.5,1831.0,456.0,2.3344157653067317,0.18370851681867378,1.0469287172665684,1.350931940363758,1.6709212795544692,1.8708509194879919,2.0763819159757184,2.4365449457448087,2.7969892716838025,3.2614724846020042,3.8482040522848173,9.386547486250478,1.3140443928681163,0.417960799147841
35268,24.15267646506565,0.2006971597907694,1.0000000000000002,0.587339859717323,1.2991911834570145,1.175488929532782,0.7650838057693627,1.5413788362253111,0.6564584733338248,0.3979748200869052,0.8239444538097608,0.5584556832829939,0.5201715381842446,0.5345502575003052,0.8187779938400861,0.4575230239650414,1.001074755972692,0.6965424967171093,0.5980038010410632,0.6494670436920155,0.8251141875903263,0.4681533631714491,0.9954188948546187,0.7019327590930882,0.6118981471587644,0.6457976919498285,3184629.0,4160999.0,103.91666666666667,688.0,0.00011776293251113395,0.432761998565418,0.6836211418844412,0.5357056828594067,48840.0,23.16885769093539,0.0001453344994113144,-1.701000001516131e-05,-8.54406227406086,0.00025642595635525043,0.045981672013797624,0.0019009801134655653,9.046310309578009e-05,14.971429481659586,18.454182992076568,19.753577080597612,20.586971809140636,21.208819498793634,21.698650227367203,22.110685679204394,22.451790950181366,22.736750478766673,22.974543844042596,23.18901458286413,23.375629067724255,23.56444885763947,23.740435686509155,23.864321652157646,23.989346190014135,24.12751161967203,24.15267646506563,24.152676465065632,24.152676465065632,3030.772162740899,9210.490097419977,15211.541912000857,21219.51268600792,27087.782655246254,32772.064125896584,38197.75762766299,42545.91167969168,45848.15781584582,47474.22759875816,48303.1066266995,47717.75206080719,47167.3556745182,45749.06059308425,41568.93994219034,36928.67862113264,31931.24539614561,23352.0,14011.0,4670.0,93408.0,31455.0,1.7882992274316722,0.14874530132527966,0.876597049641176,1.049003368939042,1.208499003730053,1.3591502945909884,1.513091200446887,1.7078944791050645,1.9513060076463566,2.2945314951304434,2.9869871941668418,11.454871492248639,1.071951940545661,0.0181725585600361
35269,20.054748682952436,5.46177356116612,1.0,0.576177461005252,1.3396976434996741,1.2034604557221351,0.7703939803679805,1.6546290202974645,1.1523818018233551,0.8613731544751575,1.0766045823938775,0.957556848955099,1.118094347081633,0.6506622144221359,0.6727298402175401,0.42727471773685566,0.5475546234497366,0.5589962154708851,0.5546184531877663,0.3309228937319731,0.8061292788158255,0.45997100350364584,0.9735287275792485,0.6698427646566156,0.5970594464976734,0.5883667671948787,212369.0,287627.0,16.96153846153846,100.0,0.000872885979268958,0.45144041903099086,0.6942383238760367,0.5248663217942755,5083.0,19.389752149167577,0.0013830131042310897,-0.00011339906485427405,-12.195983326744015,0.0015924241730452112,0.3020051833643241,0.009290669764629058,0.0007937396268828466,11.222820929747106,14.346570569612556,15.673641250908013,16.55337124348393,17.1819237107156,17.66641423143702,18.073723508037055,18.416046659833086,18.690191382889804,18.95536398812406,19.179876889591018,19.383752776997287,19.546052318171387,19.669823741561434,19.823038125915925,19.962623581681964,20.05474868295243,20.05474868295243,20.05474868295243,20.054748682952432,319.43886462882097,918.6004366812227,1476.8113413304252,2043.5786026200874,2616.474372955289,3184.207423580786,3716.104689203926,4176.443231441048,4485.407851690295,4799.635371179039,4957.266375545852,5026.964013086151,4898.578602620088,4574.513631406761,4215.945414847161,3801.5703380588875,3207.5,2291.0,1374.5,458.0,9165.0,3188.0,1.765809213674583,0.26127283524262607,0.8987504595387639,1.0790651140789993,1.2318250442791534,1.375853887141698,1.5381681142750774,1.700106669115921,1.9363432294637513,2.2472588349810123,2.8057427482956694,13.595516718795817,0.9649249011096073,0.213344454113394
35270,29.056820490640476,1.9376252936309872,0.9999999999999999,0.6128537374592132,1.235937814425722,1.1316844337025032,0.7181566591437992,1.5332788189272393,1.9706473295177607,1.9205705623595692,3.3390416664701954,1.7413399626523482,2.6743058605754793,2.1777132934024097,1.1869575396225642,0.8806307183616491,1.1809728005866642,1.0488414475572714,1.226237628168142,0.7702270363409399,0.8477356789840809,0.5402855395317699,0.8675233871292087,0.7490919321127053,0.7523226759129535,0.5657962377228772,60551.0,84641.0,12.666666666666666,114.0,0.0023232658479920344,0.43227091633466136,0.6772908366533864,0.5544773011142854,1420.0,27.433377252666176,0.006266218116799342,-0.0012630843649099296,-4.961044797071956,0.009003716864876988,0.733801309328228,0.07085518910729348,0.0033644477043106944,16.535463483565206,22.170095909527593,23.617045680001212,24.482211220594035,25.141772284802606,25.70421674447949,26.165435679497413,26.551007239094158,26.919374888504464,27.22039554228673,27.462333835624506,27.664756212455472,27.866398914565888,27.977955447150958,28.191685870689447,28.3348080867628,28.52076178321024,28.75767847864947,29.05066190785455,29.05682049064046,63.116279069767444,215.98338870431894,380.890365448505,552.0496688741722,730.8471760797343,898.7508305647841,1037.079734219269,1143.864238410596,1253.8205980066446,1344.700996677741,1384.6179401993356,1330.7119205298013,1314.7275747508306,1159.5747508305649,1080.7076411960134,908.5264900662252,761.0897009966777,607.3322259136213,448.8504983388704,150.5,3013.0,840.0,2.0893903124403477,0.40776014495234103,1.105909699758456,1.3400679811721292,1.5246644847532196,1.714412557364968,1.8956017295347785,2.0856096238505626,2.3279629049003754,2.6865701290080506,3.2382532948281795,11.529972371211311,0.9994617575439871,0.192247854475863
35271,28.822323117240234,7.991647475130683,1.0,0.6060065260049113,1.2822855726817417,1.1668502735922412,0.7505223354159238,1.5809759352028316,1.6647373558609277,0.6480508275331186,3.982402729238664,1.426693204378229,0.8634664112614081,2.51895214883694,0.8315920045194167,0.5013162165638438,0.9025070931712711,0.7126809868752867,0.6679564256885504,0.5708544153491393,0.8318431902265406,0.5097261674627115,0.9226967672085975,0.7128962550316291,0.6791618895395456,0.5836248020373693,172330.0,258926.0,31.813953488372093,176.0,0.0009345794392523365,0.4283933949527469,0.6768096375532247,0.5514381300497292,5158.0,28.008624042691633,0.0014156121860523262,-0.0001521270092028698,-9.305462543896653,0.0021633269957534065,0.6738364056637559,0.030214556083983178,0.0010317785153879965,19.01145473357577,23.045822062948087,24.414069904073656,25.26370008882139,25.8581575132314,26.330536028201433,26.73589526469532,27.068210566800854,27.335105233087983,27.563999805701858,27.794949376132077,27.98524708317188,28.157654562315155,28.31512108678999,28.47069634214259,28.60141273781702,28.63687348721881,28.820374978677595,28.822323117240217,28.822323117240217,294.16112266112265,906.4517133956386,1516.7580477673935,2132.3997923156803,2758.8141225337486,3317.6230529595014,3845.516095534787,4355.2782969885775,4694.77466251298,4884.887850467289,5055.759086188993,5039.7663551401865,4878.631360332295,4647.753894080997,4330.506749740394,3831.76220145379,2960.832814122534,2403.0996884735205,1444.0,481.0,9630.0,3146.0,2.003038480167477,0.4279043251505666,1.0285864782177745,1.2160200641285352,1.3916563352197593,1.564691290458416,1.7587418383494655,1.9636164463722319,2.222184427965308,2.608459724877164,3.2540186410301954,10.030438248659511,1.0940191445785685,0.15773388228612
35272,16.10958690936742,0.6448799301130927,1.0,0.7990407292318783,0.852457719683743,1.0869182710679857,0.8149247356107724,1.1525367291434474,0.5581192000453145,0.4124420368010723,0.2772875174586956,0.5134877339921031,0.5061105876139027,0.24058887708053578,0.8659868694489558,0.7067827223949574,0.5322087844963933,0.7967359575233317,0.8672981583572079,0.461771647739092,0.9971019233699444,0.876518605753249,0.5526926064781907,0.9173660521781556,1.0755822807321134,0.4795444626644964,11984.0,17794.0,4.774193548387097,40.0,0.013002364066193853,0.47928994082840237,0.7017751479289941,0.5283167074278577,273.0,13.499360548560814,0.03912585327872273,-0.009349787495148547,-4.1846783468634445,0.018301428377815773,0.06970080432484281,0.019058088942130857,0.010981970818088205,2.483360681737802,5.50518807203771,7.392349173386745,8.57190271811181,9.517849633268877,10.161312817259132,10.817991152601255,11.388549051845793,11.872707495095241,12.39337532407087,12.786036161044326,13.105333538112042,13.469996076176226,13.841943057966825,14.232752587430086,14.54038415141403,14.959412777523132,15.178099270004127,15.627693137807084,16.103550115349048,22.69047619047619,44.54117647058823,73.5,91.32941176470588,121.26190476190476,146.3764705882353,177.71428571428572,190.81176470588235,211.3095238095238,228.25882352941176,241.21176470588236,245.71428571428572,261.6235294117647,258.4761904761905,254.90588235294118,231.57142857142858,197.12941176470588,137.6904761904762,95.68235294117648,41.45882352941177,846.0,158.0,2.317637677225658,0.2910656060470703,1.0417534339886234,1.4927898292921944,1.786886940033144,2.0629545327590217,2.4018913464772833,2.5856907401227605,2.764192300874879,3.0338078010550795,3.4527175525546814,5.203396818741093,0.8492786092441457,0.540076384062413
35273,22.649391857362986,2.9271845273361357,1.0,0.5772973970864521,1.3920915132542293,1.189924889459075,0.7815753543698819,1.6529962904686804,2.214959152211884,1.2990253276435662,7.086064651797929,1.861427701725591,1.6620602484207814,4.286800093053318,0.8494861037654973,0.4277653361202003,1.3378789741392332,0.7138989286556255,0.5473117003095259,0.8093659869980103,0.8040548725270859,0.4470778400773999,1.0219291307192953,0.6757190135695028,0.5720214149252966,0.6182283267130284,111072.0,148040.0,8.076923076923077,88.0,0.002624097966324076,0.43963254593175854,0.68416447944007,0.5383484190703001,2835.0,22.05879341732423,0.0025159526454120477,-0.00019857371912658834,-12.670118968805527,0.004313693641738156,0.6859543212187162,0.03306368096485396,0.0017419582196491622,13.593592885432395,17.252472051336397,18.614689616637044,19.515698107738395,20.1189860682495,20.557535909860373,20.908307447128497,21.236182314595883,21.495758110967564,21.729497130357807,21.942686486451283,22.117561697386943,22.24433671133696,22.311576926061676,22.40251897175085,22.579439547983874,22.64939185736296,22.649391857362968,22.649391857362975,22.649391857362982,150.12691466083152,465.20131291028446,779.1422319474835,1101.9366812227074,1424.8030634573304,1751.0765864332604,2018.3566739606126,2310.971615720524,2502.258205689278,2627.5645514223193,2750.5864332603937,2774.325327510917,2690.4617067833697,2392.5295404814005,2113.6739606126916,1959.3602620087336,1600.0,1143.0,686.0,228.5,4573.0,1591.0,1.817316622937172,0.09460970834825463,0.8691157062247723,1.0448192443932092,1.207169830314749,1.3613478328100748,1.5662429713679726,1.7698271036409143,2.004274702566094,2.3433504487295003,2.951635240849609,9.177667162855034,1.171180140991238,0.510962777831592
35274,22.174657545205005,1.3038909771154985,1.0,0.6787520013374373,1.075403733492388,0.9979602478891946,0.6449609311566847,1.1610722240393927,1.8340208156982696,1.1488836944908687,2.199374600458441,1.8377694097309418,1.7813229282437923,1.8942616616964396,0.8250692044009752,0.5577880933684654,0.5550794404126841,0.8267555808421181,0.8648401266230468,0.4780748595307465,1.0127206582760557,0.7075459097834762,1.0138137519933248,1.0147905795026217,1.0970368523168534,0.8731702739957443,15078.0,24126.0,7.806451612903226,46.0,0.005568814638027049,0.4052547770700637,0.6504777070063694,0.5793861911676446,647.0,22.163933559101697,0.014764031861134654,-3.071914009083355e-07,-48061.3448731925,0.016616852363128588,0.6702377702202086,0.05942303948642944,0.006604300401529653,10.142687189871973,14.790934382536186,16.583683548387633,17.746076269086554,18.504001768574224,19.15152742994294,19.68171216029838,20.116125761826954,20.51291031632848,20.88420653148407,21.07007318944553,21.335028437494334,21.64084308064978,21.87384324131274,22.07001593121916,22.174657545204976,22.17465754520498,22.17465754520499,22.17465754520499,22.17465754520499,27.536,89.96031746031746,142.664,203.56349206349208,253.61111111111111,316.272,373.4047619047619,420.0238095238095,491.144,553.3571428571429,527.9285714285714,544.448,601.7698412698413,617.563492063492,622.568,565.5,439.5,314.0,188.5,62.5,1257.0,280.0,2.3957210437426686,0.18893110379576922,1.0118242375804771,1.330838417462828,1.6502983159016997,1.9135900417720215,2.1724799895591036,2.4259236387057452,2.884986856667776,3.34429592183137,4.1067805079610595,6.021587055614915,1.4853888615975277,0.988196494402364
35275,24.486559462280567,4.292582073142118,1.0000000000000002,0.6432205593384217,1.1103809168659167,1.0625037767878331,0.7068673798579939,1.2134042794858029,1.3819766198190737,0.8731123807834548,2.9972534916099285,1.3006792540512868,1.2351855604920667,2.470119433631845,0.8555937624129932,0.5283325919364329,0.9831698412424348,0.80526185516218,0.7474281696837847,0.8102574367539456,0.9410380294212889,0.596227887813138,0.9962003888809614,0.8856797029618473,0.8434791373919633,0.820996271171151,196812.0,312424.0,36.08888888888889,214.0,0.0005517023959646911,0.4026168518956412,0.6617797745723969,0.577525717356995,6984.0,23.798657112226937,0.0011059134085192317,-7.794604626413788e-05,-14.188191210771524,0.0015917062654006817,0.40797482742252633,0.012727924203593373,0.0006783434344047999,15.008291027327958,18.458515164348565,19.844703702154778,20.749894683994423,21.432961844970894,21.98117682600974,22.42433641792964,22.804946607754857,23.130453292836414,23.40646259435993,23.66951708357919,23.85696160780767,24.028485457795714,24.175358591351976,24.257054862743047,24.46631395925102,24.486559462280553,24.486559462280553,24.486559462280553,24.48655946228056,399.19716088328073,1132.2994483845548,1842.766745468873,2615.6422379826636,3381.5347003154575,4045.7738376674547,4748.934594168637,5458.040189125296,5950.8485804416405,6384.138691883372,6776.2245862884165,6828.898345153664,6741.372239747634,6408.687943262411,5642.884160756501,5593.82427107959,4440.5,3172.0,1903.0,634.0,12688.0,3392.0,2.194725239620849,0.11658767951388496,1.0072908064360213,1.2576817503557844,1.4661386705486232,1.6810689057165684,1.9219018335505178,2.182972475265787,2.5340637003852713,3.023574303447506,3.821882938663844,8.451679989444516,1.3587600547086387,0.107285973187536
35276,21.397328371520654,1.0452480510910613,1.0000000000000002,0.6982108414782691,0.9701155547793281,1.0453872025987918,0.7132179440185732,1.1695550199996303,0.9863162757512582,0.8239183465976465,0.9221141198913639,0.9434937344739963,1.1552125875512052,0.7884315864777832,0.8958510764224221,0.6000055657783556,0.9528589177027388,0.8569562303760475,0.8412653815153179,0.8147191892716941,0.9608772361226956,0.6970250588351928,0.743355929827653,0.9191591725381679,0.9772960210561407,0.6355886786992612,54448.0,84088.0,18.647058823529413,110.0,0.0018873011593421407,0.39428263214670983,0.6504854368932039,0.5980305505655992,1561.0,19.8515849897729,0.005389913173700848,-0.0010233011470808886,-5.267181795971145,0.005488694800547355,0.20330407799628747,0.018758962584020423,0.002159964337447042,10.710394549058508,14.377585303272753,15.92851172032159,16.836851596161825,17.51600347651427,18.03637801635923,18.465390854599395,18.811795125263462,19.16743432628094,19.498496337383436,19.800519755966015,20.00390163214108,20.26343438673108,20.496429574705306,20.675574889639133,20.917104421575388,21.250028464124185,21.39732837152064,21.39732837152064,21.397328371520647,103.16486486486487,303.85714285714283,515.1212938005391,715.5283018867924,898.6361185983827,1067.0592991913747,1187.8135135135135,1270.2587601078167,1381.8894878706199,1471.7250673854448,1525.2156334231806,1449.7574123989218,1424.035040431267,1382.0405405405406,1255.2291105121294,1184.1374663072777,1155.0727762803235,927.0,556.0,185.0,3709.0,847.0,2.4912938091219607,0.34035137816498273,1.449615152518802,1.7163184549663182,1.913686231634986,2.1159376126063356,2.336148612224572,2.587983775626376,2.862894442981346,3.1821534570847225,3.7327884808985403,7.052960458769049,0.9751034630848421,0.302984907955397
35277,29.951941533877786,1.2549205812017967,1.0,0.6912476926819598,0.9954678428531598,1.0943450508413348,0.7469591180543722,1.1888984486267353,1.4467642437253398,1.2144361316789107,1.354646042417188,1.3220366305975106,1.6258401595554393,1.1394127429318317,0.9219212688446313,0.5594322885344765,1.9832673004304262,0.8424411186726309,0.74894632786818,1.6681553438994263,0.8941052649574941,0.6658914826364957,0.6681600236655827,0.8170231722344832,0.8914697826715926,0.5619992392431468,33751.0,47013.0,8.564102564102564,64.0,0.006798866855524079,0.4399092970521542,0.6831065759637188,0.5360778422552518,570.0,27.826679949292632,0.020393210957211128,-0.0039906890647247485,-5.110197919821578,0.016268152467503395,0.33581152740659975,0.0680508175962028,0.006192649435541757,13.107871758931703,20.25470445219544,21.928188650638926,23.17099883579124,24.022155026371237,24.687881083026287,25.27068766599476,25.770912855224537,26.239818734490957,26.66803548822385,27.05971623592797,27.40321436679544,27.754361536773004,28.077650536893803,28.3945765091589,28.741752731424505,29.022582620009164,29.29110428898007,29.606820193345584,29.911836716464908,25.943181818181817,97.92045454545455,164.72316384180792,238.76136363636363,288.0960451977401,325.9431818181818,377.43502824858757,435.89772727272725,486.00564971751413,512.3636363636364,531.8295454545455,555.276836158192,559.3522727272727,528.1186440677966,486.7613636363636,464.180790960452,412.5113636363636,326.1525423728813,217.11363636363637,86.92655367231639,1765.0,374.0,2.2949480719480073,0.24385058869817017,1.3635910464533834,1.6747082561263136,1.860550183936311,2.0126257057196915,2.156643784123913,2.328094607749432,2.531609990786645,2.818282618642314,3.456460500690572,6.319472525231934,0.7301142403810897,0.437342938536312
35278,15.96898722949717,2.3293590085077662,1.0,0.6464639202712765,1.1181483932602834,1.116066378958238,0.7885826751692374,1.289185355789553,0.950272515712462,0.7948366537728431,0.3969424859759283,0.8514480264153,1.007930656861392,0.30790179565204845,0.8650973546832628,0.5459159914382153,0.7878052140458242,0.7751307368391158,0.6922748985336972,0.6110876225113014,0.8851109837356438,0.5661753501851526,0.9418122523401068,0.7930630296038724,0.7179657479333362,0.7305483638256969,17657.0,28535.0,6.848484848484849,42.0,0.003893575600259572,0.40584415584415584,0.6649350649350649,0.5781161792685553,959.0,15.376688356071494,0.007261845051084313,-0.0004101201454477181,-17.706628488480455,0.008856901442200912,0.30167038612551716,0.03367261496499185,0.003865973718511964,7.693607870700087,10.997369214115942,12.187723162829739,12.932294526003613,13.489204308822497,13.902090948004552,14.265724288241504,14.614588446324603,14.867183466130633,15.061201729664573,15.322913050091218,15.472965382757383,15.640692611568426,15.826945620430688,15.932460199116615,15.96898722949716,15.968987229497165,15.968987229497165,15.968987229497172,15.968987229497168,60.785714285714285,176.14935064935065,285.8246753246753,395.6818181818182,494.62987012987014,601.0454545454545,694.3181818181819,780.8766233766233,828.9155844155844,851.2402597402597,931.0194805194806,914.0064935064935,898.7987012987013,904.7077922077922,825.8246753246754,693.5,539.5,385.5,231.5,77.0,1541.0,435.0,2.213319572671502,0.39627065436370307,0.9864609456094247,1.2415632928502842,1.4702362709381942,1.742359734931414,1.9237116148967162,2.200840270269451,2.518676744153264,2.967471629152559,3.6922055739568225,8.14251140344048,1.46503179029946,0.740951726413332
35279,15.967177196322178,1.599509250209768,1.0,0.6160268899150677,1.1889246830299334,1.1381994085327636,0.7498102431647976,1.3880982263303485,0.6991927215383994,0.5332508561871163,0.5530395081893874,0.6142972103980607,0.7111810768766937,0.3984152545540185,0.7862995307450932,0.4890809850979341,0.7155582406196025,0.6908275692733846,0.6522730111469563,0.5154953929386474,0.8762180247392026,0.5345264599713769,0.9934672695719778,0.7698282200556777,0.7128823123504537,0.7157038678727813,90768.0,132210.0,17.0,120.0,0.0015766653527788726,0.4186871673565937,0.6731716932781392,0.5547508889482712,2900.0,15.322748211545946,0.002460256841534052,-0.0002900002412442589,-8.483637223811302,0.0028321837070988385,0.0802072148141459,0.007686669950297727,0.0012312695931939704,7.216678693546358,10.262211032558081,11.483368259773293,12.34366358710043,12.964594782839338,13.465073041735428,13.869880859880585,14.229934771356652,14.523504860104424,14.77613333839285,15.020334234442226,15.237721319956721,15.325004461494158,15.375057455646205,15.541511864328228,15.748130161686202,15.9140309405651,15.94330954610555,15.967177196322176,15.967177196322178,178.45562130177515,517.3609467455622,834.6141732283464,1172.905325443787,1492.1932938856016,1792.0118110236222,2069.157790927022,2315.956607495069,2482.149606299213,2614.0138067061143,2766.828402366864,2859.6535433070867,2581.0,2184.2090729783035,2054.0590551181103,1932.3925049309664,1710.335305719921,1239.5314960629921,761.0,253.5,5074.0,1585.0,2.039647095527815,0.26135378446834123,0.9613025387849163,1.1828674670665456,1.3597480863675175,1.5459855752174432,1.7929916799427486,2.0001037612503736,2.288488146595787,2.715063946714118,3.427917523445271,11.183788201516258,1.2744373144295487,0.349425141836982
35280,24.752699396320587,3.376463688325094,1.0000000000000002,0.6031763952944714,1.2283217813469682,1.1592839045406949,0.7685088979636506,1.4846208806082757,2.0243162862231587,1.3022949567808533,3.807413291961865,1.7461782038845672,1.694573687086249,2.564569407377525,0.7824852142847125,0.4626743429264079,0.8992188573905008,0.674972895957467,0.6020416213167797,0.6056892161061851,0.8405959571706697,0.48274239636261723,0.9116654155037268,0.7250993081834527,0.6281545960518602,0.6140728770635377,102354.0,139572.0,8.923076923076923,74.0,0.0018959342742784916,0.4169827222924568,0.67425200168563,0.5427723023157935,2308.0,24.264582548670546,0.0032602202055145523,-0.00016647661085511607,-19.58365315564905,0.004504053035818688,0.8244318965986925,0.03707493817250177,0.001822147688828378,15.254860898290666,18.65649923125062,20.016412072410517,20.865970726891046,21.535976851639248,22.04409903633946,22.473890567144814,22.84271799894379,23.124345063267675,23.36108751231606,23.539178020043735,23.81956402293536,24.084560098760367,24.31560179608858,24.48167667588472,24.617154116576973,24.752699396320562,24.752699396320565,24.75269939632057,24.75269939632057,145.27637130801688,436.0105263157895,711.289029535865,986.88,1275.4,1549.4620253164558,1837.8147368421053,2047.6105263157895,2145.8881856540083,2166.7368421052633,2050.301052631579,2152.3776371308018,2216.6863157894736,2237.4926315789476,2092.3523206751056,1891.7894736842106,1661.0,1186.5,712.0,237.0,4747.0,1524.0,1.8420212032172236,0.41528899208590137,0.8916244006668347,1.0870127767880782,1.2357410276773821,1.389754316875341,1.5407607279522155,1.7425300799848502,2.0375374720450625,2.3676019145274703,3.0803711499213633,8.635673315087294,1.135443037428711,0.307627786530647
35281,13.746657699984558,1.584283684616151,1.0,0.6898487871275396,0.9740580688137054,1.1087819991566357,0.7365318599443125,1.2715733115236254,0.46188613580578375,0.25564628713151055,0.27888204193217386,0.4165707381226469,0.347094675783393,0.21932045868280425,0.7316497460334663,0.5613440609277509,0.43838417998026086,0.6598679872057586,0.7621449817122546,0.3447572987002848,0.989210576976385,0.7330303599287336,0.7376482289369783,0.8921596650457896,0.9952459625903438,0.5801067246788256,16120.0,24238.0,7.6,62.0,0.005067567567567568,0.4209636517328825,0.6644125105663568,0.5657272741975135,516.0,12.420343585729583,0.015652553821795794,-0.0031704477873297048,-4.937016747081991,0.010280958592872702,0.08808557098361221,0.013351813019413886,0.005729542022606958,4.132660303002787,6.417938385387148,7.603231172686869,8.504601370834925,9.188156474152464,9.767898698721368,10.299265455067637,10.72117222971442,11.16273262052345,11.531833763330726,11.891442970857332,12.15344254155394,12.414122267419135,12.56187374329842,12.737461663969556,13.044240357739197,13.15728035573446,13.441516521815304,13.627325992461717,13.746657699984555,34.483050847457626,104.16101694915254,162.51260504201682,213.1949152542373,269.72033898305085,312.8235294117647,347.04237288135596,386.1271186440678,416.29411764705884,447.8728813559322,489.60169491525426,496.94117647058823,495.14406779661016,435.9406779661017,389.84033613445376,382.8898305084746,306.5508474576271,257.4621848739496,166.41525423728814,59.0,1184.0,247.0,2.2263579025486844,0.2967606836624196,1.0757982190160946,1.4000159347302277,1.656543143998806,1.9440457064205146,2.1461619728625405,2.401663729745424,2.63606931515418,2.9473609833816665,3.4583564393675044,5.30559342707747,0.9012392085387613,0.664736020506825
35282,28.624399384242263,1.814744347335434,1.0,0.6704094881939465,1.0590096543441887,1.0362810474806747,0.675770293246837,1.1936502106297862,1.044612371268566,0.6546915688924422,1.6227276940949926,1.0080396373243974,0.9688078559163662,1.3594666843302607,0.9345845290194104,0.6417362276148779,0.8612599662170293,0.9018639598702486,0.9496366354483601,0.7215346326312938,0.9655917622197121,0.6682837414814281,0.9209720306298239,0.9317856044624024,0.9889214547602578,0.7715593918790552,103014.0,152460.0,20.6046511627907,126.0,0.001401541695865452,0.4075696513054144,0.6614683721745225,0.569892538821564,1961.0,26.47758721561063,0.005282823039370541,-0.0012426673546886784,-4.251196444034719,0.00469767917240351,0.21760932623351345,0.02057572685155158,0.0018324573750323973,14.493440650831792,19.61768237862499,21.39382950964448,22.577106489039917,23.51034590333289,24.210529262731175,24.733264061766068,25.148460566471996,25.551314714009763,25.928054682660484,26.26498625101442,26.5733655807234,26.85262695068518,27.09378060006373,27.37074661880377,27.62697118240675,27.84325838515415,28.272783560351765,28.61474445848536,28.62439938424225,108.41228070175438,354.9719789842382,598.1015761821366,811.7915936952714,1044.0087719298247,1292.5464098073555,1514.092819614711,1615.9439579684763,1723.682456140351,1821.9422066549912,1882.6374781085815,1917.4588441330998,1884.4719298245614,1798.0035026269702,1664.7583187390544,1466.4413309982488,1175.461403508772,1072.891418563923,847.5446584938704,285.0,5708.0,1174.0,2.391109242125576,0.44778826110945474,1.3344430877218854,1.5878502531325205,1.794966409272102,2.034600515744807,2.225957919076358,2.444395891372513,2.7249015554854874,3.1010362261583997,3.6608143219339,7.801709425998448,0.9930495290362317,0.108762801662087
35283,15.129978995246606,1.7393903562927995,0.9999999999999999,0.5847646478097396,1.2501747432799488,1.189424161737402,0.7869295597984717,1.5267623388837115,0.9877755153329898,0.43579384725439924,0.9911027798807737,0.8304653185202978,0.5537901605399137,0.6491532798781348,0.6479838838665792,0.4026850237113391,0.7246155834106948,0.5447878937653862,0.5117167333432798,0.47460928590922385,0.8299548219944562,0.5060692112010843,0.9198153173504794,0.697778680384409,0.6430934063916545,0.6024613614866869,23942.0,34272.0,5.6571428571428575,40.0,0.005184705119896306,0.4098573281452659,0.6666666666666666,0.553833330973443,930.0,14.661967373014841,0.007166108146130936,-0.0002903821194138787,-24.67820043670511,0.008683909623186646,0.3137204915172373,0.027418597657885718,0.00374294034630925,7.152045913749329,10.083980077617413,11.08788889087905,11.808063567539854,12.381148009594035,12.861708831724508,13.217148226715839,13.56799826708055,13.88205039923721,14.21041333407849,14.458910412829258,14.657577364005984,14.812478219548879,14.961924426595358,15.127753432675,15.1299789952466,15.129978995246601,15.129978995246601,15.129978995246601,15.129978995246605,57.993506493506494,178.62987012987014,276.0064935064935,372.03225806451616,464.47402597402595,565.2532467532468,641.577922077922,722.6838709677419,788.4350649350649,856.8896103896104,906.9805194805194,914.9483870967742,898.461038961039,884.0454545454545,847.6558441558442,694.0,539.5,385.5,231.5,77.0,1543.0,491.0,1.763244549884633,0.42982834724438757,0.8126680721601967,1.0515615948658876,1.2391317842823346,1.380690769362896,1.5209878673057227,1.7083027466966358,1.992491121079457,2.318715335082053,2.9089763322540496,7.2222953721634315,0.8635868648390407,0.953276387467049
35284,22.782596086844528,3.2328657121902196,1.0,0.6604594600467434,1.0480894897647899,1.0496995529758282,0.6697458747875739,1.237143252244206,1.0248261966761558,0.5279150301598838,1.5018705789943767,0.9763043089528255,0.7882318503676112,1.2139827592883436,1.0668068577306316,0.7624293238168315,1.006079649777527,1.0162973345147241,1.1383859946261774,0.8132280946062436,0.939838595748059,0.6535450723166691,0.8352515445192641,0.8953405696741312,0.9758105229449257,0.6751453746395971,37120.0,65780.0,18.580645161290324,118.0,0.0017457084666860634,0.3786379511059371,0.6423166472642607,0.600607616194579,1424.0,20.497441120384927,0.005196943487818044,-0.0021779979225544223,-2.3861103970764628,0.005689677058979718,0.3572719473159433,0.027097464180308322,0.0024114601769624666,12.389181452385328,16.144506991139664,17.40013290551598,18.235003347783955,18.848271245639125,19.32771979130626,19.712206246397837,20.015464328448832,20.262312709030883,20.516889835284744,20.593864442393556,20.895568239484863,21.179883583167687,21.403125741919965,21.676771157560434,22.051369370179888,22.338826718536165,22.722746745948772,22.78259608684452,22.782596086844524,110.4868804664723,348.66279069767444,573.4752186588921,788.1511627906976,971.2558139534884,1156.9941690962098,1298.4825581395348,1349.0813953488373,1348.8629737609328,1352.0813953488373,1105.1162790697674,1127.9154518950438,1126.546511627907,1048.8720930232557,991.0204081632653,961.1686046511628,848.7383720930233,813.2565597667639,515.5,171.5,3437.0,899.0,2.4724718020079672,0.40837659910919333,1.2941032155125536,1.576003240960093,1.802270524386776,2.0216198080102092,2.2662847796703387,2.505052509705119,2.803951146623452,3.2314681758422807,3.9902460343213644,8.195088216203192,1.2410503978577652,0.370524613533635
35285,21.480167086044702,2.40316680798406,1.0,0.6236045684768734,1.247051327894903,1.1400610880328346,0.751208055520318,1.4927247572301943,1.0395513210469431,0.7788050592785543,0.8623399783241881,0.9118382619660144,1.0367368315015224,0.57769523426696,0.9529136696762578,0.591531385881159,1.015339983197251,0.8358443943740786,0.7874401526105038,0.6801923651894484,0.853774530091689,0.5239223056983452,0.9587492933040467,0.7488848966548534,0.6974396797907801,0.6422813641029451,71772.0,98936.0,10.608695652173912,84.0,0.0023276112889147513,0.4222933643771828,0.6711292200232829,0.5606879066632176,1976.0,20.514131405404836,0.003631553908931239,-0.0004352960594322625,-8.342721764280878,0.005552095540762701,0.5427206841242145,0.03816289549373434,0.002206989563401482,12.471307330844047,16.076500794334628,17.36285495987292,18.190421152145916,18.75880671135942,19.235975011277034,19.614582372584298,19.97541889137162,20.244676356648753,20.46408529578603,20.583087664279887,20.765148641261124,20.970003132936885,21.14910368068343,21.289946635915513,21.321990576472608,21.44784795024978,21.48016708604468,21.480167086044684,21.480167086044695,112.25364431486881,356.1162790697674,598.3556851311953,835.5813953488372,1083.3023255813953,1302.1836734693877,1474.453488372093,1690.7732558139535,1852.1224489795918,1923.2790697674418,1812.843023255814,1790.2186588921284,1795.0872093023256,1773.7151162790697,1645.1545189504373,1344.6744186046512,1163.2151162790697,859.0,515.5,171.5,3437.0,1104.0,2.0632775294171575,0.3301576613281585,1.0147800913651588,1.2925236502112367,1.5025076671393796,1.7210046241913997,1.889760548457517,2.104174414452461,2.3109911635696156,2.6754846796703466,3.2399645973513187,9.365383090211996,0.9723541282343903,0.620745840915479
35286,18.63357208067885,0.6765149969607598,1.0,0.6578343649722664,1.030586869729642,1.1450309973242578,0.7414426842366183,1.3605638318370217,0.9898793800705521,0.6598892206264773,0.7186530446069005,0.8645000723855786,0.890007056048968,0.5282023730092702,0.7608108034404688,0.5653967086829396,0.5869358122362833,0.6644455959867933,0.76256293399815,0.4313916028796735,0.8723965403387887,0.6204164861512467,0.6698577012245301,0.76189774982287,0.8367693138546792,0.4923383126538753,45796.0,68274.0,16.176470588235293,130.0,0.0035460992907801418,0.4459028024122029,0.6778999645264278,0.5508916928787726,1197.0,16.764912008522927,0.0064431111570384,-0.0015315677910345438,-4.206872979932678,0.006370009607562287,0.2381744483665552,0.013215137152803097,0.002669224099809512,8.379051393541769,11.369600462370249,12.619695104797396,13.471265920573702,14.157453803365764,14.749085159516053,15.251699504587103,15.66618325262474,16.003171489232724,16.302688262594735,16.597502995984687,16.880077314085966,17.08694312495924,17.307885991622623,17.504581635353816,17.673772256699742,17.90555514789399,18.17453003790306,18.340073919618124,18.5843169042891,83.40925266903915,239.49290780141843,383.57092198581563,519.5425531914893,638.549645390071,763.1170212765958,902.0744680851063,1003.5070921985815,1070.549645390071,1123.4716312056737,1159.6702127659576,1175.9468085106382,1151.1312056737588,1096.27304964539,991.8758865248227,866.1312056737588,734.1666666666666,583.6985815602837,370.29432624113474,131.68439716312056,2820.0,748.0,2.242448150215785,0.41157322837664867,1.4625256687451744,1.6788006674359943,1.853567266392489,2.0124513013893544,2.153210482285047,2.2967072542916123,2.4678072902236625,2.7292993225959536,3.145484012666866,6.4007222368746675,0.5322747653698237,0.306956773481797
35287,14.49756542115659,3.4687989423987857,1.0,0.7040466206700859,0.9591357109993973,1.0415231794312856,0.7147245697683533,1.0952852270706641,0.9743522560718075,0.7435380222093416,0.9252655243288203,0.9355070298136272,1.0403140645498263,0.8447712992563947,0.8822739656937412,0.6337080249304433,0.7987324191740414,0.8470996931393299,0.886646481365307,0.7292460442566617,0.97240501862178,0.7062199470963623,0.8201631603264994,0.9336374243276593,0.988100839076027,0.7488124006931258,9850.0,19714.0,12.8,86.0,0.004583651642475172,0.3730886850152905,0.6376146788990825,0.6098519095951702,836.0,13.849057963360064,0.008157658702292972,-0.0009640057857698852,-8.462250769354055,0.00843177865348456,0.2675651170485943,0.02385662801186486,0.0044385461589930356,6.337790960436669,9.086686052211732,10.178114752215803,10.936901529229155,11.548621501744014,12.018627589078205,12.443260603599315,12.808374917458202,13.119151450955549,13.381613423623733,13.627809432787108,13.83342742143413,13.941935054055113,13.98624838850067,13.986248388500671,14.109435707221307,14.470118964623678,14.497565421156581,14.497565421156581,14.497565421156589,49.73076923076923,138.80152671755727,223.00763358778627,310.1145038167939,388.03053435114504,465.91603053435114,543.1,624.0152671755725,690.0229007633587,740.3511450381679,785.1984732824427,808.1679389312977,761.1068702290077,656.5,526.0,439.42748091603056,445.8320610687023,327.0,196.0,65.0,1309.0,325.0,2.3063122437861785,0.5343641522001934,1.142562429853782,1.491859041674947,1.7497538630560896,1.9785278718538768,2.1645300296072634,2.4035518255934107,2.693225965545533,3.0005367845264783,3.5128255547642877,6.726832900130133,0.9515399068260467,0.910734637309797
35288,28.630658197489165,0.6864280305394623,1.0000000000000002,0.5953365086705894,1.285798451620986,1.1818290397210471,0.7771223118398858,1.5339461847443303,1.8837000623555191,1.2218494131201134,2.7565455598083433,1.5938854090098666,1.5722742668748093,1.797028857480935,0.8954636083705914,0.48582506821286686,1.4710533056544062,0.757693015042135,0.6251590783214621,0.958999292338012,0.7911994611084293,0.4864344843930465,0.8288780668480895,0.6694703163624918,0.6259432742850767,0.5403566794530295,41194.0,64934.0,10.55,68.0,0.002377717391304348,0.42847434590553857,0.6775399252463473,0.5456663653405901,908.0,27.69232741169251,0.015783843858147677,-0.0007455402809952992,-21.17101417655956,0.009495151262979852,0.4940065598047439,0.01694826129211674,0.004017527693810113,13.683125027673135,17.7393152125842,18.90777507975961,19.51105025088029,21.19499357001943,22.658880421543845,23.412044989960332,24.0116090051083,24.531508899683363,24.969567478817385,25.165656466885594,26.05252849069206,26.774732483043596,27.26494947104589,27.69465143643049,28.05620557881357,28.365204101933536,28.612883419958827,28.630658197489144,28.630658197489154,89.4047619047619,264.7925170068027,346.41016949152544,217.6904761904762,264.9965986394558,442.7322033898305,542.2891156462586,637.8537414965987,624.6203389830508,585.2414965986394,383.51360544217687,494.8203389830509,678.9897959183673,814.6904761904761,864.6406779661017,877.2687074829932,839.2619047619048,723.6406779661017,441.5,147.0,2944.0,914.0,1.9691068589810496,0.46428261347481065,1.0218534593373587,1.2219327855681716,1.3836343072606676,1.5477897944019212,1.7232674755083748,1.9263409766438788,2.1544697051496,2.467958727042642,3.1194496855308027,9.059206458259673,1.094710952920922,0.436914017251693
35289,19.742398866088468,1.1573251763403507,1.0,0.6077405992760326,1.1884498630625744,1.0605507959197038,0.589489427603247,1.4681709755532415,0.6830494259783505,0.535407062593555,0.3834241624515626,0.6440515896138796,0.9082555810549806,0.26115770495127744,0.8603796608066471,0.6214270306282179,0.612601104571624,0.8112573807089839,1.0541784153022442,0.4172546077889746,1.21170002203833,0.6972175840023934,1.5343689444776587,1.1425195537075152,1.182748241706639,1.0450887328701428,4090.0,6202.0,2.2,16.0,0.021164021164021163,0.4907161803713528,0.7241379310344828,0.4950877200012789,81.0,14.59592040911918,0.16665302329880552,-0.07316129655609373,-2.277885045011886,0.04929727769163957,0.09789549307049748,0.03435811193092174,0.0531781261497515,2.2568342126469982,4.3128032344466645,5.998720036676121,7.20425873038461,7.9269514604910345,8.597563776165623,9.36922545419803,10.095997602844179,10.770422350692655,11.476670116482667,12.120200282300214,12.855840201808999,13.402433044343034,13.928230833237098,14.59874419470374,15.209957220523817,16.025347025286518,16.829151959933288,18.131664101732948,19.342550935414902,7.837837837837838,20.026315789473685,20.81578947368421,34.71052631578947,38.189189189189186,41.13157894736842,50.55263157894737,57.18421052631579,56.972972972972975,58.5,62.86842105263158,69.02631578947368,68.78378378378379,73.44736842105263,77.44736842105263,72.76315789473684,59.78378378378378,44.6578947368421,37.13157894736842,15.868421052631579,378.0,58.0,1.9524324448501489,0.3926925671603637,0.764211838892246,1.1197544082964106,1.2963980343849084,1.5862285594484047,1.8183290714612332,2.1868339475082355,2.5634516237759275,2.789464285894268,3.2184088822939905,4.29903135632317,0.9633988471841564,0.988950295823161
35290,16.697688267278682,1.9726439962835405,1.0,0.6624629687857198,1.0496620063843816,1.0790207977321222,0.7061544331165025,1.2229827954574162,0.9620385475398797,0.6537398252409753,0.9676593123223308,0.8915848050027257,0.9257745821346706,0.7912288839356975,0.9036873435480046,0.6783803848478914,0.7995474899137531,0.8375068816535954,0.9606685917894268,0.6537683873260939,0.9231928258375831,0.6194402919923236,0.8729464166991222,0.8555839032741007,0.8772022987358735,0.7137847073086793,11308.0,18798.0,8.0,44.0,0.0044964028776978415,0.4095409540954095,0.666966696669667,0.574542133271382,563.0,15.740125523286247,0.013808361158389211,-0.0018938761257146326,-7.29105825397043,0.013253865230418669,0.3663656606981063,0.034235884195904995,0.0059571804315035745,6.903364416791936,10.160145888471101,11.688416815436678,12.595459924698412,13.281171368206225,13.832601612048604,14.274238781894185,14.68413034549758,15.003817593103975,15.299487952552306,15.473291325424482,15.722857534777768,15.917524255577968,15.976254132771162,16.20133958893624,16.289692000025365,16.597453849453217,16.697688267278682,16.697688267278682,16.697688267278686,37.972972972972975,91.83783783783784,162.2072072072072,219.15315315315314,278.3873873873874,337.22522522522524,394.51785714285717,438.4054054054054,494.72072072072075,531.7567567567568,525.8558558558559,548.8378378378378,533.1171171171171,455.98214285714283,436.85585585585585,359.0810810810811,357.4864864864865,278.0,167.0,55.5,1112.0,275.0,2.3215697007394627,0.477608493472507,1.1861757257968226,1.3921230275004561,1.5895483866782567,1.8302666401244447,2.061411712218384,2.3648644934837972,2.647878203371887,2.9406253772234106,3.714043775474642,8.338607787610474,1.429873080770446,0.813140435474925
35291,28.448880038564244,2.1315532315966763,1.0,0.6143330462715094,1.222498449145091,1.138664393778049,0.7131320244840333,1.5097528870000547,3.0069226570861556,3.0069226570861556,0.0,2.640745309607241,4.216502069531557,0.0,0.9555899302361004,0.599579820415407,1.8297813227749058,0.8392199979710318,0.8407697310315242,1.2119740512043409,0.85715737348198,0.5504435042964259,0.86434485173018,0.752774371593338,0.7718676001048808,0.5725075005139889,30939.0,46901.0,10.4,62.0,0.0028846153846153848,0.4280904280904281,0.6772486772486772,0.5635048759226823,1096.0,27.474841582729354,0.006630553440745213,-0.000721901575977356,-9.184844113642985,0.012658646852798253,0.0,0.1454553964267645,0.004689123184557273,19.04447709294962,22.833072522902,24.132559172394437,24.95217514330039,25.56200109183038,26.053420161050685,26.440001851378,26.72258431396665,26.973719613770832,27.236320205675227,27.48621561832878,27.58127708941064,27.807337355403835,28.04248475081224,28.217521233846433,28.435237956326944,28.448880038564237,28.448880038564237,28.44888003856424,28.448880038564248,70.54589371980677,207.05769230769232,334.03846153846155,481.5192307692308,617.9711538461538,734.75,876.6346153846154,956.1634615384615,999.4134615384615,1036.6826923076924,1065.2692307692307,953.7115384615385,957.4038461538462,983.0865384615385,941.9134615384615,921.2596153846154,727.5,519.5,311.5,103.5,2080.0,637.0,2.148539636203579,0.6241149558445414,1.0811927458555923,1.2872736725462601,1.518893488190142,1.6945622117231343,1.8622864889205588,2.090262036182776,2.3703654897315407,2.8390199461885524,3.5959995299142498,7.436347283940478,1.1396173455058423,0.791639049299993
35292,15.839613561817757,0.8845735410743789,0.9999999999999998,0.5980754064482035,1.2614192427402757,1.1483972182421982,0.7587789305622024,1.4517392531941042,0.5709290524496358,0.3225634107877808,0.48513251475412517,0.49715293922736253,0.42510854979695306,0.33417331224373853,0.8174271474912248,0.501747163330058,0.7364819540235978,0.7117982650135857,0.6612560564356976,0.5073100781722314,0.8625821139995892,0.4743619391483811,1.0808063721040384,0.7511182544659122,0.6251648801013913,0.7444906995013447,164098.0,241204.0,19.361702127659573,104.0,0.0009252833680314596,0.42660497397339503,0.6772700983227299,0.5421204990262376,4811.0,15.285276884291362,0.0015567053727241192,-0.00010257634006991709,-15.176066641323454,0.0017299063066215591,0.035126740341861445,0.004664466365806485,0.0007168782735207385,6.76738090611921,10.009538688184515,11.34093272005516,12.185202927535553,12.813075481800176,13.32717910632468,13.745984433870326,14.106885291020086,14.387865681973766,14.625833686792422,14.87530917714932,15.12023570464012,15.30797169901386,15.471711364466971,15.624857310576596,15.662867192371833,15.75418224283732,15.77723091360322,15.839613561817746,15.839613561817751,288.8425925925926,822.3306358381503,1373.289351851852,1891.7768786127167,2436.0555555555557,2959.8335260115605,3417.662037037037,3794.576878612717,4048.75,4204.402312138728,4411.931791907515,4657.893518518518,4594.994219653179,4370.678240740741,4155.906358381503,3463.425925925926,2878.277456647399,2070.4930555555557,1297.0,432.0,8646.0,2771.0,1.8186040642045733,0.3013061435636114,0.8311738159689095,1.0119662960984757,1.1625272207280828,1.3226182477756603,1.5008869037685921,1.6923205077877315,1.9564499038775083,2.375588168540345,3.2672503848238152,10.231273420519106,1.2620162494758431,0.20252504297765
35293,26.00890347088589,4.732260160263763,1.0,0.647480605031763,1.0989911481697014,1.0495077088988862,0.6734460042629117,1.1959057559361141,1.9978497674676838,0.43840466679679496,5.809254674476121,1.9036065676580607,0.650987108129968,4.857619127293885,1.1487294913130084,0.6939577578889511,1.8736582871909926,1.0945412611768452,1.030457903820351,1.5667273762089697,0.9387366169649265,0.6189041135223641,0.9393991657339104,0.8944542369772799,0.9190107441497944,0.7855127053875418,28299.0,45747.0,13.806451612903226,98.0,0.003023758099352052,0.378133102852204,0.6430423509075195,0.5987539033639854,1232.0,25.217324929461544,0.006259894867887667,-0.0006022000820948035,-10.395041538539978,0.009194746460943011,1.4247838539524098,0.08266314248673763,0.00390497067097844,16.18439006967396,20.28955174813822,21.69815930239388,22.53406537403153,23.117425791772668,23.58342114399057,23.93709223280587,24.240165902081753,24.423690303869066,24.735631659018,25.004065690427776,25.215775742422217,25.41223488280269,25.5145910077212,25.682883909869197,25.87882640885251,26.008787899270946,26.00890347088587,26.008903470885887,26.00890347088589,71.19047619047619,208.33766233766235,372.7758620689655,535.1471861471862,685.801724137931,842.7792207792207,934.5258620689655,1049.5974025974026,1013.3879310344828,1098.077922077922,1165.5887445887445,1187.6896551724137,1179.3073593073593,1052.5344827586207,993.7619047619048,936.1465517241379,810.0,578.5,347.0,115.5,2315.0,637.0,2.3802719231473293,0.4230443617586941,1.1294763776744121,1.4575412118342994,1.7122881512913932,1.9231089093099443,2.13776455655959,2.410422698277,2.6931468702020793,3.10658188812412,3.8613875153271504,7.975646912372643,1.3810529780867213,0.674241829710081
35294,21.00946398932287,3.303010563845479,1.0000000000000002,0.5890098515548988,1.3859368143105597,1.180296883543417,0.7483357032881894,1.6662971653885557,0.9688567630806869,0.3667589323753855,1.4622665386829004,0.8208585285526153,0.4900994710847626,0.8775544777104158,0.7614220837302585,0.48249941047612666,0.7554159737460148,0.64511064491195,0.6447633172599179,0.4533500923107332,0.8236249386286705,0.48342110210007383,1.0607634581182894,0.6978116693454555,0.6459949725449687,0.6365992094038851,127805.0,177407.0,13.6,82.0,0.0017868745938921377,0.44516653127538586,0.6878960194963445,0.5344113942625899,3484.0,20.278373989179432,0.0021411246667076547,-0.00020486676442425423,-10.451303180996431,0.0028767592892733375,0.3018888891883981,0.015247368724204914,0.0012320453751855694,11.950862043982024,15.24847621413327,16.589590194489812,17.461234595327703,18.097989795835947,18.57770918935121,18.974832466848554,19.317993934460198,19.596601863874675,19.866615642678404,20.11527282421161,20.288060336639422,20.4163066215548,20.600311134579947,20.74761013614309,20.845913168664314,20.953991465757206,20.986641181874,21.009463989322857,21.009463989322864,212.8471544715447,616.1363636363636,1000.0260162601626,1388.7597402597403,1772.339837398374,2137.538961038961,2434.487804878049,2714.116883116883,2915.042276422764,3151.4935064935066,3370.6428571428573,3355.0439024390244,3126.8376623376626,3035.8650406504066,2831.7045454545455,2434.7089430894307,2056.2337662337663,1498.8439024390243,923.5,307.5,6156.0,2088.0,1.9270615927342234,0.30995416591444946,0.9549509865594555,1.1355890289973647,1.3029669332384601,1.4769151288469435,1.6678663481612364,1.9064652544873004,2.193689036508937,2.5292828954394464,3.1633274694738414,7.866731368644457,1.0435621607467462,0.164491158570163
35295,18.704973287560108,0.38893640633354465,1.0,0.8118392855939572,0.6985961698190254,1.0467694282140156,0.743318241839143,0.8718055043184011,0.5778806790226206,0.4377340274509445,0.20903592089425885,0.5520610971688322,0.5888918135089598,0.23977357318670323,0.7654837000506836,0.72652060621862,0.24454004039468885,0.7312820564092533,0.9774018251200701,0.2804983900461563,1.2614953425010575,1.162209850472851,0.7540353304426348,1.2051320075839476,1.563542753366677,0.8649123304539791,10687.0,15823.0,7.285714285714286,70.0,0.0076726342710997444,0.4814340588988476,0.7029449423815621,0.5333452893780277,214.0,13.733114006319003,0.042660426979466974,-0.022345145505142636,-1.9091586120864088,0.023452031858164617,0.08993241359982754,0.015724921273008015,0.019096268550723917,3.807959150461139,6.508519090615736,7.938833271557157,8.913267992277262,9.69893469280949,10.384714996723181,10.987918601878727,11.568282590545035,12.011979872492585,12.517116340440504,12.939133719336452,13.457860510319074,13.916905876192068,14.360663056409367,14.891533740318295,15.33773811901527,15.830227234279555,16.47240112056791,16.998563652865787,18.158899147071565,15.884615384615385,40.06410256410256,62.52564102564103,81.26923076923077,98.01282051282051,112.91025641025641,132.9746835443038,148.9102564102564,175.73076923076923,190.9102564102564,206.73076923076923,206.65384615384616,204.57692307692307,192.45569620253164,182.5,183.52564102564102,156.67948717948718,129.9102564102564,79.96153846153847,32.949367088607595,782.0,102.0,2.480425141131639,0.3337014544878679,1.1332918175550573,1.4424616903678606,1.6715367883108467,2.0407368681051565,2.320665943334272,2.7027423040314265,2.9731338694755043,3.376546047969398,3.7795466307794383,6.8433679991561025,1.4180564568352887,0.343130885048304
35296,23.08298728371417,2.113184337738118,1.0000000000000002,0.6755972601842527,1.0436056711008652,1.073190493107144,0.7532721486059227,1.1947049666472223,1.8720208029719618,1.3474427885903826,3.049735393566836,1.744350900418445,1.788786152633001,2.552710065419336,0.5562619696601143,0.3760676463630141,0.3445153645291086,0.518325472721625,0.4992453883486874,0.28836857144399786,0.9703714209467531,0.6597565957989858,0.920002963412911,0.9041930833148688,0.8758542274793968,0.7700670785648233,37593.0,50087.0,4.0,36.0,0.004753416518122401,0.41319857312722946,0.6623067776456599,0.5630491558578529,715.0,21.86938336515166,0.01312549628862919,-0.0015331794780529704,-8.560965285876147,0.012467183677750331,1.9087901378333831,0.03947031923757643,0.005150605296794244,11.908304279224378,15.187272820365592,16.656398734349327,17.725036449648393,18.587563319851025,19.225730270449752,19.809800346343454,20.312647149112536,20.784040643428597,21.171465789737674,21.53469729819381,21.812347054876486,22.036701116289546,22.285717950477014,22.484390792040113,22.76203324903054,22.98675338485636,23.082987283714154,23.08298728371416,23.082987283714168,36.63095238095238,113.91666666666667,197.08333333333334,251.55029585798817,316.6309523809524,386.5357142857143,438.7738095238095,485.68639053254435,555.8928571428571,608.8571428571429,677.7142857142857,691.8579881656805,682.5357142857143,679.6666666666666,628.1666666666666,605.3905325443787,552.4285714285714,420.5,252.5,84.0,1683.0,385.0,2.2802253735742073,0.35510812466038233,1.0872490886595312,1.3271809094243356,1.540608576910734,1.8347915020168353,2.087769026992866,2.319483179286983,2.6637830229542834,3.089936647252065,3.889695581542617,8.94068991001698,1.3140415419302445,0.578669226265047
35297,22.251573707192545,1.4404482209834175,1.0,0.6707399523178681,0.9142033127320387,0.8334581221194212,0.5632394641253468,0.669420769780433,0.7073924887106943,0.5363339176370797,0.35211787741618444,0.8487438899891556,0.95223071499429,0.5260038130153588,1.0513882554561702,0.7704188807418624,0.8889983927269355,1.2614770047264872,1.3678354053870214,1.3280113687218325,1.4516201817930712,1.0712655724226905,1.4262153380076148,1.7416834070819425,1.9019717911390608,2.1305214931938954,12725.0,19629.0,6.242424242424242,52.0,0.007707129094412331,0.4773384763741562,0.7145612343297975,0.5146354061913018,201.0,16.688403551474632,0.07351562296580692,-0.027969008057089385,-2.628467295506131,0.020068587739835227,0.047676040355458055,0.016316370088243822,0.01653105134359588,2.7422174244548816,5.3814046142894325,7.495150651781092,9.111595958981335,10.191356689973016,11.232925252217884,12.133306159623796,13.054529670068938,13.830574131975483,14.467257712443077,15.176499504928275,15.8416638901431,16.580370749458336,17.236421197865603,17.874932858291498,18.38364244262028,18.969912111914088,19.68516818907468,20.453295875122976,21.6303493325892,25.368932038834952,43.82692307692308,59.67307692307692,84.67307692307692,110.62135922330097,107.78846153846153,133.48076923076923,145.01923076923077,170.61165048543688,177.44230769230768,175.96153846153845,175.71153846153845,191.49514563106797,190.17307692307693,175.28846153846155,154.94230769230768,137.9126213592233,121.76923076923077,77.07692307692308,34.55769230769231,1038.0,116.0,2.1943131365613424,0.3173008851621212,0.8987251849795618,1.3464718471039823,1.550472294362446,1.6526888448756791,1.8640132944853205,2.120002998317207,2.5072437147214055,3.058137822834212,3.8786403628360473,6.943327415050673,1.5288214657417207,0.309461510533001
35298,50.78024603311186,2.442618987297424,0.9999999999999999,0.6973922301075307,0.9757288770994572,1.0198417361455205,0.6922868940774278,1.0923238811765923,2.239164451596666,2.0441649269571385,5.0467075932201055,2.1955999369662598,2.9527713790989547,4.6201567869999005,1.2966348946613173,0.8218080402388702,2.4091360397358264,1.271407953514369,1.1870917205995182,2.205514391153689,0.9702512171483816,0.6984595512946419,0.8085973259976466,0.9513742993255349,1.0089163282882019,0.7402541864475848,127259.0,186801.0,28.952380952380953,202.0,0.0009373535385096079,0.3853125,0.64328125,0.6021470028714314,1414.0,48.53194596513063,0.009365575800781177,-0.0021098255766349573,-4.439028469698759,0.0075527542259085055,1.1187510015446456,0.11043613260060778,0.0027069636852691975,33.44114918782618,38.491141752213004,40.00658716216199,41.02956683485173,41.80540833188493,42.428700399937824,42.95887531577358,43.43437162767644,43.89527481151619,44.36446962686281,45.670531597805834,46.63919858002015,47.32082127982248,47.92807399375296,48.39601871132855,48.71416110215467,49.35492731844804,49.86873851010877,50.48660608184595,50.78024603311183,165.5375,486.909375,706.3625,908.26875,1037.6875,1160.971875,1166.51875,1052.01875,850.125,549.1375,793.653125,1059.915625,1166.865625,1321.128125,1347.425,1093.815625,1105.4375,950.390625,777.0625,320.0,6401.0,1436.0,2.5287471177388134,0.4675856847306912,1.5138653394877442,1.7762799947942676,1.9851041130228921,2.1849492348391557,2.3718886513410578,2.5990042068964736,2.8603661671732654,3.2111855689371653,3.709013721710881,8.571010115586352,0.9088814781401031,0.0873018644982949
35299,21.998672841339932,5.149099270418695,1.0,0.6434802618016858,1.0864422078394855,1.0697862042616197,0.7164938343163242,1.1612281701851153,1.7965718521636322,0.7512446002693254,2.9437469223523847,1.679374668514864,1.0485011374677917,2.5350288581813443,0.9218257832474834,0.5809144665311506,0.9434032949824024,0.8616915974194485,0.8107738527651911,0.8124185403046253,0.9273933950407142,0.5834770366889566,0.9959779376522949,0.8668960128167039,0.8143503945790521,0.857693572395443,45047.0,64819.0,9.707317073170731,72.0,0.0029750836742283376,0.3950892857142857,0.6536458333333334,0.576305737025198,1400.0,21.296465089004048,0.005758114329151259,-0.0003925287093883431,-14.669281995000638,0.006268442548705818,0.7161437345088125,0.03459194718132249,0.002970901769937405,11.711195215272767,15.386670392987337,16.889115501009858,17.788404797668626,18.44743405430651,19.00280456404226,19.45700315554757,19.875637205727646,20.242345686575433,20.557883264465488,20.79992584451691,21.02686491551716,21.28485093670766,21.432172419242345,21.61493971588124,21.73009117526308,21.73009117526308,21.730091175263084,21.88093561216413,21.99867284133992,73.49253731343283,211.85130111524163,369.542750929368,513.8959107806692,652.0111524163568,779.085501858736,896.1417910447761,1037.6542750929368,1176.3791821561338,1285.7955390334573,1270.7583643122678,1310.732342007435,1371.5539033457248,1308.313432835821,1255.0594795539034,1126.0,857.0,588.0,365.8921933085502,134.0,2689.0,668.0,2.1912125926345434,0.38793478117516583,1.0680975024056631,1.3123606278458204,1.5377310141313925,1.7210882538254906,1.9124938173061783,2.1593919798630203,2.4408333483514695,2.925670154223962,3.731660908964097,7.57022002259038,1.3143676684686056,0.366475557384547
35300,13.927023605662445,1.406875852906287,1.0,0.6675925432412555,1.082564142364464,1.074810715123017,0.7446727344196792,1.2373534266706265,0.6041010860684886,0.4000923870299448,0.2830103054931735,0.562053464455224,0.5372727757270922,0.22872228693355257,0.910243500888396,0.6432474443807606,0.8324511597682316,0.8468872593852159,0.8637988402812158,0.6727674905367385,0.9371648320150707,0.6122446993386875,0.9467260580782821,0.8719347684469333,0.8221661288778186,0.7651217814344753,23355.0,38977.0,11.0,58.0,0.0028971511347175277,0.3685990338164251,0.6405797101449275,0.5979383410329082,1125.0,13.586720780193716,0.006112920013202912,-0.00018512024674348948,-33.021347587512864,0.006048380556887033,0.09409248407498881,0.01502928377474487,0.0027006854021986945,5.482172133126187,8.511859286582279,9.746641509266738,10.53052762637385,11.084582412406121,11.524026845795465,11.92744522367833,12.279120331405176,12.591556084792593,12.717388400436077,12.985180915911677,13.2300392760864,13.448429824361046,13.640964646218473,13.802026851265943,13.92702360566244,13.92702360566244,13.927023605662445,13.927023605662445,13.927023605662441,74.76811594202898,214.34782608695653,358.2657004830918,513.4009661835748,629.3961352657005,733.3623188405797,859.5797101449275,968.7826086956521,1065.425120772947,984.743961352657,1042.2753623188405,1083.4106280193237,1106.0144927536232,1077.024154589372,1019.0869565217391,932.0,725.0,518.0,311.0,103.5,2071.0,564.0,2.2951769335400205,0.4846354419944609,1.153535614317196,1.3967380861575645,1.641573485356491,1.8489856752132559,2.0493785463822043,2.302024627082003,2.6145479134581797,3.0460730163401046,3.7689160703214504,6.866312840068699,1.1955278399555809,0.751303691947833
35301,47.67776782413247,1.1624429719610978,1.0000000000000002,0.6972336478943987,1.023516073152449,1.0411000213955721,0.6808671577348555,1.1871657275873368,1.238754379873661,0.5982145390125847,2.460275107161246,1.1898514594333958,0.8786068357339428,2.0723939800395303,1.2317620212618783,1.0064746838292193,1.384929648464839,1.1831351416271492,1.4782247497112535,1.1665849310520575,0.927799705420824,0.6888483261531169,0.7629146599360015,0.8911724967377568,1.0117220640290736,0.6426353475402833,355298.0,452382.0,27.719298245614034,264.0,0.0009291089844838799,0.4623675896673481,0.6996840735922691,0.515652519978502,2367.0,42.276627438089896,0.0076339544121758135,-0.002163075928324335,-3.529212410999179,0.004322182201465468,0.07345979468484878,0.018081683783932188,0.001642879781551191,17.950036143154954,30.577622513628672,34.210230516416175,36.27052393550961,37.732972139003294,38.85724757976315,39.735214772357914,40.481235310465166,41.09184329649039,41.6550459345766,42.157054688017745,42.59090042761996,43.023140064630844,43.40888084210103,43.85463263569982,44.23442210164672,44.7710581634482,45.38696635061284,46.07945663043952,47.08151678804238,80.48698884758365,280.1914498141264,535.7546468401487,821.3871866295265,1080.9721189591078,1354.639405204461,1622.4944237918216,1911.9452181987,2076.3513011152418,2232.8977695167287,2320.468401486989,2329.338904363974,2299.613382899628,2144.628252788104,2029.1375464684015,1663.895078922934,1454.7955390334573,1170.6059479553903,851.3122676579926,385.5747446610956,10763.0,1988.0,2.396816534708158,0.3206564654508599,1.3838982250279124,1.6721736492437091,1.8866705194672009,2.108301748542586,2.2850123699956866,2.459188021547973,2.670238548543461,2.967919064722503,3.4442572726960132,10.383852430231531,0.8971541441672624,0.0702903831005096
35302,26.10330705155708,1.8791899416545481,1.0,0.6085857471351797,1.209532906366756,1.1280032551652663,0.742624882049008,1.3738226303646388,0.862361997541334,0.5454046156533874,0.7811466835601039,0.764503110777803,0.7344281464802771,0.5685935478823584,0.869240361968377,0.5374876584068403,0.9190708938815848,0.7706009339849135,0.7237673708478972,0.6689880291443778,0.8721431530326935,0.5068164204036416,1.0173843803634586,0.7731743228922808,0.6824662526863667,0.7405500228900912,850722.0,1198444.0,60.892857142857146,316.0,0.0002538071065989848,0.415973377703827,0.6715361403310867,0.5502790116314843,18481.0,24.725061830566883,0.0004074599458290883,-6.41251540801006e-05,-6.354135934240692,0.000683158496006727,0.14395582277107483,0.005347348066079446,0.0002576155530567139,16.128919337412185,19.739671005724965,21.052170499221255,21.911635108723555,22.548904087640015,23.03257436115086,23.45757742598197,23.809211652668736,24.12203171869589,24.400232796447508,24.63937135784598,24.815023388163414,24.978739221338067,25.088075453990342,25.223518590917354,25.430938647307894,25.547430798132158,25.554097946230037,25.650053431828958,26.073995976792222,1076.226234132581,3331.198815566836,5633.1407219402145,7899.008178228991,10123.663000564016,11901.061759729273,13681.285673998871,15189.419909757473,16376.00084602369,17492.351663846588,18218.492103778906,17851.36632825719,17140.430062041738,15370.28736604625,13688.970389170896,12837.010998307953,10629.461082910322,7150.5,3919.6331077270165,1693.4954878736605,35460.0,10869.0,1.9201859562577837,0.1700153552752165,0.8859652399735547,1.0839255362442644,1.252493966404793,1.4295491571606873,1.6129164329032797,1.8283769590029766,2.1078237972767373,2.5642157381872264,3.3958242707842743,10.796426558808308,1.284801786955822,0.0382541632838547
35303,19.996722722607295,0.27519600578532233,1.0,0.8701957024218411,0.7311609626785429,0.9899723407200923,0.7199810762723947,0.9073727484307814,0.5812609937580242,0.44465503287937513,0.20566111933224224,0.5871487210796444,0.6175926667149598,0.22665560508392435,0.8821761673470038,0.9336055953467655,0.4106935954489287,0.8911119342034556,1.2967085193132895,0.4526183932228358,1.1174572595704702,1.0848385416234538,0.6252159023023164,1.1287762431399315,1.50675979879924,0.6890397616454432,10556.0,16570.0,7.846153846153846,84.0,0.007891770011273957,0.40293453724604966,0.6523702031602708,0.5756627651175978,236.0,16.619995780123023,0.04673741166606809,-0.014214558510114937,-3.2879960100632193,0.022259059499799068,0.13031794231327135,0.023247944517164547,0.012012479834366537,4.824048020666285,8.092909606190211,9.909224075865053,11.162175751054658,12.021618723617246,12.913417134286219,13.720520443387136,14.40306597134305,14.935119375283954,15.354652475548248,15.865668523798867,16.353215769993067,16.81922974119308,17.186170819807597,17.515568751445038,17.826808028267465,18.31444298528649,18.637990778143845,19.038620664177273,19.922367449144733,18.568181818181817,45.59550561797753,70.56818181818181,97.38202247191012,116.89887640449439,138.13636363636363,163.56179775280899,187.6629213483146,211.38636363636363,216.43820224719101,217.23595505617976,225.9318181818182,231.58426966292134,226.17977528089887,214.0,182.73033707865167,183.59550561797752,144.36363636363637,87.69662921348315,41.61797752808989,887.0,115.0,2.578024617282609,0.4474142923687564,1.0832851433139825,1.4481050246247016,1.7821280852853023,2.099253280764473,2.577268995804964,2.7341177222456907,3.086679078613525,3.6112964398322616,4.241496874232105,5.362258573338506,1.356279850009135,0.33498391824076
35304,26.896566227970116,1.382216697448682,1.0,0.7924006933425343,0.9695246557998266,0.9261219435214371,0.5840964442789646,1.1525323815103121,1.2795314120169388,0.37962963577008857,4.413881287190592,1.3816014413304107,0.6499434117232485,3.829724316644807,1.1707827260890922,0.9567673968033067,0.8274537667617095,1.2641777190132975,1.6380298256812438,0.7179440508885224,1.0384032883408858,0.9380883896583588,0.6005180129586715,1.1212381864017995,1.6060505056085013,0.5210422046205202,8310.0,12836.0,6.8,62.0,0.011188811188811189,0.43557422969187676,0.6708683473389355,0.5559031572955598,187.0,24.04755169575419,0.086745453027915,-0.01520217702292111,-5.7061204390084646,0.035734383095968394,0.4071753078057258,0.05919599387688913,0.01618440991598234,8.052996726898455,13.304579083366448,16.1456477929947,17.732570015871286,18.569113938408172,19.35817786267703,20.16982628330587,20.882759012711237,21.573141001695085,22.237919717169547,22.974613141411638,23.441454324649968,23.871196309769523,24.187096305108312,24.58656731745683,25.03129926170553,25.351900217067445,25.712415187043845,26.155175640058,26.54254496790636,15.140845070422536,29.52112676056338,53.833333333333336,80.63380281690141,94.5,98.56338028169014,101.69444444444444,105.56338028169014,115.02777777777777,133.1267605633803,158.38028169014083,160.52777777777777,178.56338028169014,169.52777777777777,163.42253521126761,151.11111111111111,136.50704225352112,106.19444444444444,73.08450704225352,32.083333333333336,715.0,98.0,2.9764379921212574,1.0658618478349178,1.7137253205378156,2.1456014367720684,2.4003673935908107,2.571456528357409,2.9632305647551904,3.1658596013953737,3.3857584958875924,3.736248021149214,4.169243779534197,7.648447200213115,1.0599205173435755,0.67794329962926
35305,19.662639861344015,1.4442495267589595,1.0000000000000002,0.6372159313605844,1.1199509630965798,1.1149997612764504,0.7333411262584159,1.3464966832209126,0.7922074958121884,0.7445363909515541,0.39782383115584946,0.710500148363503,1.0152661078075051,0.2954510294108022,0.8330247881733078,0.5396793379704647,0.8107549282290467,0.7471075932963986,0.7359185495622834,0.6021217418001099,0.8901103123168588,0.5739817873165576,0.8741511361697563,0.7983053837588822,0.7826941197817086,0.6492040768186125,153317.0,218287.0,24.41860465116279,178.0,0.000914435009797518,0.4030572249804024,0.6591324797491508,0.572450878574975,4167.0,18.92112398065708,0.0017092150137382857,-0.00014125705171383376,-12.10003318773003,0.0023802443604109035,0.17522078820696108,0.010546234046022658,0.0009368792363938563,10.582417702864108,13.962761626670007,15.210044708598652,16.04198764733505,16.68978460419914,17.20162938640434,17.630310073543992,17.995384138791948,18.292790124284366,18.52766990051226,18.75883299427244,18.968772587232614,19.129558451187005,19.30197386432806,19.460290793566934,19.604863695257407,19.662639861344,19.662639861344008,19.662639861344008,19.66263986134401,247.20261437908496,726.2679738562091,1216.439947780679,1686.792156862745,2131.0535248041774,2570.142483660131,3005.7036553524804,3446.9986928104577,3785.7219321148823,3931.716339869281,4059.0117647058823,4085.896866840731,3930.0901960784313,3828.7741514360314,3613.257516339869,3279.1083550913836,2679.0,1913.5,1148.0,382.5,7655.0,2099.0,2.1932652263206727,0.24005829863088185,1.1326296997042211,1.3622406021955038,1.5381047327726496,1.7395082374051778,1.9342331575018685,2.1799321483897103,2.473426012564081,2.8623113280199406,3.512620983976027,9.989791032285737,1.1887420562813125,0.150774017497897
35306,15.196917403191915,1.17796720500569,0.9999999999999998,0.5856695854144058,1.32028042399723,1.1969086504921032,0.7635448215043568,1.6502615577928377,0.4846227383297809,0.34388616636579084,0.1666633719144605,0.4048953427903881,0.4503811127790206,0.10099209493637266,0.7443882591903775,0.46057720433345495,0.6883887797991599,0.6219257074333333,0.603209125858536,0.41713919623738543,0.8204744607957309,0.49561748393797755,0.9673199516629807,0.6854946369202001,0.649100707619886,0.586161597896478,90001.0,131889.0,17.85,102.0,0.0017357762777242044,0.4236111111111111,0.6776620370370371,0.5469596037813635,2367.0,14.526944060752474,0.003136600238513141,-0.00025544381698197117,-12.279021960960273,0.0027042728005760466,0.062277361380947895,0.006136630399726273,0.0011842784998489704,6.516746539613546,9.35457469806349,10.543681494913086,11.236579998558856,11.817724228492922,12.301184425888795,12.674758067686051,12.963862811594582,13.200685951602116,13.311961510171608,13.720067846634569,14.066857930185282,14.366749985699624,14.593671175304033,14.753816981166128,14.972101121778307,15.153033092656123,15.189550019709195,15.196802322630502,15.196917403191916,208.28378378378378,565.7355212355212,908.4797687861271,1224.2722007722007,1560.5472061657033,1846.5579150579151,2059.9094412331406,2112.7779922779923,2102.115606936416,1776.1254826254826,1994.69305019305,2182.0173410404623,2264.0752895752894,2254.450867052023,2073.415057915058,1949.4084778420038,1742.7702702702702,1286.0,777.3571428571429,259.0,5185.0,1774.0,1.9023994748475765,0.384248142999111,0.9826959951768361,1.1823509381791615,1.3632111863398853,1.531248581233154,1.6920965097856877,1.8985302243248252,2.114268288336477,2.4308548353163246,3.017620712641868,9.063702766555462,0.9310039857099743,0.246791259720922
35307,19.548000798493202,0.35181381453175975,1.0000000000000002,0.6866751484459438,0.9812569681470722,1.0152724132168987,0.6782355773540246,1.0830260472720294,0.8284179819944383,0.6354573253712203,0.4815428406170132,0.8159563593081283,0.9369271483078292,0.4446272015617197,0.8515407622308452,0.6113451493083766,0.6688438508666678,0.8387313110702295,0.9013758194363599,0.6175694966444982,1.000381278552418,0.7072439479545196,0.9022996176692517,0.9853328678385952,1.042770346423973,0.8331282704991271,196803.0,340441.0,75.21052631578948,520.0,0.0005411621457079077,0.3780949803815451,0.640644026518739,0.606699225105084,6977.0,18.65708753760436,0.0010858215471968285,-0.00010605852383443908,-10.237947012083936,0.0012986190626411475,0.08030353589821669,0.004464781314922846,0.000492158735929801,10.200563328097038,13.373370962954759,14.707341869574563,15.560832737495273,16.22900796641197,16.74925197576708,17.146181564036137,17.492304835488476,17.81207862376852,18.107992817328217,18.368064083466486,18.622665671946205,18.81928541798449,19.022913413864217,19.204150745748535,19.355170907057296,19.52038460948204,19.548000798493195,19.548000798493195,19.5480007984932,474.3443843031123,1385.119756427605,2312.7273342354533,3157.0892494929008,3998.7679296346414,4745.619079837618,5307.456698240866,5799.2197430696415,6226.790933694181,6567.084573748309,6698.117050067659,6882.720081135903,6721.521650879567,6573.539242219215,6289.604194857916,5751.2616632860045,5049.432341001353,3695.5,2217.5,739.0,14783.0,3480.0,2.519671160772289,0.2647929330944867,1.3122395057363965,1.6113746151360653,1.8569326918318232,2.081399957488053,2.3369262383604847,2.6200589625058854,2.9101709890010703,3.3669340452136933,3.980431362042975,7.946872473494815,1.1872057485684813,0.107668987396173
35308,20.86798701819085,0.5886581280012313,1.0,0.6538662736765212,1.1753794187082474,1.0679783854847273,0.7000635036866507,1.3628679308484033,1.203487774672951,1.203487774672951,1.1564708496692389,1.126884018468894,1.719112292435164,0.8485567995934283,0.8796945778695084,0.5672343615210941,0.882145716496593,0.8237007319864794,0.8102612956309587,0.6472716075632109,0.9362305779270755,0.6182543873837351,0.9864740536553128,0.8766381329919379,0.883140435300376,0.7238221923977767,15951.0,25869.0,9.2,80.0,0.0035310734463276836,0.38515901060070673,0.6508833922261484,0.5813446489474725,701.0,20.246555920277476,0.011268927457917643,-0.001231524906102767,-9.150385349151263,0.014331681194480295,2.2788811211602904,0.05928522060962353,0.0053557497593107175,11.84112015938336,14.69151877583189,15.893787841334147,16.703363941447737,17.35850237817416,17.89394810584802,18.341990766637785,18.667105075751717,18.9717317026214,19.284414120226398,19.500644422075254,19.682365253481347,19.97147288530665,20.18665435810443,20.2590740190456,20.264126376299018,20.27619185276496,20.619470808385064,20.858179256215056,20.86798701819085,54.0,154.00704225352112,243.39716312056737,320.1619718309859,401.9574468085106,472.13380281690144,533.7517730496454,561.9788732394367,604.0992907801418,629.8380281690141,644.7112676056338,624.2340425531914,663.1619718309859,682.0141843971631,598.2183098591549,463.0,325.09154929577466,279.74468085106383,209.27464788732394,70.5,1416.0,387.0,2.298073226900018,0.744063193106643,1.2526909350282744,1.4309410669634886,1.6920910765480552,1.8791025996550945,2.10211464068034,2.2898495554875247,2.5587227131060346,2.914406711902095,3.4637517928673747,8.644614346517656,1.1942290330356957,0.605801367789973
35309,14.353228867244152,3.6566584178891803,1.0,0.680388179014352,1.0601007923055172,1.037508702526019,0.7022739552215886,1.1143136199817447,0.6875740474660573,0.3224644389773202,0.7105299941340443,0.6627164146112925,0.45917186103758173,0.6376391541778736,0.7955026768727429,0.5593489411928152,0.593471757435234,0.7667431366464061,0.7964825365285314,0.5325895212920009,1.0197913337129596,0.7043622336657187,1.1152059734895412,0.9829231612516377,1.0029735951740815,1.0008008100159551,17369.0,27215.0,5.878787878787879,40.0,0.004901960784313725,0.4036440084092502,0.6608269096005606,0.5740219292017213,671.0,13.858996185479912,0.012047911029613664,-0.0004188215673190491,-28.766214468692414,0.007495844743766624,0.11950570107460678,0.015412973905724636,0.004402565097756606,5.084462021206373,7.575093514948687,8.953697726718566,9.810256089033786,10.527277601089125,11.184819824645093,11.724096123840862,12.151071828103337,12.506531854840285,12.783474238015534,13.006942637739439,13.297597605277968,13.59770094402357,13.859368701939555,14.083783268908935,14.313074958709354,14.353228867244143,14.353228867244146,14.353228867244146,14.353228867244146,50.86619718309859,126.60839160839161,186.88111888111888,252.53846153846155,318.8521126760563,373.45454545454544,440.958041958042,504.0699300699301,558.1478873239437,597.2657342657343,594.6433566433567,620.6083916083916,637.443661971831,653.8881118881119,644.3426573426574,622.013986013986,499.5,357.0,214.0,71.0,1428.0,305.0,2.335389569995648,0.29683228652172955,1.1605171531736005,1.4413928463810628,1.6432032166890127,1.9018960729072407,2.137477163562749,2.4658173204414044,2.702195257104702,3.1426767271647904,3.7224672916551604,7.437982859417751,1.2175440741089125,0.795763928270899
35310,27.046095778560122,1.862042968450759,1.0,0.6266755120189493,1.1630218485780586,1.1597719453872182,0.7825931239654456,1.4075118230449113,1.7509260666991744,1.6936448453424926,1.1860114561808368,1.5097158313435362,2.16414480715176,0.8426298356877058,1.1269049387603147,0.624834582955456,1.7650835215340037,0.971660802145089,0.7984156310873041,1.2540452539258584,0.8307800759070227,0.5039979747909697,0.8436140052099365,0.7163305503390552,0.6440102262043682,0.599365484110053,54330.0,73100.0,7.045454545454546,50.0,0.0038095238095238095,0.4112042682926829,0.6657774390243902,0.5611192034665236,1580.0,26.71478112295682,0.0046122450379663055,-0.00014454511228444841,-31.908689024987087,0.00959758110141363,0.8862898555765802,0.15954044249574606,0.0034891931902562663,17.678144498883146,21.610440981485905,22.92859667135875,23.73542349642143,24.36848884312494,24.830568631170753,25.193427200091893,25.490836895838548,25.834314314743427,26.09612174626746,26.311145637386844,26.509479144464905,26.68747455588167,26.7986746939768,26.99177723387149,27.046095778560108,27.04609577856011,27.046095778560108,27.04609577856011,27.046095778560122,78.72137404580153,267.7824427480916,443.20532319391634,610.4083969465648,781.5893536121673,951.6068702290077,1108.3155893536123,1201.7977099236641,1351.5437262357414,1461.828244274809,1512.7137404580153,1530.7718631178707,1544.0877862595419,1422.5779467680609,1380.0725190839694,1181.0,918.5,656.0,393.5,131.0,2625.0,789.0,1.9659176013462816,0.4067047973020353,0.9484820537462856,1.1675128440141336,1.362839374151061,1.4991125889165315,1.6716116565062185,1.8996261560884837,2.214617680043948,2.6309609443021253,3.4406770735925667,7.483828939383582,1.121809041455186,0.733626771278214
35311,18.595255684074772,1.2826927641723633,1.0,0.6294503199693715,1.1310758525124274,1.1637243989487251,0.7651354889068159,1.4248312877056244,0.5589895352962765,0.4660665655636242,0.24958667944471352,0.48034529120576264,0.609129457881394,0.17516928607499746,0.8746258653501886,0.593495480011604,0.7754712832435418,0.7515747423877167,0.7756737056590567,0.5442548110325867,0.8332447252454306,0.5580087525066446,0.7932623615773977,0.7160155153558349,0.7292940408552964,0.5567412566120521,44442.0,65626.0,10.756756756756756,76.0,0.003423354887790034,0.4482496194824962,0.6872146118721462,0.5385485054410231,1062.0,16.47504063893717,0.007335731244330358,-0.002373598918817674,-3.0905521510704084,0.006587733226751297,0.16306766283822616,0.01368897180733356,0.002882240395959555,7.6474219580696206,10.919785206824397,12.42460755893314,13.379493565526488,14.052737849053516,14.621747513378933,15.107403276228737,15.423125293888067,15.746660815095677,16.102047654511463,16.393385624286683,16.636830437678732,16.809730079685156,17.13751021083412,17.428253111836806,17.640535369165033,17.924199864376508,18.188557235083483,18.439518891949042,18.59524902988305,77.4618320610687,207.86692015209127,333.06463878326997,460.8250950570342,601.1254752851711,728.5817490494296,871.9198473282443,931.3536121673004,956.9011406844106,1017.4676806083651,1036.5133079847908,989.231939163498,867.2357414448669,861.1564885496183,835.2395437262358,714.6425855513309,628.8517110266159,502.4296577946768,349.0874524714829,131.0,2629.0,773.0,2.13514275134572,0.5829038401685682,1.2319593626560579,1.4584561953806932,1.637638910016074,1.8340156480271637,2.0025362566858895,2.1933000239473928,2.4044342004676964,2.6619249050156335,3.2208915406014187,6.465801344887332,0.696398936791508,0.20204686956713
35312,17.61392362583987,0.866232287599248,0.9999999999999998,0.6601324053284876,1.0577815727932025,1.0968233496030824,0.7256967167796493,1.2982448467967758,0.7628930662761926,0.6246342777541746,0.5079280720457366,0.6955477986060998,0.860737362194569,0.3912421245491349,0.7927162914165167,0.5770998293414775,0.6396930469998349,0.7227383440582152,0.7952355522599233,0.4927368274006105,0.9228431953423878,0.6364773536206323,0.8250448025633971,0.8413781450553051,0.8770569563068485,0.6355078586285717,61016.0,98946.0,23.176470588235293,112.0,0.0015779981965734896,0.3959413754227734,0.6543404735062007,0.5851933410363275,2199.0,16.36855228801093,0.003277248901379452,-0.000582765267437446,-5.62361740566708,0.003776255093177141,0.16422516425825262,0.009335710106524543,0.0015562104953627583,8.316142501949644,11.258253280686619,12.378375901411117,13.220423099330596,13.898824243743954,14.419880245542641,14.840634778781803,15.183668490452026,15.540358641552192,15.853810138357796,16.10154778239414,16.324116064521483,16.478246304894487,16.644986599650064,16.808468889126825,17.05555095340246,17.09136092643213,17.20358658041045,17.451951155587967,17.613923625839867,148.5079006772009,425.8333333333333,689.1512415349887,941.927927927928,1173.2302483069977,1380.509009009009,1576.6365688487585,1753.5765765765766,1916.2866817155757,2079.612612612613,2163.545045045045,2157.1647855530473,2027.7792792792793,1914.2099322799097,1708.9504504504505,1647.1647855530473,1253.7927927927929,897.8532731376976,588.2027027027027,221.5,4436.0,1142.0,2.241938567390293,0.31455587265715723,1.2090890756026915,1.4872363010417344,1.6691605705255548,1.8462697857770929,2.0698019567540844,2.2711411834427913,2.5283256456960173,2.861732614555452,3.482248089822429,9.728426641679498,1.0020215893083817,0.18001656005159
35313,23.90414432453424,1.028965676703583,1.0,0.6437268643314396,1.1006865025038408,1.0669083083307456,0.7060029313408023,1.1758163326482598,1.278712579967578,0.8538828666893111,1.045868498695149,1.1985215317783169,1.209460795109821,0.8894828806634852,1.269951617693174,0.8007952984369451,1.7500308338699904,1.1903099898810463,1.1342662514390958,1.4883539080703554,0.9194039193624847,0.5841628773850442,0.9837851126206298,0.8617459552835969,0.8274227364405329,0.8366826393752134,68682.0,105898.0,14.052631578947368,72.0,0.0019255455712451862,0.4025251444468222,0.6603894714316285,0.5828713923591512,3084.0,23.51031941482669,0.002322263510888401,-0.00011822357624508464,-19.642981414081127,0.004895180536663954,0.6982387475851765,0.0445605906180324,0.0017730631701511985,15.050368703899277,18.743837697904272,19.99442895029611,20.804562619738455,21.3811958372574,21.859565063105823,22.238531273464876,22.576706698773148,22.864733016892757,23.125250237444508,23.33097003190171,23.501107721895025,23.527660920211257,23.678516884125273,23.876084910606295,23.90414432453423,23.90414432453423,23.904144324534226,23.90414432453423,23.904144324534236,155.90792291220558,485.63169164882225,817.3333333333334,1160.6488222698072,1483.6188436830835,1787.051282051282,2080.147751605996,2373.370449678801,2610.2991452991455,2814.7387580299787,2931.421841541756,2956.7478632478633,2561.758029978587,2481.1434689507496,2502.4102564102564,2103.0,1636.0,1168.5,701.0,233.5,4674.0,1338.0,2.1798041797795435,0.37321194704606986,1.0124666218663434,1.233614568444598,1.4234646922171028,1.6162504561455668,1.8495619738919018,2.115467919318886,2.4722665742775556,3.0081682407413766,3.7760830887923817,8.1278111178178,1.4647034323400039,0.333588144760579
35314,16.682083403955325,1.3309134820727881,1.0,0.8329203587803923,0.8086228701950537,1.0326338648409132,0.7820324622626343,0.9360291245814916,0.45788558116503814,0.3237606657703963,0.16267294844248795,0.44341522852882576,0.4139990107746524,0.17379047742261303,0.761245957497867,0.6434770959286589,0.3260452108869477,0.7371886429612146,0.8228265794323975,0.3483280619422242,1.1909389912401738,1.1339270864593207,0.8842298033196345,1.153302280497695,1.449974446301831,0.944660566747838,8808.0,12408.0,2.3529411764705883,26.0,0.014336917562724014,0.44344703770197486,0.6840215439856373,0.5504230891363738,173.0,13.205215738225306,0.058548769167269865,-0.020438607400255427,-2.864616361608774,0.02756044869278732,0.11341500551412466,0.02628257042496773,0.018341224427738622,3.11653251947776,5.845995785917694,7.570080843491072,8.756266468180357,9.593969296014746,10.282060909696478,10.862240418013938,11.421488024211685,12.025996968930999,12.530369300176005,13.008537073470645,13.399559315526641,13.781933946901102,14.105153091854643,14.44717269274827,14.868402826287143,15.225394758320652,15.606776481255954,16.08610386126271,16.63664343379263,14.163636363636364,24.071428571428573,44.0,62.214285714285715,80.43636363636364,100.89285714285714,111.78571428571429,125.53571428571429,137.43636363636364,145.07142857142858,159.25,167.60714285714286,159.34545454545454,162.17857142857142,156.57142857142858,141.25,117.03636363636363,96.71428571428571,64.78571428571429,25.642857142857142,558.0,77.0,2.3749114811026217,0.5862100164440938,1.2481783168382492,1.504788915984385,1.6967962652009323,1.8189094802072197,2.209580491618145,2.50909334836851,2.81273502036181,3.184398879540102,3.9198692529977137,4.783826804839194,1.0597319826344658,0.634835227818694
35315,16.80830133098275,1.344080126731825,1.0,0.661364676597264,1.1318380849710394,1.0573206512170261,0.7057327221230691,1.2598047537219257,0.7622266177024531,0.3849437994055848,0.7054756601106278,0.7209039347005038,0.5454526725748965,0.5599880918264467,1.0123128714201413,0.690877558675224,0.9693177776789575,0.9574322323648188,0.9789507231531563,0.769419050702291,0.9374126761387087,0.6233313950450322,1.0034006207130293,0.8865926103492846,0.883240036213501,0.7964731183531539,44689.0,71269.0,14.971428571428572,74.0,0.0017201834862385322,0.3756811012331517,0.6375107542299971,0.5990699291268504,1988.0,16.355559653537014,0.0036745031048020576,-0.00013568471396812817,-27.08118694685965,0.004434821108187819,0.1333636468965445,0.016208088507758057,0.0018058976307136043,8.08624626015129,11.486847774472999,12.7583203543724,13.569405694672001,14.207817418958566,14.659094740810847,15.043151668037433,15.365918062611815,15.569700003673283,15.789615655348067,16.03610214602091,16.263483280798393,16.40331596369259,16.598115572417623,16.773172723512182,16.808301330982744,16.808301330982744,16.808301330982744,16.808301330982744,16.808301330982744,126.75287356321839,366.9799426934097,614.7936962750716,866.9398280802292,1118.1896551724137,1323.0458452722064,1522.32664756447,1695.779369627507,1687.7298850574712,1725.1404011461318,1844.1060171919771,1940.1318051575931,1863.7528735632184,1885.5214899713467,1858.2177650429799,1569.0,1220.5,872.0,523.0,174.0,3488.0,945.0,2.3700747925578853,0.35327916179477276,1.0890843613578116,1.4155876710492834,1.6458987397712714,1.9116174036951703,2.1250476271365253,2.3765426062765584,2.7159312156576716,3.178789563562022,3.859784775629354,10.142906663791333,1.5072407614705774,0.407415605809074
35316,17.298850269915345,2.7226701449278528,1.0000000000000002,0.6678494042705995,1.0508594784474725,1.0006429743690157,0.6413280292595552,1.132658811460977,0.9937249327384049,0.8332528805669578,0.5823823367443504,0.9930864036346498,1.2992615986689202,0.5141727860600455,0.9307651292995303,0.666556090286115,0.7508807154702435,0.930167055723797,1.0393372188265133,0.6629363651898922,1.0102683996659947,0.6911316794328164,1.009802452172305,1.0096192403719704,1.0776570614428966,0.8915327739955478,37277.0,68937.0,24.333333333333332,174.0,0.0015690376569037657,0.38817682448339,0.6442584357834161,0.5998300825095335,1936.0,16.21936260804842,0.004190242604744908,-0.0005148926976858481,-8.138089010735017,0.0038127596455630377,0.09587323782931084,0.011220105971405775,0.0017725746251338788,7.282079942336199,10.799392872931989,12.209148513167163,13.190823710988479,13.873755853105832,14.404290555644625,14.863112617008726,15.29113165520873,15.651271641107519,15.955374524783965,16.205925676725666,16.312602949695272,16.6104244191041,16.831585353035496,16.912879876284077,17.01671289680346,17.283690160894672,17.298850269915338,17.298850269915338,17.298850269915338,111.782722513089,310.369109947644,516.2114882506528,733.3010471204188,960.9450261780105,1152.8616187989555,1324.107329842932,1506.6884816753927,1680.911227154047,1792.369109947644,1863.693717277487,1656.2349869451698,1783.541884816754,1805.3219895287957,1585.0,1329.2120418848167,1318.0078534031413,956.0,573.5,191.0,3824.0,856.0,2.3725616669319014,0.25673819415296606,1.1264577421003428,1.4122096320114714,1.6772931592644793,1.9670425309783346,2.260910876748329,2.488850547183737,2.8013945202708395,3.2186799856586292,3.8038143806045213,9.61849466280416,1.219356453734475,0.293070282342378
35317,29.096057472563988,1.1082770076365196,1.0,0.6655880552381894,1.0314139433852776,1.0498776108047652,0.7140515705961692,1.111561054869915,1.2968158301751345,0.9632707660228067,1.7385302272847782,1.2352066725006958,1.3490212831806556,1.564043845966011,1.0677948161712283,0.6863243300886771,1.3992504175167242,1.0170659943426443,0.9611691344865437,1.2588156191568596,0.9350314679195671,0.6204090042982805,0.8909022848399963,0.8906099704353494,0.8688574184919088,0.8014874944896822,31408.0,42434.0,5.7894736842105265,58.0,0.003861003861003861,0.4352865421764327,0.6773985833869929,0.5474447541340027,616.0,27.656494935753923,0.019384709974545864,-0.0027694985026433957,-6.999357449026888,0.018021751748182532,0.7046583895347815,0.06991949062476395,0.006909231163968538,12.564078449513715,19.25569812902579,21.58086897319319,22.99849576405148,23.907821476641367,24.657377117667956,25.276138473931333,25.83213543015139,26.288479962532854,26.72232080102133,27.07038264972247,27.408584516978117,27.658618592779618,27.886115537620736,28.136300861456704,28.344936632026364,28.580040000863836,28.81146673601863,29.031350676737482,29.09605747256398,26.496774193548386,67.61290322580645,122.41025641025641,179.83870967741936,242.3741935483871,292.53846153846155,345.78709677419357,405.89677419354837,462.38461538461536,514.8322580645162,539.0451612903225,573.2051282051282,578.5225806451613,539.1354838709677,502.87179487179486,468.9741935483871,403.6645161290323,329.5897435897436,222.34193548387097,77.5,1554.0,297.0,2.276442260205634,0.26645642020859994,1.1639604648945565,1.5109749302421065,1.6807544792968685,1.872656134542745,2.111662208371402,2.3039836114371717,2.5564075879377173,2.985182521925042,3.52042651454762,5.921392933541883,1.0512863833433135,0.569734055793379
35318,27.637813835482888,1.4436125011539982,1.0,0.6475263039102334,1.1069484384981023,1.0580669393994249,0.6770510653120532,1.2427591528036335,1.8060262220721552,1.4446534489696279,1.3779985178894096,1.7069111176437322,2.133743705585614,1.108821862048394,0.9790766458650647,0.5951714051688604,1.395804936827735,0.9253447106293707,0.8790642769235516,1.1231499954587614,0.9344329825005605,0.6141364773540903,0.9225454088980317,0.8831511010361586,0.9070755646341602,0.7423364429196054,44069.0,63781.0,9.85,86.0,0.002730109204368175,0.4385485758876317,0.6831837690206789,0.5469343621354988,918.0,26.001225337425407,0.011300310273649954,-0.001994213093932232,-5.6665510361120734,0.01022013317765466,0.8245235660137329,0.046198951507865973,0.0038981178729706467,14.277272759840372,19.152198169801224,20.86926770752313,21.946534476072216,22.685811031921794,23.29464059045362,23.79874377701457,24.17110261286621,24.611390392322665,25.08275523740178,25.466021106110652,25.811221893985316,26.079120374600286,26.31466826071279,26.626805314935094,26.893869030170517,27.110274461157694,27.435063764439935,27.637813835482866,27.637813835482877,47.703125,163.71875,281.408560311284,396.2265625,497.453125,602.727626459144,684.484375,672.5859375,724.8715953307393,809.2265625,837.4140625,882.3618677042801,880.734375,830.9921875,805.2918287937744,740.1015625,627.703125,543.6848249027238,384.5,128.0,2564.0,590.0,2.1663984507450533,0.22520731494198085,1.2131857463782179,1.4425395549271365,1.6354099039751127,1.8348986559116292,1.989835417737303,2.1897288587536585,2.4132130181079945,2.742415670748826,3.3364787625067183,6.574918253946172,0.8890544466830335,0.449641606949735
35319,26.27306289252305,0.46362970882721954,0.9999999999999998,0.6610211135832686,1.1229051635149956,1.0203592969957107,0.6626751774474444,1.1493519243373236,1.2964213474290556,1.1125201297000478,1.0581113674824805,1.27055376595888,1.6788317528134358,0.9206156487644555,1.6110673213662272,1.0558853919258135,2.6934897437474,1.5789215878267238,1.5933679544071258,2.343485651968933,0.9108914486914439,0.6309224332335367,0.9173412062699319,0.8927163709620936,0.9520839993792797,0.7981377912590515,8990.0,12552.0,3.2666666666666666,34.0,0.015410958904109588,0.41509433962264153,0.6689536878216124,0.5561659004935023,220.0,24.67038226352663,0.06338327499487746,-0.006405619686632332,-9.89494820105381,0.04427003976620211,0.3639392676348109,0.19679234231013212,0.016988396410935247,7.011742584084381,15.20540982173192,18.761114450988952,20.360729798867297,21.385980029778633,22.18621232045657,22.98015971096516,23.562289917262987,23.966345077586666,24.35582349912771,24.650599027024068,24.865899548791322,25.08240269750867,25.478489214271324,25.686664798594823,25.9336104462719,26.139111674450206,26.273062892523043,26.27306289252305,26.27306289252305,9.706896551724139,16.53448275862069,40.559322033898304,63.08620689655172,92.84482758620689,111.52542372881356,137.01724137931035,152.18965517241378,179.03389830508473,199.43103448275863,212.60344827586206,212.27118644067798,201.98275862068965,212.01724137931035,194.76271186440678,189.56896551724137,176.05172413793105,146.0,87.5,29.0,584.0,110.0,2.270185115335045,0.6764075115070061,1.180548842407023,1.522588232552855,1.652711858952263,1.86842790075,2.1242398141823076,2.283677805984582,2.58603462887477,3.029444117170118,3.4464417296576726,7.104935317572441,0.9832976904622199,0.776754877199419
35320,21.083311866371268,4.094184168045395,1.0000000000000002,0.6207008739039863,1.219444838519768,1.0794888708834445,0.7111018052116234,1.322344552358813,1.0389404837106975,0.6388659443302367,1.6179249298407232,0.962437419906365,0.8984169912775157,1.223527504200513,1.019350533181695,0.6243835403454808,1.1425079740483948,0.9442899882306959,0.8780508441539742,0.8640017248230624,0.9116713122657002,0.5491350770716137,1.095058912416586,0.8445397973576108,0.7722313078760804,0.828119199692098,65769.0,101241.0,14.368421052631579,78.0,0.0015534842432312472,0.4148723640399556,0.6708102108768036,0.5629264009111317,2557.0,20.85710748182987,0.0031948625131715696,-6.072829676576036e-05,-52.60912430155438,0.0037711715201611262,0.1843636136368945,0.021513759338509922,0.0016945538067526075,10.753144229039917,15.161835843600983,16.626134388119414,17.59179603584942,18.26836361263042,18.78230748049631,19.142027331772027,19.502096781477174,19.77724985056044,20.03357604556589,20.278039680818267,20.466020448147678,20.7064930865384,20.885741925877657,20.970448243370964,21.061786369487685,21.083311866371258,21.083311866371265,21.083311866371265,21.083311866371265,124.64222222222222,380.2549889135255,669.9755555555555,958.0354767184035,1251.7133333333334,1557.5853658536585,1753.7222222222222,2011.09977827051,2107.7266666666665,2214.8226164079824,2327.3348115299336,2314.8955555555553,2464.3747228381376,2507.971111111111,2252.660753880266,1984.8466666666666,1577.0,1126.5,676.0,225.0,4506.0,1328.0,2.0965870720677113,0.22083262919727556,0.9230310076174114,1.1484292596037011,1.347512465669996,1.5749319821137264,1.77820659083577,2.025725439158019,2.3560026956598668,2.826208291764251,3.624503154535474,9.506004066583223,1.5981269522813375,0.382043726500124
35321,17.810712461706366,1.1599531620475045,0.9999999999999999,0.6721615592451687,1.0438306443014769,1.0481900737317587,0.716764764492648,1.1301527186308522,1.142808756160205,0.7072065335540181,1.315687484072698,1.0902686304704123,0.9866647589109718,1.1641678707516767,0.8506170650151132,0.5657047149070592,0.7927264980249351,0.8115103227287324,0.7892473834250006,0.7014330762176112,0.9616911869020728,0.6352100447860733,0.9666872218859756,0.9174778611271015,0.8862182912070153,0.8553598163769314,42024.0,67700.0,14.882352941176471,82.0,0.0021231422505307855,0.3932038834951456,0.6559466019417476,0.5909581769391495,2100.0,17.810130859969206,0.003470567108388925,-7.901657173894536e-10,-4392201.57494933,0.0050518080399450434,0.347053776563905,0.01828488650837428,0.0020090420077821074,9.267163807329924,12.356069200478705,13.67598804652216,14.548557200349377,15.164027351954747,15.614570660628939,16.012581917901336,16.378353914185364,16.657385067245915,16.949800113742793,17.153586002168634,17.350663696258113,17.553229652423028,17.760884040589335,17.810712461706363,17.81071246170636,17.81071246170636,17.810712461706363,17.810712461706366,17.810712461706366,125.14285714285714,336.3727272727273,542.8419452887538,751.2212121212121,950.7424242424242,1186.437689969605,1371.7969696969697,1572.0030303030303,1695.2492401215804,1824.6515151515152,1874.1303030303031,1895.8784194528876,1969.039393939394,2036.4636363636364,1813.0,1483.5,1153.5,824.0,494.5,164.5,3297.0,860.0,2.3351948956587827,0.2843237646325495,1.0403561316679135,1.3177504613296565,1.566493927297293,1.8421247745102183,2.1553464660041506,2.493066004241517,2.80964489539895,3.1940320022226443,3.963789435050619,7.809573640778145,1.3519375869103616,0.405144159251358
35322,29.60512829859844,2.0162357451467976,1.0000000000000002,0.6467861531848307,1.0653615283182551,1.1141962822747402,0.7337174109565401,1.3326713456567272,0.5968647821605193,0.3507353509284329,1.2491690847793169,0.5356908757063538,0.4780251166061096,0.9373421953210368,0.7527907070371807,0.47294933994581484,0.5918845539920623,0.6756356299271481,0.6445933173771023,0.44413392388232636,0.89860871919217,0.6029351817528853,0.7828320114951184,0.806508452314679,0.8217539515204426,0.5874156550648626,172234.0,219914.0,14.384615384615385,134.0,0.001531133038448452,0.444104134762634,0.6847030798026204,0.5321374842894181,2135.0,27.754226325047195,0.004556309882934669,-0.0008840128024127149,-5.1541220562634855,0.004694383623183877,0.3764925258750586,0.02139045506512937,0.0018301218213702046,15.711202845042614,20.552462583500272,22.290499930446643,23.38516126219586,24.20504130498359,24.89278643319616,25.467993625441505,26.003004777920776,26.436397231524243,26.838234114722255,27.186905251287527,27.516543306015176,27.81311071683112,28.042893036402038,28.298155930038092,28.50827870308445,28.747242371429017,28.98916731884127,29.239913101328508,29.5853064243705,103.72572402044293,341.5578231292517,589.5408163265306,810.3979591836735,1021.6695059625213,1252.6734693877552,1458.1836734693877,1664.0034013605443,1851.0885860306644,1998.7244897959183,2071.095238095238,2094.9897959183672,2109.182282793867,1988.561224489796,1878.9897959183672,1666.8707482993198,1432.175468483816,1089.1734693877552,699.2074829931972,285.6700680272109,5878.0,1333.0,2.1369936523255473,0.46407593950750914,1.2447274755806441,1.5192108064007868,1.677690683849261,1.842545827025898,1.9988388766331147,2.155915780156019,2.333529255791612,2.633389977983746,3.2034482205005714,6.658040238292955,0.7444118700508655,0.0917359349248
35323,35.252677820808636,1.690422099930549,1.0,0.7219066351460163,0.9700358921093201,1.0263942732313132,0.6816607766509626,1.1615440624685327,1.304817462983327,0.9335919136066808,1.5668891411654724,1.2712633897259353,1.3695843234423286,1.348970901573457,0.8183756123821395,0.6501398667955618,0.5276660859447547,0.7973306493670453,0.9537586568934407,0.4542798702128872,0.9844914737255165,0.7494826475976308,0.7888948105623074,0.9591747532126446,1.099495046905707,0.6791776877458571,67205.0,88549.0,12.476190476190476,90.0,0.00291970802919708,0.4370208105147864,0.6768893756845564,0.5500814935395526,772.0,31.551452090730873,0.015397497341575984,-0.004604222442168727,-3.344212304026584,0.01225347050780507,0.4887498914758613,0.05104246240936645,0.004693595860969981,17.68917562161862,23.76646269046155,25.71604429735471,27.180278472317607,28.267005622138687,29.191344367385977,29.89564365265827,30.48299378836231,30.92195805751074,31.31760007539713,31.65752260863742,32.02975971402955,32.36808040094108,32.700670377888606,33.03048222387482,33.32554187792402,33.726483753778325,34.13399032103947,34.471704637366955,35.0354589508234,38.98168498168498,140.35401459854015,217.9087591240876,312.2226277372263,407.0620437956204,495.2080291970803,588.448905109489,666.9525547445255,724.529197080292,750.5364963503649,746.3467153284671,736.2883211678832,742.6824817518249,724.9744525547445,680.3540145985402,591.3759124087592,522.7189781021898,424.65328467153284,271.4270072992701,116.67518248175182,2740.0,467.0,2.488398685419819,0.3260360947810454,1.4674116647163438,1.7375873337056562,1.9507455666016786,2.199023571201422,2.3638967792322547,2.59718683605204,2.8369929244701213,3.2133007982007484,3.6741830977212198,6.544085320239859,0.8267537700583487,0.180130758977029
35324,14.441939004101206,1.935983696046772,1.0,0.6614660800767118,1.0717249998533358,1.0711310774138654,0.6745991435471538,1.2848659741205566,0.5897489569264956,0.4053749686446801,0.342147609680196,0.5505852358895077,0.6009123677702162,0.2662905054469852,0.9053298322116857,0.6051106834153361,0.6541381288963627,0.845209191761582,0.8969929612325983,0.5091100099713483,0.9560061281532083,0.6566118621653702,0.9238848943890673,0.8925202044005536,0.9733363412126445,0.719051568799954,12754.0,20510.0,6.857142857142857,48.0,0.005429864253393665,0.411231884057971,0.6693840579710145,0.5750703833280241,465.0,13.981725424403368,0.018909555043512456,-0.0010422549593079168,-18.142926425669273,0.011327858068889885,0.09558541366423523,0.021440186389953902,0.005811759124590396,4.33964179166623,7.314830544255776,8.816151507813759,9.815983576666929,10.456824119058327,11.005850013281357,11.418310478811534,11.73893240674576,12.072169511167138,12.462351783403173,12.724027412705142,12.959967548420131,13.340696559309231,13.653135274881558,13.975448803282962,14.027435622792137,14.322113107182957,14.441939004101195,14.441939004101203,14.441939004101204,35.17272727272727,87.82727272727273,146.53153153153153,202.1909090909091,270.36036036036035,324.42727272727274,361.036036036036,372.42727272727274,396.1081081081081,421.26363636363635,405.8636363636364,379.45045045045043,406.04545454545456,433.4954954954955,444.2818181818182,354.02702702702703,346.1909090909091,276.0,165.5,55.0,1105.0,254.0,2.344212378697574,0.6749678738970573,1.2343158009659045,1.4607002817801376,1.6991593709060755,1.8668241376745218,2.066410371394794,2.2482516586962493,2.634386612281902,3.015828229784059,3.926093228390205,7.818136472264621,1.3181414721143394,0.618547899248079
35325,18.905024601176642,1.5907355352107913,1.0,0.6171998772193353,1.2500127844001903,1.061387857412199,0.6756957501877592,1.305696731775982,1.0774469627885075,0.6911206889459913,1.1001026411757835,1.0151302893321792,1.022828231129093,0.8425407021425614,0.9026269364731547,0.6101883654933966,0.9967253051040948,0.8504213894757341,0.9030519510058193,0.7633666232344547,0.9407615774887509,0.5523283558295099,1.2053570848243165,0.8863504240405099,0.81742168080239,0.9231524101196259,74973.0,122471.0,19.35135135135135,90.0,0.001254255509765275,0.3956989247311828,0.656989247311828,0.5743442093985854,3412.0,18.36815680405872,0.0021458178673303034,-0.0001280544769038622,-16.757070265815788,0.0031029191874490775,0.1392253424587994,0.01300373713102962,0.0012459775752176026,9.749740027191613,13.315079951167803,14.732132051391922,15.64451309635096,16.31255678783295,16.85308297921327,17.251042242807262,17.584762401336263,17.882545085413533,18.10033252608066,18.279715859780286,18.42075543267282,18.49665980029643,18.66156166050436,18.84248265407305,18.905024601176635,18.905024601176635,18.905024601176635,18.90502460117664,18.90502460117664,186.13799283154123,559.6039426523297,924.2849462365591,1280.6935483870968,1654.4820788530467,2030.646953405018,2367.4318996415773,2716.9444444444443,3078.6827956989246,3234.97311827957,3319.951612903226,3298.02688172043,2984.0017921146955,2911.3781362007167,2880.8655913978496,2511.5,1953.5,1395.5,837.5,279.0,5581.0,1570.0,2.173229681850097,0.415362520438545,0.9712882604759395,1.220977373185632,1.430960449296237,1.6248505313397514,1.8337140142956336,2.1155275406466085,2.434705370386694,2.977412846768154,3.7748304833963737,8.9117421861554,1.546994872222214,0.412344712736085
35326,28.081806608302976,0.47799596253035037,1.0,0.6425745866905119,1.0953574808963356,1.0768066715701619,0.7172403451964124,1.2177728810608992,2.6561692470093456,0.8605178539525443,7.772960450497301,2.4667095005422026,1.199762199262363,6.3829311453591036,0.8387422227833984,0.5254591318314414,0.7040425308939918,0.7789162576048807,0.7326123458483742,0.5781394394992966,0.9229715497623332,0.5817728972182772,0.9540429673152042,0.8571376590901767,0.8111268434836327,0.7834325941665421,72800.0,100484.0,8.782608695652174,60.0,0.0021493820526598604,0.41225477022305834,0.6713249126578876,0.5632899266154316,2182.0,27.527338099457463,0.0032869070479635554,-0.00026686839239296834,-12.316584285199005,0.007418385016332337,2.3295911156695106,0.09744559965062011,0.002573220859721573,18.83301756814931,22.377609400987378,23.659422123153245,24.48777370256491,25.14055579305286,25.64910572956599,26.097286947543026,26.449124670881844,26.75059072083307,27.01924541752963,27.268132781637657,27.45040788354688,27.591432372320455,27.69328686828933,27.773370296221373,27.931842662211785,28.081806608302944,28.081806608302962,28.081806608302962,28.081806608302966,111.60215053763442,352.71505376344084,586.010752688172,814.3494623655914,1036.4569892473119,1270.752688172043,1491.774798927614,1708.1505376344087,1909.1989247311828,2022.6075268817203,2124.064516129032,2135.94623655914,2068.3602150537636,1894.8927613941019,1653.763440860215,1492.758064516129,1302.5,930.5,558.5,186.0,3722.0,1031.0,2.1022331874666564,0.43399457430551913,1.0683181415915,1.266134688213029,1.4188243453456937,1.583056067497133,1.7594891308191143,2.0043601118060006,2.342741262766512,2.8746161573555407,3.665629698146933,8.25268509452027,1.1789333028524218,0.341337567644659
35327,24.75654331746526,5.298006030615281,1.0,0.5988016531243843,1.2995576955213957,1.1736194174154055,0.7358044828801137,1.642170497596131,0.9834704562129667,0.6459778430812404,2.0546386698247487,0.8379807300554102,0.8779205048503232,1.2511725626738537,0.7992457756251251,0.5194002576478367,0.7103630101635976,0.6810093321268134,0.7058943914214556,0.4325756742088917,0.8275413698730669,0.5151860736555952,0.9044217195258251,0.7051190169429146,0.7001670765024894,0.5507477578301099,589499.0,886115.0,88.2127659574468,540.0,0.00034190371991247264,0.4391219612267925,0.6846856087803878,0.5461987917643978,13634.0,23.111715717829117,0.0005302863925769773,-0.00011928915660732847,-4.445386384301081,0.0006653173756915232,0.1639721812001117,0.005442070063614831,0.00029772711267097527,15.06867590453408,18.49742215301014,19.789965530830795,20.62816180016455,21.261736166332575,21.745122727918034,22.134238943621064,22.484522369672217,22.782724538335863,23.03789360744889,23.23372065603471,23.46313364478067,23.67678110735667,23.869071387301982,24.015286108203373,24.1443163966121,24.294652537154136,24.50231639159699,24.734473187517132,24.75654331746525,946.0752393980848,2872.940170940171,4679.422564102564,6463.500854700855,8229.813953488372,9836.08170940171,11066.969572649572,12271.79794871795,13042.29411764706,13435.20341880342,13144.460512820513,13142.36923076923,12914.6292749658,12309.369914529914,10973.809914529915,9385.89094017094,7653.441176470588,6080.594188034188,4291.8670085470085,1462.0,29248.0,9362.0,2.018464591373465,0.39723913653822573,1.1037044116067727,1.3104316942660414,1.4805281217259043,1.638171483910313,1.8103773630047773,2.010037109127156,2.2367846489243504,2.5480918567166584,3.125691432262928,10.457004367244176,0.9025762583456024,0.0547027494455688
35328,38.23191204605199,2.288289248694734,0.9999999999999999,0.7867743626663865,0.8437266420095865,0.9625588267441644,0.6863172834075993,0.9048520889758453,1.1369373342453548,0.8845678194454731,1.097998656481059,1.1811614029773352,1.288861348578532,1.213456508371248,1.0386322710844684,0.8734404854567982,0.8000110276287868,1.0790325144049855,1.2726482438561402,0.8841345866088207,1.0367762558086673,0.861103672537689,0.7754336146956213,1.0771043046953732,1.2546728653870796,0.8569727849921792,1050104.0,1543980.0,143.50943396226415,1004.0,0.00017402275347501686,0.4101587992168806,0.6596693495758104,0.5812973643788323,8996.0,32.81468263179878,0.001412344614042257,-0.0006757281125519518,-2.090107822669095,0.000781893034530286,0.06213803596032614,0.0023699727590805893,0.00031545776413112735,19.388748731559893,24.72987103180637,26.68734766559622,27.92674657143467,28.870875600948164,29.648928799268994,30.3517056397626,30.95855969374191,31.566737812340193,32.10838753505856,32.64257028022302,33.1171494174573,33.6761730824912,34.242391059043726,34.81016040659497,35.32918448085371,35.944940813725665,36.46839859271021,37.17848863633388,38.00594412306788,796.5773330432891,2417.0282793125953,4026.603872090494,5331.861866434631,6374.85098977594,7178.063737219926,7835.363932999782,8093.376767457037,8482.22666956711,8594.304328910159,8663.677615836415,8258.874700891885,8061.8686099630195,8013.441157276485,8021.844681313901,7364.946486839243,6885.81553186861,5439.797911681531,4045.3752447248207,1855.846237494563,45971.0,7660.0,2.555140301323151,0.1696881771992575,1.2017695166328375,1.6172985088698213,1.9171548975744155,2.1882411999470697,2.4590574568618884,2.7477827970052884,3.0515879065743703,3.445636925295716,3.9864236431691387,7.834636361918204,1.1949689362994862,0.0139514151285402
35329,15.23586948757221,1.0384694732345643,1.0,0.6362185354489062,1.135911675111036,1.1651382501746241,0.7737987630956092,1.4691247742601934,0.5190403686903392,0.3161504172026296,0.31166983525468867,0.4454753490519674,0.40856929770455913,0.212146606411723,0.7717763505258428,0.512578765749006,0.6351497334048134,0.6623903647572925,0.6624186935869689,0.4323320554747676,0.8663868173817312,0.5670589632637314,0.7927237211849886,0.7435914298169184,0.7328248509925139,0.5395891043932468,48839.0,69565.0,7.674418604651163,60.0,0.002926115581565472,0.4442005122575924,0.685693377241127,0.5382708689535031,1270.0,13.626182400406835,0.006321835821723566,-0.0014148689333879027,-4.46814236466832,0.005194804249666171,0.05837531309731278,0.00849043584687957,0.002470076815130571,5.163844308558163,8.043509788297959,9.33979241527724,10.31890963572899,11.048485137275307,11.62627428452196,12.09096745468795,12.510606310040185,12.868337482099305,13.205664850837318,13.503347166420808,13.731204240655835,13.936439271970709,14.159203801607157,14.247953144661162,14.475785037420566,14.708338793000978,14.893142863697449,15.21937353726615,15.235869487572204,81.93406593406593,233.53479853479854,355.44160583941607,488.12454212454213,602.7655677655678,738.1277372262774,855.9047619047619,970.1941391941392,1066.470802919708,1155.8754578754579,1228.4725274725274,1209.0547445255474,1161.7582417582419,1127.7106227106226,936.9160583941606,833.2307692307693,717.014652014652,542.6313868613139,404.0879120879121,136.5,2734.0,775.0,1.9703434680878527,0.5273917675263734,1.174939864098208,1.364960470408416,1.5129871433599007,1.6678742254172045,1.8486020242307608,2.0056366157651673,2.241102449099034,2.4857148508600586,2.9457693718197846,5.794106875414791,0.572310182026432,0.333148439885117
35330,17.366567503302583,6.225677327208419,0.9999999999999999,0.6944485817569944,1.0563790605587604,1.0636429808208556,0.7552703955442119,1.1793660541163262,1.3188886870683125,1.5382673909373128,0.5941178456424819,1.2399731026763074,2.0367108257022446,0.5037603410483454,0.9609568665016486,0.5829933836093325,1.2086345036180743,0.903458099972643,0.7719002188471259,1.0248171035613522,0.9316729933053504,0.6226936507873035,0.8970716851322055,0.8759264246602194,0.8244645288110626,0.7606388890041117,13199.0,23549.0,7.741935483870968,40.0,0.004267425320056899,0.3850533807829182,0.6491103202846975,0.592822086280632,998.0,17.365366590197254,0.007210551700993077,-7.212691329664678e-09,-999703.3522476137,0.00792945920006702,0.9505379170700161,0.04308112384077032,0.004564165756872939,9.337489647652452,12.206277294336832,13.523524173120766,14.29515397225235,14.848157183041147,15.33137835229349,15.691707432129714,16.01241648358399,16.330273804912604,16.534536284520655,16.786809459090822,17.027221267963853,17.28646766543361,17.366567503302573,17.366567503302573,17.366567503302576,17.366567503302576,17.366567503302576,17.366567503302576,17.366567503302576,54.47142857142857,147.88652482269504,243.14285714285714,348.3191489361702,440.1857142857143,536.0,630.5142857142857,705.8652482269504,779.3571428571429,795.9148936170212,834.6170212765958,881.7428571428571,963.418439716312,913.5,773.0,632.5,492.0,351.5,211.0,70.0,1406.0,394.0,2.251272431593329,0.43817841587187734,1.0372045616346859,1.2930432810043802,1.5076852813249404,1.7208422204940927,2.0155907783316547,2.3391045070752567,2.5633527118200554,3.238316260251394,3.9043808068103796,5.662856657402759,1.2790463660960774,0.717837758103851
35331,20.034475471136275,1.977499052221979,1.0000000000000002,0.6401132500302587,1.054539625678124,1.061990715054064,0.7206845545573707,1.1095383067386446,0.922970936390368,0.5995912186174284,1.1665768536180254,0.8690951091256774,0.8319745647742995,1.0514074606824877,0.8880885383192677,0.505588400531797,1.1002705823125336,0.8362488727352544,0.7015391093573786,0.9916472244628016,0.9433283152356291,0.589006663261912,0.9787838910725971,0.8882641833526822,0.8172877572264158,0.8821542123674986,93205.0,129417.0,10.391304347826088,54.0,0.0015371102327624067,0.3997364375137272,0.6584669448715132,0.570899915536082,2289.0,19.009035005498664,0.0034506063557499596,-0.000424632823486356,-8.126094274624137,0.003965951332948451,0.20110263889835397,0.015542936874266397,0.0016318212856881171,10.053212761460221,13.708969919243067,15.065973202112852,15.934340297129296,16.62104798232552,17.144317472169813,17.626758646314485,18.026663294350627,18.366571542996255,18.65536529667523,18.918205986844196,19.0767263200878,19.29195221097644,19.51117277967471,19.627805891960495,19.80782935659238,20.03027090630632,20.034475471136265,20.03447547113627,20.03447547113627,126.09010989010989,395.178021978022,654.2938596491229,892.5032967032967,1152.8747252747253,1385.530701754386,1611.6593406593406,1786.9274725274724,2006.9254385964912,2141.8615384615387,2233.7098901098902,2117.1754385964914,2086.120879120879,2101.345054945055,1841.9561403508771,1664.032967032967,1586.975824175824,1138.5,683.0,227.5,4554.0,1178.0,2.176054150815855,0.4387762929439647,1.0677956101236614,1.2793441543912583,1.478625302966503,1.6620125411792757,1.8675685571296219,2.1416416068139688,2.477349070692242,2.9768766595064675,3.6487306215543542,8.806820216439665,1.2989989170168506,0.233997226802167
35332,32.479567765580626,2.426374185376136,1.0,0.6927217758353975,1.035011992416648,1.0617124314634852,0.7438054060545016,1.204332572686109,0.9304696067681599,0.8241338628952724,0.6785498259864476,0.8763857134888987,1.107996602588399,0.5634239589426943,1.0864964229795713,0.7989992333954624,1.819222570141942,1.0233434127562426,1.0742046601055715,1.5105649480893804,0.9330069094854135,0.6507646892542919,0.8235408914629336,0.8787755345384235,0.8749125563717773,0.6838151770869499,77914.0,108096.0,14.571428571428571,84.0,0.001863684771033014,0.4151797603195739,0.6612516644474035,0.5769379448472981,1584.0,31.75108447915441,0.005773631351832331,-0.0004506605418546904,-12.811486286487366,0.008003513603250197,0.8946673473491628,0.07037750458507579,0.002992315524648993,19.901495811823807,24.922831952405243,26.572396086881422,27.590296849186025,28.44035437987103,29.085826795908936,29.58197400112183,29.998661197047024,30.34887828862795,30.655999473509045,30.853775326986877,31.124610544647023,31.4004917335761,31.66204863637115,31.854455510665414,32.09356926934261,32.307687038267254,32.479216394714804,32.47956776558061,32.47956776558062,80.66933333333333,267.8404255319149,446.608,551.8297872340426,744.1146666666667,941.4521276595744,1138.9013333333332,1299.9893617021276,1414.824,1515.75,1438.0851063829787,1478.3253333333334,1507.0851063829787,1533.352,1438.0159574468084,1345.392,1164.1010638297873,938.5786666666667,563.5,187.5,3756.0,888.0,2.3486008862656855,0.16994206261424102,1.2406782337338123,1.5158478069060217,1.7478387389643142,1.962073539547821,2.1835115395788764,2.397039886822279,2.7469176949631313,3.1094794363384706,3.6606432306733785,7.2881702235602965,1.0104731142650767,0.317760998662561
35333,22.849556576090155,0.4460901356277207,1.0,0.6529312109135708,1.0706129613062934,1.1383861774491804,0.7629748521959065,1.320565388204221,2.000603087458687,1.8434358112642095,2.5691325184838196,1.7574028278712102,2.4161160829333292,1.945479217789791,0.7969899703146057,0.5195419247453975,0.7327460022742058,0.7001051015046998,0.6809423970529457,0.5548729421650487,0.8599423081367111,0.5778871253994642,0.7715523908115605,0.7554047345019704,0.7574130703472806,0.5842591345368825,38520.0,54680.0,7.589743589743589,62.0,0.0030823425803610744,0.4101321585903084,0.6634361233480176,0.5694953677083736,1125.0,21.82443784174187,0.006237086823626771,-0.0009720387043744326,-6.416500490729661,0.009869368475974642,0.8209459574359133,0.07121196059500443,0.0035252809056105032,13.520265000282713,16.79459361625778,18.04351003337251,18.849340076811828,19.454010184360293,19.9299931756745,20.339619361335995,20.671770970766055,20.996995892663115,21.287313997734106,21.53993402315089,21.796219013309468,21.99121837818887,22.18058768484946,22.275139765935602,22.48357386738772,22.795945501427745,22.849556576090144,22.849556576090144,22.849556576090148,67.13215859030836,208.6431718061674,345.0616740088106,495.13656387665196,616.3480176211453,753.5947136563876,888.9559471365639,970.4493392070484,1031.5462555066078,1067.057268722467,1078.9383259911895,1093.5066079295154,1041.5638766519824,991.7533039647577,837.431718061674,764.0528634361234,757.7929515418502,568.0,341.0,113.5,2271.0,639.0,2.0680461158512937,0.4985357942376104,1.104741276337263,1.3348621013884796,1.510279319969087,1.715752112951107,1.8802966554192515,2.1372696953844517,2.3386399707940786,2.6282763456477056,3.157811964499762,8.54975852023735,0.9018364860940032,0.413051474622916
35334,14.88607255745187,2.887989771347603,1.0,0.6797100409179944,1.0250825655735514,1.0749097511409853,0.7590551257533523,1.12050957549094,0.7791775093161396,0.7008384863478031,0.33348063288578644,0.7248771429313627,0.9233038057047965,0.29761515669303873,0.9883721023680861,0.5731356301482299,1.3396656909840947,0.9194931028572009,0.7550645673848789,1.1955861157162657,0.9188286782936305,0.6312882746408152,0.8689678586772953,0.854796114109413,0.8316764530300349,0.7755113188538043,17973.0,32907.0,14.538461538461538,94.0,0.00354251012145749,0.3762025316455696,0.6470886075949367,0.597415094562772,1142.0,13.796956071538553,0.005813497638625428,-0.0008565361021680095,-6.787218453385297,0.006074978625875579,0.16085560116521316,0.019868285844315072,0.0029079394620559634,6.790190002245428,9.796104863958575,10.901221088941245,11.627984000590459,12.172887285374918,12.607554936889958,13.000103444098443,13.330610138861482,13.569705123253993,13.807078359746953,13.969645538800227,14.02189928519711,14.245800038314874,14.458692105563975,14.77291406905446,14.88607255745186,14.886072557451863,14.886072557451863,14.886072557451863,14.886072557451866,79.59390862944163,232.96464646464648,375.5482233502538,507.7929292929293,636.3248730964467,761.0656565656566,892.3299492385787,1010.459595959596,1045.5634517766498,1098.7222222222222,1088.328282828283,940.756345177665,931.5808080808081,914.4568527918782,979.2676767676768,889.0,691.5,494.0,296.5,98.5,1976.0,541.0,2.2566348494565847,0.36837296649120993,1.083752769898091,1.3505248101260592,1.5774853175344594,1.8154890269773012,2.053315505089235,2.2617105668821837,2.586759584550223,3.094516826427412,3.7190622011855257,7.956326599882332,1.2170846198401233,0.756846506276634
35335,21.871614357718595,0.07529735754454422,1.0,0.6802736286797911,0.997235429566268,1.0125809095224578,0.6738089708034098,1.0631385951601608,1.3839073784491605,1.3622231027391853,1.3069486225469837,1.366712887271224,2.021675521943484,1.2293304264342817,0.9588937468309396,0.6806883096364686,0.9071323325855346,0.9469798786579559,1.01020962784876,0.853258772388821,0.9861956764419989,0.6830510528816146,0.9282153932896935,0.9739425928018903,1.0137161754720854,0.8730897340340266,49496.0,81686.0,19.58823529411765,106.0,0.0015584415584415584,0.3767212262925435,0.6419849311509483,0.6030522846426511,1919.0,21.32970474634444,0.004266118998307007,-0.00023545400271592065,-18.118693881174547,0.005662851909632125,0.24944441361052602,0.02650213605591512,0.0020498914146961176,11.27194745004536,15.618461322155811,16.98534571099043,17.852574528779545,18.502671367069013,19.028165108053848,19.48510190448266,19.841968073087088,20.19036031131731,20.501471163740753,20.78072902231245,21.00158764551262,21.252897671625636,21.467794210633173,21.534457026356154,21.73396831498388,21.871614357718585,21.871614357718585,21.871614357718588,21.871614357718588,94.27083333333333,318.63896103896104,559.987012987013,780.5298701298701,958.0909090909091,1134.0155844155845,1336.2363636363636,1478.2077922077922,1639.348051948052,1738.9974025974027,1826.8597402597402,1829.5116883116882,1881.7116883116882,1890.3064935064936,1629.5402597402597,1526.7012987012988,1347.0,962.0,577.0,192.0,3850.0,869.0,2.433943474108055,0.12716785102649228,1.2059783553372856,1.4745051203354071,1.734639067759309,1.9813165996543332,2.217247224982505,2.5070219524609905,2.8363299604758057,3.278205491441107,3.9560439420866818,9.576868165625067,1.327909247681928,0.369489277941175
35336,22.092346065677358,0.6295748495288471,1.0,0.5911067679238876,1.221185253748294,1.1491228861731304,0.7666004251522555,1.3014868447751495,0.8147033553603484,0.3405603993278682,1.0071381595658735,0.7089784436140825,0.44424760038481464,0.7738366035807845,1.108553720868043,0.7207651082153727,1.4036760879894612,0.9646955379679252,0.9402096379899876,1.078517307819555,0.8264580487848476,0.46665587689414106,1.0609327776779023,0.7192077181032933,0.608734174392687,0.8151698051632582,38781.0,53829.0,6.3,42.0,0.003857280617164899,0.4592378195851423,0.6989869753979739,0.5177810844930405,907.0,20.404283554695546,0.009582406841213384,-0.0018077841889281505,-5.3006364918452284,0.010353483461721423,0.29414217779361623,0.04062677449715178,0.003926999249259614,10.485524216288843,15.019763388882813,16.5995122841751,17.59295868869929,18.283404669320312,18.84668673792941,19.30792429774119,19.682432795505253,19.990538179979776,20.27375329597074,20.43324983772381,20.707217287457645,21.021905332282696,21.282733188405935,21.399411546642394,21.508137671922263,21.70460255325762,21.96580698120215,22.090721132361157,22.092346065677354,52.932367149758456,158.1352657004831,267.5673076923077,379.79227053140096,486.57004830917873,586.5096153846154,690.5458937198067,777.3816425120773,823.7788461538462,870.2463768115942,798.7826086956521,810.1057692307693,863.9082125603865,878.2222222222222,760.5,628.8840579710145,553.9130434782609,473.2019230769231,310.77777777777777,103.5,2074.0,654.0,1.7859329337517968,0.29105328604206215,0.9123720824088369,1.0903075018055879,1.27409413366364,1.4142133989501662,1.5500241222597404,1.7048060391278903,1.9249752866643488,2.2353448278786314,3.036451020884588,7.350971484341278,0.9222298382815005,0.638004671605304
35337,16.50791792332756,2.7072478577324115,1.0,0.6622639722595287,1.058991042777493,1.0692463587718617,0.7374294031604974,1.108172678114224,0.8709708654609482,0.6451605994871801,0.6121063853566052,0.8145651919370077,0.8748777804656704,0.5523565031383249,1.0262482383233962,0.6890365161869073,1.0925170110036917,0.9597865168342933,0.9343762443344591,0.9858725382607577,0.9221716471951528,0.5947475219307393,0.9953230255693415,0.8624501169724448,0.806514521094158,0.8981660035718272,29281.0,49827.0,13.6875,84.0,0.0025482344375682563,0.37327021121631465,0.6365622723962127,0.5994580670918771,2013.0,16.507306608562075,0.003556048335325365,-9.038193204015378e-10,-3934468.1564734946,0.005025735639328168,0.17054535925946698,0.022611552334351078,0.002226933603257378,7.994754844541915,11.484671310895008,12.693742571954973,13.457746014530198,14.055697637367555,14.496772847623543,14.885462516587273,15.219993450355643,15.528113366873754,15.774805518107334,16.004872116816088,16.235922467188804,16.455408017603194,16.50791792332755,16.50791792332755,16.507917923327557,16.507917923327557,16.507917923327554,16.507917923327557,16.507917923327557,96.16423357664233,285.33454545454543,477.31021897810217,673.0036363636364,854.4327272727272,1024.1569343065694,1194.8945454545456,1382.7745454545454,1547.1496350364964,1643.2363636363636,1734.418181818182,1875.0401459854015,1969.76,1785.0,1510.5,1236.0,961.0,686.5,412.0,137.0,2747.0,738.0,2.2689204307695587,0.39449831730688395,0.9756057834405342,1.2500674742579245,1.5012202793651472,1.763501972516569,1.9611846974414888,2.237689414124658,2.5788354522282537,3.0583227107103594,4.059694342360007,8.48146568243763,1.6190582546953711,0.856721821015235
35338,30.65626003300603,5.735107292395664,1.0000000000000002,0.6567376604801655,1.0496557410120502,1.0980517851459681,0.7308907648660878,1.2723178523480776,1.7885113577113099,1.1848188517625449,2.7564576168622374,1.628804198404501,1.621061461871973,2.1664850585686293,0.8534215721718419,0.5666041773691309,0.8359189884241728,0.7772143205963582,0.7752241574333517,0.6570048411106347,0.9027265216500848,0.6253736770833535,0.7912068249986026,0.8221165284386674,0.8556322054471889,0.6218625507285157,41795.0,63949.0,13.818181818181818,84.0,0.002543604651162791,0.420574336604871,0.6652126499454744,0.5702500686025282,723.0,24.95882319179885,0.011824336979904477,-0.006489299361810999,-1.8221284487952183,0.009058943199058658,0.8925833430725383,0.03676354416913202,0.004123633121830646,16.644804740025023,20.768947959774728,22.194691632191997,23.060474707746618,23.73771586432576,24.271081579141146,24.748406771535166,25.18522227842198,25.495408151230276,25.907439407951724,26.289605645978174,26.838439946319347,27.610143995051484,28.205505784309594,28.697274185323437,29.125614450655174,29.52398690561745,29.877886808648448,30.10514891311162,30.62931781119798,67.84363636363636,218.07272727272726,369.75636363636363,498.94545454545454,587.0654545454546,653.2145454545455,683.9492753623189,696.1636363636363,601.6654545454545,567.7418181818182,485.45454545454544,428.0763636363636,521.8909090909091,589.3405797101449,627.7563636363636,628.8654545454546,576.7890909090909,490.2763636363636,318.74545454545455,133.63768115942028,2752.0,718.0,2.269226824184939,0.47216182641068016,1.4457839650173583,1.6639068111514093,1.8141560869550195,1.9672322699947422,2.1293790846792895,2.3169995435508097,2.5358874778050002,2.8444660441822407,3.3077662519056252,6.097871290970441,0.5606964984226732,0.283652575742453
35339,16.28137009494685,2.336266839993511,1.0,0.5926470863746741,1.1059390772939557,1.1458520369910714,0.7670659116386142,1.2619843675731717,0.8195409096456338,0.3713631889252401,0.6717955632501699,0.7152240282241779,0.48413465295561137,0.5323327138687541,0.76377472487345,0.3914476896549443,1.2474564763269225,0.666556152292638,0.5103181926292745,0.9884880576815807,0.8663926467392706,0.5040634228985739,0.8642369841016885,0.7561121495357795,0.6571318256364546,0.684823842757766,11326.0,16600.0,2.9696969696969697,20.0,0.006772009029345372,0.4124293785310734,0.672316384180791,0.5385038212812956,538.0,16.054597486604045,0.01334976729683309,-0.0002122938503864976,-62.8834385571169,0.015757178819156316,0.5024479815364747,0.051317698787735934,0.007019964472303218,7.98869684862243,10.886484898255457,11.916562178568613,12.621633024907302,13.178016931283516,13.62454640229318,14.13518207866232,14.561034641327117,14.960268230950879,15.264876278438368,15.53235967609087,15.756184269839919,15.921062176258882,16.11253006308094,16.257241784897186,16.281370094946848,16.281370094946848,16.281370094946848,16.281370094946848,16.281370094946848,30.181818181818183,96.51685393258427,143.61363636363637,190.91011235955057,239.6590909090909,291.5056179775281,339.79545454545456,376.0112359550562,408.6363636363636,453.75280898876406,487.0674157303371,514.9318181818181,520.8314606741573,519.9090909090909,481.9887640449438,398.5,310.0,221.5,133.0,44.0,886.0,260.0,1.7204160382296612,0.4195784448723777,0.7609063084072338,0.994599571653219,1.1559840951218017,1.287286987326215,1.494012290275021,1.6614866696391106,1.906056308382072,2.4995246823744046,3.156755668497215,5.6595378899781315,0.8556390173441958,0.981635104536545
35340,17.69887792630424,1.7997052794394959,0.9999999999999999,0.6477151104330119,1.1287555490982537,1.067601988565028,0.7315274326469866,1.1996893403877473,0.8295535512509804,0.6313468967042981,0.644893868880156,0.7770251087355032,0.8630529335308842,0.537550720148703,0.7857715620170839,0.46826277435829444,0.8456876055971706,0.7360154537303226,0.6401164925065279,0.704922163702679,0.9482082142395031,0.5852904114430337,1.070142694314931,0.8881663994594061,0.800093592287027,0.8920165065141398,129259.0,189201.0,15.956521739130435,96.0,0.0012313585989875496,0.3876573617952928,0.6558565955117679,0.5745742962756847,4520.0,17.53304991853449,0.0015457152764087145,-1.533945136001551e-05,-100.76731169394,0.0021755846533750337,0.1117921665579703,0.008651450906250437,0.000895599901039032,9.136466777557763,12.344577767482823,13.594676063203961,14.433507898832222,15.054309772953882,15.563032700634201,15.948022648021531,16.284830400618752,16.605375772689015,16.85774221440449,17.08797300061526,17.268639736968936,17.47041424620827,17.60873581893448,17.698877926304228,17.698877926304228,17.698877926304238,17.698877926304238,17.698877926304238,17.69887792630424,249.16301369863012,751.1614227086184,1243.236662106703,1719.4924760601916,2194.7606019151845,2671.8645690834473,3102.954794520548,3490.7277701778385,3876.764705882353,4115.906976744186,4295.878248974008,4350.032831737346,4465.071135430917,4335.050684931507,4020.0,3289.0,2558.0,1827.0,1096.0,365.0,7309.0,2071.0,2.0287597439866536,0.29249516819409044,0.8589190929566793,1.0515040235681408,1.2610179167131093,1.452144997091029,1.6888501473703204,1.9605548788377458,2.339012146449752,2.8558791021546277,3.695776551412554,8.97785916540362,1.470473819803242,0.155967319058254
35341,47.88508989383521,2.046253618671586,1.0000000000000002,0.9199233060136303,0.7033488531422593,0.9293481552666318,0.6748223804473213,0.8379686751830575,1.273426423525151,0.753449128094995,1.8192056648878168,1.3702361341211273,1.1165147302843663,2.1709709667731962,1.0966175190940775,1.0729228921483802,0.6712478416025389,1.1799856844601533,1.5899337710719803,0.8010416874543697,1.06568817707923,1.037271091627884,0.5349678617382753,1.1467050007469826,1.5371023867648037,0.6384103339201903,532229.0,798513.0,126.9090909090909,936.0,0.0004224432581896386,0.42503264459635914,0.6591520086028113,0.5781038482336689,5150.0,38.74630088772332,0.002480510385462614,-0.0013351673157592956,-1.8578273720338743,0.001760459185619618,0.142246916780497,0.004664137294685739,0.0007078576663204905,24.26113389251648,30.466924432197246,32.62573879317246,33.983971676034336,34.99129491186643,35.81261772464668,36.53890985675063,37.163529679564455,37.73851499672534,38.28672869202531,38.80019281261978,39.2882303638263,39.79679851695552,40.32026923686791,40.85807427298365,41.3942757341376,42.01401317196665,42.71209137247741,43.61441970228576,45.32454807334586,401.39646561659623,1190.231950844854,2012.6850998463901,2772.3786482334867,3424.0061443932414,4002.9715821812597,4437.934690741452,4792.76267281106,4931.109062980031,5042.724270353303,5083.7788018433175,4911.610599078341,4726.786482334869,4512.916250480215,4248.746543778801,3731.7526881720432,3210.5476190476193,2507.1351766513058,1675.7933947772658,642.3540706605223,26039.0,3317.0,2.8546757256395217,0.19823870669027943,1.449441455340252,1.858384188376652,2.1861082150200275,2.490344906671984,2.7800387113713683,3.084594225134613,3.4172590101240155,3.80164606708985,4.351551781171403,9.124401435165645,1.2910486375170172,0.0234373723180033
35342,18.74066470200593,1.2401113895563978,1.0,0.623816781493438,1.1892746443662796,1.0934988834970112,0.7122191915529898,1.3436226914929355,0.989341522375102,0.4550868721252627,1.2518632457128656,0.9047485436941519,0.6389702461301954,0.9317074306938703,0.8578651387258646,0.44361146406197494,1.1751738758900814,0.7845139594312255,0.6228580601635891,0.8746308642527568,0.9099661591872436,0.5557352228863732,1.0026371304509258,0.8321601173264762,0.7802867845706261,0.74621925991505,57058.0,90436.0,13.35135135135135,130.0,0.0017685699848408287,0.40181956027293403,0.6580742987111448,0.5775284564087484,2385.0,18.44268148320957,0.0029606301068322233,-6.861780541364275e-05,-43.14667437970239,0.004422682161346862,0.28363304277853413,0.01982186136406831,0.0017174087989033906,10.155141422059156,13.430310912540396,14.682189066090006,15.50056464875231,16.11937714695871,16.609411129245412,17.02477008811535,17.34181031493709,17.58459109182432,17.83717462277281,18.059292297305376,18.249331774221123,18.44430196661242,18.59744707245491,18.729014591393696,18.74066470200592,18.74066470200592,18.74066470200592,18.74066470200592,18.74066470200592,134.32151898734176,416.2676767676768,675.0151515151515,958.2474747474747,1237.9139240506329,1478.7777777777778,1728.2171717171718,1936.020202020202,2035.8354430379748,2180.247474747475,2255.3333333333335,2268.777777777778,2306.1367088607594,2268.9242424242425,2151.681818181818,1780.5,1385.0,989.5,593.5,197.5,3958.0,1136.0,2.1389332537660004,0.23218850213945158,0.943402254955763,1.1673807952029895,1.378666767007179,1.5834148994295165,1.8562151800778606,2.1383552470542724,2.5028088954301264,2.9796465138236714,3.661453078538565,9.172788348834615,1.4830037763215478,0.411226893034764
35343,17.085525621894277,0.532285632629421,1.0,0.858299888408516,0.6288777237157983,0.9674070599408748,0.7243666668462889,0.7081316190723084,0.6212023551336137,0.49415790290532924,0.2971503822470477,0.642131302175508,0.682193046039472,0.41962592015920874,1.0134163400859149,1.0055996340387967,0.4733165142737293,1.0475593801722431,1.3882466988948092,0.6684018924247446,1.1791080593080476,1.2359308603243977,0.6196811946019678,1.2188334240398362,1.7062227141198134,0.8750932424310957,4852.0,8508.0,5.75,42.0,0.008695652173913044,0.47038327526132406,0.6881533101045296,0.5423832815725644,150.0,13.354811481678603,0.06956272490484368,-0.026574745455924736,-2.6176252570402303,0.028838397193841212,0.07048896110914679,0.02329654299723879,0.021922292464069893,2.269175675347607,4.272357479932678,6.169144894253521,7.706360844298446,8.819196351522613,9.629856759675286,10.295358085767552,10.821618436854813,11.296445837844065,11.686895052138553,12.159891555027622,12.610162246606947,13.067730727664362,13.527038433547174,13.950170296105886,14.341116961105016,14.764710435712066,15.314037915451683,15.942532636482415,16.84581674986151,18.035087719298247,35.526315789473685,40.706896551724135,56.07017543859649,69.36206896551724,91.14035087719299,114.91379310344827,131.6140350877193,136.08620689655172,136.64912280701753,142.140350877193,133.56896551724137,137.8421052631579,143.98275862068965,134.10526315789474,119.63793103448276,102.64912280701755,85.39655172413794,54.35087719298246,25.29310344827586,575.0,59.0,2.5103912317582746,0.532285632629421,1.0273010468814405,1.4191328270938268,1.8147092500481607,2.2445163497097576,2.4277361773055457,2.762334762574459,3.0736466653943166,3.6898578519832825,4.085469879630722,5.433425204603659,1.3377996929762774,0.771860882693436
35344,14.588501289844686,1.1743307936847496,1.0,0.6907898660370703,1.093570517427639,1.0723890970433005,0.6687885213839484,1.4527823634014643,0.741834266704263,0.47974400319957766,1.0854618270795342,0.6917584939548388,0.7173328905329086,0.7471606583508448,0.8655307548252975,0.6408528310522574,0.5018259686005045,0.80710514235147,0.9582294111838483,0.34542405059595915,0.9704046065514873,0.7350844917046024,0.7770388969419806,0.9048997320347659,1.0991284512232138,0.5348625620169732,9536.0,14492.0,5.481481481481482,42.0,0.010430247718383311,0.4073107049608355,0.6475195822454308,0.5847197039552952,258.0,13.05876138074638,0.03420941050019551,-0.006787120203534829,-5.04034251262837,0.017511971927101744,0.10516660229280207,0.022911250431065972,0.009604336965859944,3.6667344249842326,6.437865767022501,7.924728623222021,8.98347743179844,9.659128838320196,10.280544294230646,10.767012093240158,11.087596523196712,11.489691509961045,11.853930879610449,12.233345718655421,12.507393738569144,12.832610053603263,13.066657912978615,13.334603877509334,13.68647255066224,13.997577364451463,14.175006435242581,14.557264878473827,14.588501289844688,24.289473684210527,69.68831168831169,94.3157894736842,128.03896103896105,160.28571428571428,195.26315789473685,223.9090909090909,224.80519480519482,232.3421052631579,239.7792207792208,246.1818181818182,240.5,246.94805194805195,236.1818181818182,219.07894736842104,218.24675324675326,198.7792207792208,144.07894736842104,112.16883116883118,38.0,767.0,175.0,2.2841922933436685,0.3349221603798487,1.2373194645362733,1.5855894691114454,1.7694734348926284,1.9890080127764527,2.191328242965548,2.390647054661477,2.625878069359978,3.015833506488835,3.4006596154046242,5.542244377267433,0.8240757616201043,0.853451110867318
35345,25.233227690402426,0.4446547898527783,1.0,0.620921911849969,1.175708501694349,1.092645714122373,0.7167802433106073,1.2895266966862355,1.0361890829675715,0.5221975954309188,1.6123560268882298,0.9483303412761306,0.7285323504719303,1.25034714754769,0.9195803880435339,0.7458819311661726,0.6344254280225705,0.8416089279059247,1.0406005719705007,0.4919831668881977,0.9009504326891747,0.5544502335426716,1.0586588941265758,0.8245586113087255,0.7735289005481251,0.8209670236739318,12788.0,15284.0,1.1063829787234043,18.0,0.010845986984815618,0.41956521739130437,0.6695652173913044,0.5359207084319727,189.0,24.15223296671574,0.06694516044624067,-0.004904492455675931,-13.649763161275855,0.05388820195771662,0.47308001547442446,0.22600971343997955,0.020160304236440336,6.599680307213175,15.098392658326949,18.049675935650775,19.361621965103744,20.270599858799695,20.925281669173405,21.62354737824479,22.164784124128296,22.661995929726267,23.091037773278977,23.50130479560947,23.887757946666966,24.184641233720768,24.446797317431514,24.666265989447023,24.885377266261823,25.157997669232195,25.233227690402412,25.23322769040242,25.233227690402416,4.891304347826087,14.543478260869565,29.282608695652176,51.67391304347826,68.67391304347827,88.97826086956522,108.02173913043478,124.76086956521739,142.2826086956522,156.19565217391303,161.19565217391303,176.84782608695653,180.41304347826087,181.02173913043478,173.41304347826087,154.7608695652174,150.58695652173913,115.5,69.5,23.0,461.0,109.0,1.7807700600707996,0.12550976530268254,0.5233330459742576,0.7893939564890846,1.0053244028836457,1.3394683413085662,1.6292052919284343,1.9627693077929689,2.1237597710249045,2.557603365767435,3.242680792347016,4.899210407589541,1.1975298593699104,0.887631376525387
35346,29.79343357419838,3.8853508779794277,0.9999999999999999,0.6361112951129251,1.1495981649215825,1.1168565990486448,0.718875308044656,1.3979985583221741,1.6547269144949184,1.6572561790556408,1.422696667397091,1.481592995828148,2.305345809641709,1.017666762907509,0.8573215763738135,0.5345626760422277,1.315198329135099,0.7676201019039444,0.7436097332320963,0.9407723071714402,0.8830078530208924,0.5788049133732669,0.8650071366281864,0.7906188258842287,0.8051534207616878,0.6187468016178327,246034.0,372414.0,42.69565217391305,308.0,0.0006785283474065139,0.40541355651059335,0.6615396215034306,0.5789506042200251,7146.0,28.785275810387745,0.0009842070769950115,-0.0001408404841773996,-6.988097795484185,0.0019534104422995516,0.9273123698761384,0.036958580973952194,0.0007627412348533202,20.881351019208996,24.204951781925015,25.418128640085403,26.211861806030385,26.7954566848296,27.276493846480292,27.663582798412513,28.004030576894323,28.296973333218588,28.55817853970668,28.791298952754854,28.97616748076111,29.13706240345252,29.258973640657217,29.35297001972569,29.522512914749996,29.74179772933107,29.793433574198364,29.79343357419837,29.793433574198378,445.7669683257919,1349.741327300151,2274.4966088922383,3163.8092006033185,4006.1907993966815,4809.472494348153,5469.322021116139,6035.294871794872,6500.315749811605,6850.7141779788835,7082.8574660633485,6987.345892991711,6722.76395173454,6103.961538461538,5281.560663149962,4798.607088989442,4427.65987933635,3316.0,1989.5,663.0,13264.0,3871.0,2.2227827093612884,0.3558590968945569,1.144215573022577,1.402197924828914,1.617666597797054,1.813568705669518,2.031939370265364,2.245527477104125,2.5146881027041257,2.901155286671737,3.561439282111104,8.795706631531601,1.0594797787266161,0.163005339351948
35347,22.848526082685993,2.086234775134557,1.0,0.6171671991425309,1.2330483523646554,1.1339285841715634,0.7685490528752079,1.4013947414061716,1.838174487556989,1.271553565656208,3.1542800557316886,1.6210672463997726,1.6544858924738988,2.2508148222153714,1.0335204414172374,0.6456745473560261,1.3592679957426443,0.9114510876999514,0.8401214534589592,0.9699394150564195,0.8556536060777723,0.5053832089748835,1.0036025792984677,0.7545921480609857,0.6575809404542255,0.7161455296253247,113035.0,172047.0,20.975609756097562,128.0,0.0011462960309499928,0.4204643164230438,0.676554886787045,0.5509433357170833,4219.0,22.013208863682294,0.0016358260900543428,-0.00017790028052735705,-9.195185556791687,0.0029753928500360328,0.42155675600838527,0.024986588239268893,0.0011429000532510196,14.072404716633642,17.581314734054057,18.854200578702944,19.659549961909278,20.25955459955284,20.718293425163722,21.100388550304082,21.44359406858338,21.717800708249833,21.931987210592904,22.073555850286915,22.237028903073462,22.358666174927006,22.489274160221367,22.709634007575975,22.84788130718196,22.84852608268597,22.848526082685982,22.84852608268599,22.84852608268599,237.02152080344334,714.3166189111748,1212.7893982808023,1717.5200573065902,2235.8094555873927,2685.1590257879657,3103.6628407460544,3567.5057306590256,3945.2994269340975,4148.233524355301,4016.121776504298,3915.2191977077364,3678.359598853868,3416.2037302725967,3384.7836676217767,3138.422636103152,2442.5,1744.5,1046.5,348.5,6979.0,2272.0,2.0007345740760973,0.420210903162231,0.8946596403874766,1.1103538376138105,1.2877779002966085,1.4911719948600661,1.6867265723195897,1.9141842174594876,2.225423529196238,2.670918202566241,3.5561642935951725,10.451014320978514,1.4002077440312213,0.165632677138783
35348,16.525950845538524,0.8107009461946577,1.0,0.6885377392938423,1.0448203546310157,0.9933458337606946,0.6744183647025913,1.0141470652863727,0.7010572355524102,0.48202783956653333,0.46526050660609103,0.7057534362411196,0.7147311888209044,0.4587702538731025,1.4198828340190752,0.8716049631270781,2.142557366939605,1.4293942610536352,1.2923802327231158,2.1126692964738742,0.9554803335910961,0.7367895391014825,0.8186723544567139,0.9618808486604871,1.0924814294260743,0.8072521062076328,8282.0,12452.0,3.1333333333333333,16.0,0.01037037037037037,0.45252225519287836,0.685459940652819,0.5347189639525994,196.0,14.559882081403648,0.06822688244922398,-0.011276566220046426,-6.050324284704382,0.023316394509412267,0.050650206115750246,0.041017285999074914,0.01278389130539899,2.1375992139829854,4.1321156858425825,5.628569191867638,7.70927904884365,9.653660060151294,10.739453161672554,11.485024923415258,12.169763983151219,12.663544144893413,13.212545972382243,13.672034348595522,14.093420948693252,14.401865736786949,14.762723627064858,15.107751783493228,15.42222276004904,15.72224382715945,16.129935910574645,16.486302893072178,16.52595084553852,24.880597014925375,54.507462686567166,54.470588235294116,58.76119402985075,67.79411764705883,95.3731343283582,117.76470588235294,129.4179104477612,125.6470588235294,156.26865671641792,175.2089552238806,184.26470588235293,183.97014925373134,182.14705882352942,168.43283582089552,160.0,143.49253731343285,136.55882352941177,96.55223880597015,33.5,675.0,118.0,1.9490853442250402,0.3751703274472159,0.8428936109847467,1.1312825231826522,1.3912885154846295,1.7829286626103533,2.008698149269926,2.1541703724266754,2.3610288403364126,2.63217987716439,3.018297791473435,4.2177495285627025,0.7028704399356672,0.778022670710925
35349,16.355832497274555,0.22444544072450667,1.0,0.6784784624210323,0.9695153688534329,1.0583103020498028,0.6567723462082613,1.1267042411208577,0.4686081696219193,0.3180624140713124,0.3677553234334479,0.4427890087758658,0.4842810692435205,0.32639916493755355,0.8662311372357265,0.5928884879531094,0.6660366175492285,0.8185039260772147,0.9027305905555068,0.5911370466544512,0.9961426320635878,0.7666241270917096,0.8621507119949572,0.9412576161586969,1.1672600582494903,0.765197006037077,8277.0,12773.0,3.2941176470588234,24.0,0.007183908045977011,0.4446043165467626,0.6920863309352518,0.5446552316262764,245.0,15.182679623457812,0.039745598058661444,-0.0038457639038198435,-10.334903299493693,0.023210628858345392,0.1882541511565899,0.03093113816441961,0.011062617273457824,4.925861069494371,7.484966137413507,9.142022177300667,10.304404691067504,11.151302643110245,12.0043523218792,12.59990816833101,13.021839544233151,13.516262999921278,13.861335636178184,14.156049156766686,14.46507868521527,14.808975903762706,15.182536373241573,15.479708001148028,15.772734682764773,16.14719829521976,16.349768827751536,16.355832497274555,16.355832497274555,18.608695652173914,49.3,70.2463768115942,87.75714285714285,121.65217391304348,151.07142857142858,173.81159420289856,189.84285714285716,197.3913043478261,218.04285714285714,222.24285714285713,219.14492753623188,231.07142857142858,239.2173913043478,222.78571428571428,211.17391304347825,219.87142857142857,173.56521739130434,104.5,34.5,696.0,143.0,2.1929798538223615,0.3517507396462017,1.005171353472655,1.3932776416208064,1.6402085706838827,1.845302262332626,2.1604992981679563,2.4257443935260827,2.7286698186392835,2.98617395070784,3.3546668762938525,4.556303175814101,0.8081344259488785,0.854955308497883
35350,25.87406648923129,4.072429662550232,1.0,0.6087911511631059,1.20418842366036,1.11452151670971,0.7406440138244176,1.3909179240575495,1.0433401908093867,0.686126844784691,0.9964299905624033,0.9361328383228842,0.9263922099927336,0.7163830254308923,1.0289157483504707,0.6571598028010516,1.5017017742584986,0.9231905646721253,0.8872815961985789,1.0796480139372806,0.8777439677974792,0.5307278219212698,0.9644748507079998,0.7875522855662352,0.7165761310629967,0.6934088877756776,127247.0,171487.0,14.333333333333334,108.0,0.0014487504527345165,0.4185835899293606,0.6717985872124616,0.5512111759557786,2714.0,24.598167879032275,0.002959357772687078,-0.0005332923469399713,-5.54922227867671,0.0039488565163341895,0.482136188312212,0.03229542126357002,0.0016434875856180698,15.183978884564217,19.332674226010564,20.758452214571975,21.687298889486428,22.425012571521144,22.969883756800478,23.431748178315136,23.812751990824868,24.088148852418584,24.34236394871772,24.59964330583773,24.77400734452068,24.917678039887704,25.09206365185493,25.295213729588152,25.49995425959652,25.702941751708803,25.874066489231268,25.87406648923127,25.874066489231275,143.31884057971016,443.7463768115942,768.6702898550725,1086.981884057971,1401.1195652173913,1718.0797101449275,2035.1971066907777,2313.449275362319,2433.56884057971,2557.3876811594205,2673.340579710145,2573.3478260869565,2325.0253623188405,2185.032549728752,2030.090579710145,1874.2427536231885,1668.1630434782608,1380.5,828.5,276.0,5522.0,1557.0,1.9800740406762192,0.3661838859855198,1.0227751729329237,1.2201581276953548,1.3794078176079136,1.562415225647454,1.7436818119979554,1.9517095251498253,2.201260422712166,2.557494189005756,3.230928243953507,7.666469487995734,0.9816401808981674,0.294076892964076
35351,15.077587630806411,2.2309026585945726,1.0,0.5787829563412489,1.3960680404542616,1.1772053719016038,0.7407856392147734,1.6215429874062819,0.4969685619539783,0.3312851862214574,0.19050709877416963,0.42215961107210886,0.44720789481369666,0.11748507455783999,0.9747617173454178,0.586788168976741,1.1706193875813466,0.8280303000748563,0.7921160156381158,0.7219169622223804,0.8149876101176384,0.4590115749466005,1.1262079181368634,0.692307077057544,0.619628068698995,0.6945285613046095,41624.0,58070.0,6.9523809523809526,42.0,0.0034949759720401923,0.4331293706293706,0.6844405594405595,0.5452984949944312,1291.0,14.292860145256817,0.005738676416468706,-0.0005735620193360384,-10.005328496318253,0.005614809865477202,0.07062987756511474,0.019252363290266954,0.0025626507422528534,5.787528617964281,9.594400745856078,10.834659558275318,11.634616516611894,12.274674217745924,12.757843920107325,13.153413693761259,13.506471460315705,13.796382186799411,14.001826700107816,14.245167755880482,14.375487329499965,14.591954188651249,14.701390522715041,14.815459404588337,14.916781477546028,15.076487935641289,15.077587630806411,15.077587630806411,15.077587630806411,76.26315789473684,221.68558951965065,392.3711790393013,549.8515283842795,677.4628820960698,818.707423580786,935.7543859649123,1070.9912663755458,1168.3668122270742,1189.9257641921397,1257.659388646288,1193.6288209606987,1216.2183406113538,1094.0350877192982,1002.0305676855895,892.6550218340611,800.4497816593887,572.0,343.0,114.0,2289.0,740.0,2.0180755393218925,0.23163066322554116,0.956204891544408,1.1455571812207586,1.3528421711496135,1.5626485435358648,1.7498112723687596,1.9760619674550626,2.2798731084024006,2.6301081896253033,3.242969962953671,9.132622155353332,1.3031648095957635,0.867023677646648
35352,12.73046214340804,1.4644263452371895,1.0,0.643656388266807,1.1159907376061946,1.1213138518316477,0.7541644923524681,1.2888792693722018,0.46695104345587185,0.337748810029952,0.21710079593381287,0.4164320655569491,0.44784501717445074,0.16844152985683458,0.893732587279326,0.5938267236385331,0.9447441644449648,0.7970405304629284,0.7873968207999387,0.7329966327297194,0.8988117888497755,0.5788132255578012,0.9362619263824348,0.8015702181700345,0.7674893626353411,0.7264155368395965,30028.0,43532.0,7.942857142857143,38.0,0.003721424774056353,0.41329787234042553,0.6664893617021277,0.5590168942716913,1128.0,12.204033747003837,0.006475874922837888,-0.0004070930319341922,-15.907604441347285,0.005992572233069602,0.05098138698322057,0.012613740074531884,0.0028944864201487313,3.7267626499962234,6.674999107063772,8.151459047655395,9.084169403775073,9.795328238959897,10.322368123738931,10.750987282486793,11.122371711546968,11.41935177346967,11.647601040137152,11.905803309151711,12.12857529082671,12.235873730425501,12.405719213103053,12.565137438529982,12.702681005696338,12.730462143408035,12.730462143408035,12.730462143408035,12.730462143408035,58.01063829787234,170.80851063829786,276.02127659574467,383.93617021276594,490.8191489361702,613.5851063829788,737.8191489361702,856.3617021276596,958.3404255319149,988.3297872340426,1044.8510638297873,1102.1702127659576,1048.0425531914893,998.7234042553191,934.0,829.8829787234042,658.5,470.5,282.5,94.0,1881.0,557.0,2.0141268066132745,0.23569422588417066,0.9901347204601414,1.2457014168485192,1.442458386012518,1.6160161988465465,1.8119386949046414,2.0652295810452928,2.312276923818439,2.603792867895439,3.2873508702765037,11.34163116976832,1.0964243048290703,0.912751767872833
35353,22.79236906139763,2.62243679255103,1.0000000000000002,0.6642704357293031,1.044590112945149,1.0603211063847,0.7272725243317384,1.1138320042650445,1.1238320610697456,0.46137492222930865,1.631984692954518,1.0598978500971223,0.6343906950881275,1.4651982405833037,1.165786183400809,0.7050069142036821,1.2463493062799447,1.099465224620215,0.9693847775309328,1.1189742272689867,0.925221510957104,0.6197929613420828,0.9442485443942815,0.8725861490315558,0.852215559650883,0.8477477220789129,22618.0,37736.0,11.806451612903226,80.0,0.003553299492385787,0.38699847638395124,0.659217877094972,0.595696197888063,952.0,21.694689321440098,0.008723690794916774,-0.001199383217147963,-7.273480794287759,0.010243744169043473,0.6942896460111602,0.06793149861930174,0.00410739768231196,13.190830191758142,16.83178251656806,17.952405311440007,18.678931905194275,19.282677285574806,19.664968110458677,20.00238878193387,20.181060726396755,20.520689314654287,20.823274726382113,21.173261032491116,21.499304195027953,21.726112168169205,21.95966684369109,22.035377007367273,22.035377007367273,22.14372216399244,22.688686204841257,22.79236906139761,22.792369061397622,69.39795918367346,214.74111675126903,354.4720812182741,489.2994923857868,605.4162436548223,672.1421319796955,749.2030456852792,688.9644670050761,739.1827411167512,763.7969543147208,821.2030456852792,900.5482233502538,922.9187817258884,921.7868020304569,787.0,590.0,437.8629441624365,451.46192893401013,295.0,98.0,1970.0,511.0,2.4483477718093476,0.418468134535756,1.1657599923936943,1.4630874668328797,1.687536019038284,1.866186550136666,2.102718045022627,2.394421827075959,2.7636356711201984,3.207267822784459,4.167246600799945,8.437016975187689,1.7835599835900324,0.65994629442459
35354,21.663042591714042,5.225414367219983,1.0,0.6363666020352826,1.1527881583316884,1.089216893937313,0.6837797007822543,1.362103067632884,1.6611311602614196,0.8347894963512607,2.7038353681564353,1.5250692212978305,1.2208456837724913,1.985044621370148,1.0781365394463964,0.6567608635267821,1.566116489403908,0.9898272285780813,0.9604860494914339,1.1497782558595704,0.8904893870955297,0.5936478264895161,0.8507811598267662,0.8175501060000814,0.8681857999153442,0.6246085043368171,15684.0,26766.0,7.862068965517241,70.0,0.0047748976807639835,0.42184300341296926,0.668259385665529,0.5780371193608652,686.0,20.00100608434906,0.010636203468282715,-0.002955112125504566,-3.599255465295298,0.011220224044023248,0.8586315811309202,0.058777100652937134,0.005412377286121495,11.633624245671545,15.180561114425476,16.543649807288116,17.401368637152885,18.00264760623438,18.464105964753667,18.866813084290914,19.217719909208892,19.50614296715149,19.762761662424996,19.992694300002466,20.182300090506402,20.351048978949297,20.514495777204832,20.663682458270635,21.06615200114176,21.44836567237681,21.66304259171403,21.66304259171403,21.66304259171403,46.47260273972603,134.78231292517006,214.37671232876713,318.4353741496599,391.40410958904107,469.76190476190476,540.6917808219179,600.9931972789116,642.9520547945206,659.1904761904761,671.9047619047619,645.1575342465753,580.0612244897959,514.0068493150685,415.94557823129253,417.63698630136986,419.2312925170068,366.5,220.0,73.0,1466.0,368.0,2.2863486412784226,0.6250719655133673,1.1998526915477052,1.452178726029024,1.6514438971505605,1.871538867218628,2.023826926375384,2.3018741480921174,2.6141046347202685,2.9908582610737473,3.6211725526151377,7.029603695491856,1.1068199317583085,0.796233078667428
35355,13.130757318144127,0.8317486438083022,1.0,0.6997367033030291,0.9865345578898225,1.0282052904864418,0.7181686266213559,1.1908205492450803,0.5434872387218083,0.3546250757887982,0.29137318663326195,0.5285785278003049,0.4937908210459452,0.24468269952007274,1.0059680407680105,0.7714422754138317,0.8024136827973146,0.9783727530638254,1.0741798608539934,0.6738325798173403,0.988056528345509,0.6849340289615908,0.7922212028757132,0.9609525816367483,0.9537231279287175,0.6652733725311855,16467.0,26575.0,6.117647058823529,42.0,0.006968641114982578,0.39191073919107394,0.6485355648535565,0.5974607055635351,682.0,12.284391311156837,0.010988864213457884,-0.0008333961334790074,-13.185643383759095,0.008576714556719543,0.06810144124860794,0.015361336720994998,0.004024339796786515,3.884508858904028,6.846498380038828,8.15275714213608,9.10222439801286,9.831270732892827,10.409370099499759,10.83789313689169,11.16674830273416,11.455844849302277,11.738812404097047,11.985432607157831,12.205086744160683,12.398603837762904,12.632085595708396,12.875442762857725,13.09029074656457,13.13075731814412,13.130757318144122,13.13075731814412,13.130757318144124,47.99300699300699,138.71328671328672,202.48611111111111,289.0839160839161,377.2083333333333,457.5944055944056,525.6666666666666,572.7342657342657,611.1527777777778,648.3356643356643,653.1818181818181,658.1944444444445,645.1328671328671,627.7638888888889,625.4195804195804,618.9305555555555,502.0,358.5,215.0,71.5,1435.0,338.0,2.3602989201211155,0.6483468215301843,1.2277368541539544,1.556234176417206,1.8126504717903302,2.0396178197595933,2.2593103884313512,2.508568430053452,2.77325194109457,3.071320260215321,3.7007746119090514,5.85654461490906,0.8997330623625359,0.870135019631125
35356,32.1602989200563,0.5401084934676007,1.0,0.64128826810281,1.1390284350378495,1.0781040697004949,0.6922265378548523,1.3175007692197,1.7488835908911728,1.3164076637200828,1.4990736346342182,1.622184388355964,1.9017006597284056,1.137816136169739,1.1066330298129092,0.7152268035704661,1.2435485889596294,1.0264621578882824,1.0332265009470591,0.9438693456673506,0.9089944561883019,0.5810357706131033,0.926539645793141,0.8431416611207369,0.839372284705641,0.7032554875409228,23419.0,33899.0,6.857142857142857,50.0,0.00414651002073255,0.43015214384508993,0.6811894882434302,0.5445402212209274,636.0,30.858177393635174,0.01614673995709823,-0.0019983231966481945,-8.080144385143155,0.021867351608982503,1.5200285822924615,0.17606435049569913,0.007777656570899875,18.154171056623472,23.80294507924532,25.79619296253584,27.129607794343443,27.969972562915018,28.61917358953175,29.184561871136136,29.632887427861174,30.020546563829555,30.401772451032066,30.68442670686297,30.90163290001287,31.105121160158173,31.34003532216672,31.55604301061198,31.819947358999777,31.99540286285483,32.04413183069078,32.160298920056285,32.16029892005629,26.48611111111111,82.86896551724138,137.33333333333334,207.5103448275862,273.7241379310345,346.4166666666667,403.63448275862066,465.44827586206895,530.6805555555555,580.0620689655173,601.8758620689655,608.0416666666666,575.1655172413793,554.551724137931,520.6111111111111,514.0758620689655,462.77241379310345,330.9166666666667,217.0,72.0,1447.0,358.0,2.1688834984566916,0.2977090315605154,1.0325047331136343,1.2988215919215473,1.4498082677168336,1.6452969855397386,1.9825367214535086,2.213843805439258,2.5240246536333943,2.897413156985158,3.7950652488464933,7.451708678961795,1.2063530348055413,0.565278135128319
35357,20.016872665946927,1.0189122168620284,0.9999999999999999,0.7348979273199457,0.9156670882094187,0.9999148660885513,0.6795765458771704,1.037481536576171,0.8253517903389934,0.6055298448318884,0.5206290717205799,0.825422061747706,0.8910399402473411,0.501820083891542,1.0293692483824626,0.8178443548293965,0.7348496673669226,1.0294568900741825,1.2034617141969717,0.708301440999158,1.0039887727819088,0.7717391988467169,0.823627253231877,1.0040742535504985,1.135617765987769,0.7938717212741521,27706.0,43338.0,8.88888888888889,64.0,0.0034739454094292804,0.40466732869910627,0.6648460774577954,0.5737827719078984,604.0,19.916827547814258,0.01983518902684192,-0.00011467436462249007,-172.96968762059154,0.009432949577499948,0.06874355840525768,0.017505969824768288,0.004338137784363616,5.1827228955399205,9.454400370633532,11.635550830863435,13.11667248280155,14.202377202371725,14.957446388510116,15.577768631222504,16.185565310682943,16.659414952611716,17.079800757285824,17.45395526562198,17.886332458432122,18.328480331728688,18.702948518670482,19.05893645509982,19.422086972232705,19.801059130417222,19.98079131698952,20.01687266594692,20.01687266594692,45.46268656716418,101.60696517412936,143.84653465346534,199.61194029850745,285.65841584158414,355.88557213930346,427.2524752475247,487.55223880597015,511.9752475247525,516.7213930348258,514.0199004975125,553.9752475247525,583.3582089552239,586.0346534653465,585.5522388059702,567.3415841584158,577.5273631840796,484.509900990099,302.0,100.5,2015.0,335.0,2.5038069077718883,0.5106479269415667,1.1236424886137164,1.457110112290704,1.8022083077811564,2.051068212980379,2.353418887010972,2.6560208146741093,2.9291094232835926,3.3260800047225283,4.030327410942289,8.277850703673655,1.544001617175855,0.241227700412273
35358,20.235293358151182,0.9721106804054744,0.9999999999999998,0.5727545864994126,1.4099596927305038,1.1927768701272505,0.7572778754605961,1.7245307411821797,0.9607533881894869,0.5493947730706914,1.107777899543082,0.8054762061968804,0.7254863648783284,0.6423648318287973,0.9574768143819153,0.5661776569476633,1.2835249811209102,0.8027291929963125,0.7476484858392295,0.7442749209799783,0.7933010033960192,0.4453414906344781,0.9960987088831467,0.6650875140724236,0.588082004064373,0.5776056553218141,164153.0,237203.0,18.869565217391305,112.0,0.001208605269518975,0.4391393690317902,0.6837906442644748,0.5353618733772163,4050.0,19.646994354470728,0.0019394280883921896,-0.00013999218293329907,-13.853831319397692,0.002328439825667316,0.09746907852852088,0.010693627983195871,0.00089060095839704,10.458304660123245,14.416302050362113,15.713854433094294,16.549071654387177,17.17070073871612,17.642815108011366,18.034328750577064,18.32829786670314,18.541690004052672,18.690471634550452,18.98065430078875,19.29963039139841,19.564934854737817,19.742851617180204,19.904237307053073,19.976312774737654,20.1066922655767,20.23529335815117,20.235293358151175,20.235293358151175,269.44498186215236,812.7932285368803,1368.4951690821256,1885.8319226118501,2428.9093107617896,2900.4565217391305,3357.4449818621524,3601.0326481257557,3628.004830917874,3319.2708585247883,3496.084643288996,3815.3623188405795,3998.547762998791,3847.3470374848853,3660.2657004830917,3094.9347037484886,2597.8718258766626,2068.5,1241.0,413.5,8274.0,2875.0,1.812034017696988,0.40964435829914303,0.8476168986881586,1.0257193274398066,1.1752572951316858,1.3533783745447414,1.5506716871149255,1.7290092597251294,1.9662580695996477,2.2900432999013254,3.0158036005741056,10.4695253760051,1.2754460544122137,0.240443310639821
35359,18.031087048223675,1.478281703523741,0.9999999999999998,0.5951516084677511,1.2601579396760632,1.15717270671822,0.7662823003955226,1.429031522300885,1.66464472332786,1.4840938965251365,1.888312566752012,1.438544751067321,1.9367456298535277,1.3213932214116861,0.6213956381962998,0.37487229035773123,0.6439458478230033,0.5369947239410774,0.48920912066510996,0.45061696524803424,0.86158338632892,0.48518820618070796,1.070075861873437,0.7445590285069883,0.6331716208638439,0.7488119367377613,47974.0,65856.0,6.0,58.0,0.003604325190228274,0.42788461538461536,0.6907051282051282,0.5387427894634581,1520.0,17.55551305784963,0.00454145610641758,-0.00029803298869295606,-15.238098729722653,0.006631732910536832,0.6604622074913071,0.026325688946241224,0.0026589869300770366,9.661392663723817,12.658329347823448,13.773479406051264,14.54056951837368,15.173436638537273,15.672470851955946,16.037872844110108,16.363779603853594,16.697877284721283,16.980560658026015,17.234678838308238,17.45224189395606,17.629215667397833,17.75927964751142,17.792621675704307,17.817710386231752,17.971733733449938,18.031087048223668,18.031087048223664,18.03108704822367,84.87550200803213,259.732,430.1004016064257,598.012,746.42,895.7831325301205,1014.564,1120.852,1263.859437751004,1387.068,1449.468,1491.7751004016063,1472.132,1389.444,1175.0,948.092,829.764,624.0,374.5,124.5,2497.0,808.0,1.8302811604454994,0.37259786112834525,0.9077756296431644,1.0952701868330676,1.2396133598730503,1.3933024157837404,1.5544854514380617,1.7007589720172176,1.9900692284865915,2.2786990420550777,2.9878669601905528,8.708754155517614,1.204231733809595,0.763641974953935
35360,22.151029596566985,1.8437704074059513,1.0,0.6309866869144359,1.1346916947017027,1.104812822819066,0.711064170111277,1.3944985386365507,2.418272909769905,0.47951719756703504,8.453413286689797,2.1888530435403384,0.674365574476905,6.06197357148541,0.6719325146372072,0.48037440829067624,0.43500643204746064,0.6081867450838312,0.6755711066351447,0.3119447026977751,0.9060042151798565,0.5808216356667399,0.8481016326105523,0.820052226465,0.8168343450294298,0.6081767811960351,18283.0,25279.0,4.324324324324325,36.0,0.006572769953051643,0.42387218045112784,0.6691729323308271,0.5678995806735487,598.0,21.178777195288944,0.012986751837630376,-0.0012004352773355947,-10.818369038983006,0.01908576991462503,3.3876507658713404,0.08977676199781115,0.007404954858165056,12.851024502588874,16.164961439249602,17.600939290528444,18.47209761232349,19.179954058352642,19.79292272603387,20.25478730752378,20.542416407556548,20.86563712727524,21.163808525392675,21.34500760003929,21.488738323987054,21.669160968923407,21.8360915323684,22.080711856187506,22.151029596566975,22.151029596566975,22.151029596566975,22.151029596566975,22.151029596566982,35.764150943396224,91.89622641509433,155.07476635514018,228.76415094339623,296.2803738317757,347.4811320754717,424.38317757009344,472.3679245283019,541.0467289719626,583.4245283018868,564.1415094339623,540.9252336448598,548.2169811320755,530.4672897196261,544.7452830188679,479.0,372.5,266.0,159.5,53.0,1065.0,295.0,2.0925125785353096,0.20562596278907222,1.0878259471576808,1.323300662233677,1.5124281945380627,1.6924208981184876,1.8822627916038743,2.2135058437220874,2.5183534101434506,2.7987238664223377,3.323140187166725,5.78312963933992,0.8398827919762814,0.849908652524464
35361,25.658792445235797,3.328579532552601,1.0,0.6590966483836517,1.1050799586220104,1.0447579715939064,0.697950626864734,1.1806980798969162,0.916563075756137,0.6445251672038429,0.6224880614245085,0.8772970397706635,0.9234538123407329,0.5272203555026163,0.9321361602856189,0.603986165971674,1.0263246592844797,0.8922029653083487,0.8653709055106691,0.8692524166500597,0.956187702764367,0.6192391357719815,1.0259236620873824,0.915224127273789,0.8872248436163278,0.8689127894380528,645665.0,979943.0,87.46938775510205,540.0,0.00027005130974885227,0.38645502010442295,0.6494328752325511,0.5913386323100431,19120.0,25.24164550785494,0.0003880381263989641,-1.4926815145141157e-05,-25.996042868211894,0.0006700537992163234,0.20649384622255434,0.0068451843041346366,0.0002669063153122379,16.513812683597045,20.10218590885115,21.44278003288889,22.286013594445446,22.905876054917183,23.403714197083954,23.798965801063748,24.102833988758935,24.41509273097705,24.665378787459137,24.903822525347785,25.113799351890886,25.2657459484846,25.408335761047095,25.589064248320728,25.65879244523577,25.658792445235775,25.658792445235783,25.658792445235786,25.658792445235786,1092.4597839135654,3302.4752475247524,5542.656662665066,7719.190819081909,9845.99699969997,11960.276110444178,13719.411641164117,14823.159915991599,16395.225090036016,17288.506150615063,18155.16471647165,18713.864945978392,18201.439843984397,17368.331233123314,17138.87274909964,14997.0,11664.0,8331.5,4999.0,1666.0,33327.0,8982.0,2.311638586962867,0.1781258957843265,1.0458279726426012,1.3236655272542504,1.552563282418133,1.7944448767781944,2.050064089478407,2.3411832670445514,2.6796824968290665,3.135556529606209,3.9418098776917994,10.714537300640918,1.4863604536429713,0.0436441008560359
35362,25.180497032304505,0.12140835742553142,1.0,0.6754588041573717,1.0621402642605964,0.8612193246632823,0.6272548864613898,0.6393235847086611,0.5845396025248473,0.3557355710415714,0.3571668638536137,0.6787348887618021,0.5671308087345899,0.5586636757916167,1.4760329096753197,0.8244327198176665,2.2405607770002733,1.713887354132951,1.3143504141811317,3.5045802009967986,1.2010495426854635,0.8222774234046762,1.1884956163003872,1.3945919561838063,1.3109143366638258,1.8589891640584213,6625.0,8987.0,2.25,24.0,0.020253164556962026,0.4847715736040609,0.7106598984771574,0.5095978042025419,62.0,15.162402204780408,0.31690157164162047,-0.1446708499974227,-2.190500516498424,0.0636017479057842,0.08124777609990608,0.06239530476059207,0.04575850705128132,1.1115095498432577,2.6102512104702007,4.39888558893796,5.961355598113637,8.435366496011588,11.290536765428891,13.119686080442033,14.295200431591788,15.14703474767199,15.867098447789303,16.799540675034734,18.11864392855669,18.87269194821318,19.444320639146817,20.150965608805446,20.68030169859914,21.428971000816507,22.345577298679597,23.28712261253194,24.296936112746245,12.384615384615385,18.205128205128204,16.55,23.0,22.95,26.153846153846153,38.25,48.53846153846154,56.9,53.23076923076923,45.205128205128204,43.2,46.51282051282051,47.8,50.84615384615385,51.65,46.56410256410256,47.65,42.17948717948718,14.9,395.0,41.0,1.8336973526927998,0.27011426567318575,0.504868538957349,0.5699641487441183,0.7091164651645027,1.2371463208115123,1.486108510074709,1.6571303775250015,2.324250755259343,3.0851352974537125,3.690105953965224,6.147824386569027,2.094473357498049,0.752731865758542
35363,29.837108921775297,0.6302874255201565,1.0,0.6682187002625173,1.034928813341483,1.0637674492644635,0.7095210372593561,1.1977913453827411,0.8252644585840414,0.5441211924019617,1.0045302441854886,0.7757940508093816,0.7668852138672603,0.8386521142081736,0.9578809622837282,0.7052075018784545,0.8110948780305071,0.9004608694748556,0.993920496850152,0.677158739839893,0.9346260559992287,0.6354572640398635,0.8689975883088358,0.8785999765695698,0.8956144084105295,0.7254999726443649,778570.0,1048036.0,54.10344827586207,344.0,0.0003561634077714856,0.43741986037897135,0.6814361020088332,0.5415241461709831,8426.0,26.89591353792295,0.0013275224480730574,-0.00035469326047187454,-3.742733781597532,0.0010402771582937434,0.039150590592284984,0.0031584434452718436,0.0004028174488608029,13.72203556082977,19.000352543462622,21.129895370778044,22.47404225883644,23.456956546405767,24.228317772898457,24.87245791980186,25.417756732257935,25.88159621548805,26.289496348034803,26.672458200220117,27.013534854948084,27.338115110535046,27.667557082401277,27.946264395540698,28.253442335735894,28.592451495361324,28.943816928656073,29.284839776991628,29.76360233678976,492.0317064481653,1375.9736467236467,2339.4527965799784,3312.6296296296296,4308.702991452991,5163.099750623442,6056.014245014245,6913.934472934473,7486.471677947987,7915.823361823362,8220.096153846154,8330.221232632704,8168.220797720798,7948.980056980057,7280.334164588528,6628.85113960114,5833.1531339031335,4770.273957962238,3092.8981481481483,1288.0420227920229,28077.0,5894.0,2.332285989778656,0.20901055168820235,1.3241968101029682,1.600607006625678,1.8124744003378521,1.9922744417943732,2.1704098920719472,2.359571445704243,2.5925891042925384,2.90715660038936,3.501629746910203,8.49250329374513,0.9601226821433102,0.0297456309711561
35364,19.769147392987534,3.0808783258034445,1.0000000000000002,0.6048700594349521,1.3017203387714091,1.1511798412993148,0.7290944629386829,1.5607084470726356,0.7686643925943174,0.6320422626464877,0.38309129871411485,0.6677187742679203,0.8668866584159516,0.24545987396471478,1.0092931670967114,0.6156797250732856,1.3707257844417877,0.876746734860768,0.8444443846024168,0.8782715227900564,0.8348659927166955,0.5040755728154832,0.9666201320876482,0.7252263831986479,0.6913721039435136,0.6193470240394371,191429.0,291971.0,33.76744186046512,184.0,0.0007050943063634761,0.4243278977523138,0.6746584398413398,0.5513085608082432,6082.0,18.80344767936533,0.00122804012076976,-0.00017841077142369193,-6.883217369501734,0.0014709800852520133,0.05801446170270649,0.006935274307526246,0.0006409159952660644,9.83611512303033,13.858648212485175,15.318018352921918,16.174434376145925,16.797058412364812,17.281094102920008,17.66595771016258,17.97866122385879,18.255167202245715,18.503758274098487,18.72431325877762,18.862128347792748,19.02148130269014,19.203543810230943,19.306845481849173,19.49058550221749,19.672237857412906,19.769147392987524,19.769147392987524,19.769147392987527,357.7045855379189,1023.9991189427312,1748.3201058201057,2521.679295154185,3301.23721340388,4025.5409691629957,4617.882716049383,5129.850220264318,5490.175485008818,5787.225550660793,5955.99295154185,5644.44885361552,5315.288986784141,5124.425925925926,4485.631718061674,4136.216049382716,3636.5541850220266,2836.5,1702.0,567.0,11346.0,3686.0,2.017510059745658,0.39850954680388256,1.0355010991594331,1.2301764017672587,1.3901506128600323,1.5656235085200647,1.7355501652207508,1.945217539580394,2.228279980133673,2.6257822601163623,3.3034575246420976,11.772799208801134,1.1873368008364786,0.16444690235192
35365,18.681042807172492,1.1473677902340893,1.0000000000000002,0.6834163136267375,1.0106868113160146,1.115024985791379,0.7367174138434662,1.3418629042380716,0.7116865741718108,0.5413467100695373,0.48428883207858764,0.6382696201795851,0.7348091682064675,0.36090783234936624,0.8807817975924487,0.6845554853096025,0.5718310917716837,0.7899211307514528,0.929196829674849,0.42614717939190466,0.8940086949211397,0.6496556862889105,0.6790055116120104,0.8017835531161887,0.8818248002305886,0.5060170524630153,82738.0,120840.0,23.56756756756757,184.0,0.002170138888888889,0.4471456479270675,0.6830909485565444,0.5428845525415888,1716.0,16.98390501956106,0.005436603989795315,-0.0010533468958785596,-5.161266446094033,0.0038058769300929897,0.03762740821026652,0.007162894412725775,0.0017414820711791,5.708547096765843,9.916037483917075,11.635468179825706,12.772411504394931,13.639445510926038,14.301547368076928,14.860829627215548,15.338362290595194,15.74836680545348,16.10491801495607,16.414677121392213,16.717319137026585,16.98862559683755,17.251462579911507,17.472867702334483,17.6832579861488,17.94219881358384,18.169443931811564,18.492939971430335,18.65590747795445,96.91304347826087,274.49891540130153,477.3167028199566,669.5791757049891,846.895652173913,1021.5206073752712,1196.7765726681127,1379.4295010845988,1504.391304347826,1578.4815618221257,1652.297180043384,1687.3405639913233,1688.2434782608696,1617.4251626898047,1504.9284164859002,1320.17136659436,1156.195652173913,882.7418655097614,618.6746203904555,221.0108459869848,4608.0,1042.0,2.4081425111556256,0.2529234222894083,1.4780630568046618,1.7416815140178914,1.9447434115866666,2.113349239767584,2.2863812523970335,2.4933547181488938,2.6854918905017957,2.9359499002316487,3.487037961774943,9.248186863425758,0.8086095238140395,0.159593160469085
35366,14.45558982756985,0.21474553799341511,1.0000000000000002,0.7027180677751055,0.9233580367190808,1.0077675976445535,0.7065591651012519,1.0763656689071481,0.7624086207771724,0.5596977452970189,1.0051848560836185,0.756532183173128,0.7921456163077477,0.9338693021528635,0.9947813048701479,0.7456896830260258,0.7282642900470324,0.9871138020266197,1.0553817993701438,0.6765956134465448,1.006748974667878,0.6987859870011233,0.7627577253238204,0.9989892282912683,0.9889985460750272,0.7086418188144749,9255.0,16367.0,7.92,54.0,0.006,0.4164164164164164,0.6716716716716716,0.5763622747379211,418.0,13.415323680600714,0.02058681191734403,-0.0024209127594003095,-8.50373968967128,0.0142550993889654,0.09918360274735767,0.02270168207159783,0.00653310455375589,3.836490799913808,7.051217474287,8.4670431465075,9.555218036037553,10.320306687685818,10.846291569198515,11.277688021710695,11.760627478139941,12.115116035477238,12.455566198048414,12.830829518976861,13.111571011520487,13.392626640259177,13.614059563571141,13.82600925900383,13.97824673733214,14.314547827863903,14.45558982756984,14.455589827569845,14.455589827569845,28.515151515151516,72.36,117.68,164.84,221.24,266.64,301.06,326.82,342.68,348.08,389.32,405.24,408.94,405.18,378.54,322.22,308.02,249.5,149.5,49.5,1000.0,206.0,2.44107663572883,0.6603157611114413,1.4313596068009593,1.6703147456496703,1.8815471015800067,2.061968816403222,2.2162077053647855,2.479102865706068,2.810265526996381,3.2033803348622456,3.807340101749971,5.2861887790835915,0.8647377431575352,0.993097264524549
35367,22.321084306157708,0.42159888885077,1.0,0.8547055058801594,0.6529698901831376,0.9452073502096935,0.7295907861433679,0.7706466951802127,0.6238049694620555,0.49477077968424665,0.2754712701000936,0.6599662701772949,0.678148338878586,0.3574546829603619,0.8344935262113755,0.7780042775953956,0.3412949431897043,0.8828682151342176,1.066357048871111,0.44286823692910776,1.2227471753406651,1.3465352660638659,0.595546427020778,1.2936285092042499,1.8456034418714076,0.7727878815875695,40935.0,58903.0,15.941176470588236,160.0,0.0030905077262693157,0.4368374558303887,0.6691696113074205,0.5692776461202371,580.0,17.584053358769637,0.018163950097668743,-0.007351047843530654,-2.4709334620443353,0.009672917587149707,0.09916370976364458,0.008584251208326187,0.005576509806206374,6.741829633561411,10.241472501946323,11.595751689853751,12.561131006864175,13.397538520399658,14.220443530307284,14.900762243033741,15.503614627931132,16.04024437584196,16.570336063870258,17.08188037473433,17.565207704204234,18.04096055582122,18.43193218559181,18.825950384703756,19.27481438246048,19.76640092739316,20.213262316612873,20.809917726499375,21.53785012992873,40.17256637168141,129.34070796460176,211.54625550660793,273.19026548672565,332.3171806167401,382.0221238938053,413.431718061674,465.3495575221239,497.8325991189427,524.1194690265487,561.8805309734513,563.784140969163,548.5796460176991,546.1497797356828,512.933628318584,470.215859030837,413.35840707964604,320.0616740088106,227.03097345132744,94.00440528634361,2265.0,285.0,2.514614302866075,0.27401620273807203,1.2587525371366082,1.5896368036568502,1.8701453977403626,2.119987027327439,2.382231903379438,2.642350134329654,2.9523678917906286,3.3412683983889697,4.127165024055449,6.160601708971174,1.2146324776412885,0.192222259957343
35368,15.865558643166596,2.0316308150309554,1.0,0.5974716299824581,1.2776648565010997,1.155499069030657,0.7394723686364715,1.5936290792284997,0.600508201281999,0.39637459343701864,0.4679302305532269,0.5196959628758183,0.5360235354945068,0.293625559832128,0.7663936292286824,0.5231839663052811,0.5222347498555132,0.6632576778028965,0.7075098252420046,0.32770156911816334,0.8625974514022451,0.5182329867018427,0.9884211309988238,0.7465150552876466,0.7008145384220689,0.6202328659046141,67884.0,107318.0,17.53846153846154,96.0,0.0015076459185871204,0.4276174062903921,0.6820336062042223,0.5502168988108106,2390.0,14.954505006792159,0.0029154286145232798,-0.00048151252913518935,-6.054730537872971,0.0029801654089047047,0.08088080106843418,0.007579381914179547,0.0013618294010413195,6.826323526239711,9.780754214445173,11.160944023977846,12.06015213943445,12.732170317553415,13.203119750822989,13.609188277379436,13.9435658560934,14.24011537467678,14.4870101140865,14.681657352096154,14.877601135953016,14.988382018331857,15.091015943637869,15.32281808087046,15.487173308456445,15.630393965446068,15.818353107974128,15.865558643166592,15.865558643166592,156.33189655172413,462.1336206896552,754.2629310344828,1046.3440860215053,1356.1853448275863,1636.75,1867.3146551724137,2063.07311827957,2242.8663793103447,2334.176724137931,2344.637931034483,2341.909677419355,2129.737068965517,1859.8706896551723,1820.8318965517242,1646.1182795698924,1371.1120689655172,1112.2672413793102,696.5,232.0,4643.0,1464.0,1.997204569353034,0.33663865793846454,1.0166455217716073,1.2452586420430032,1.4329995456095508,1.6203683446922328,1.8063091521073242,1.9683812409797636,2.198124524321033,2.514821362499358,3.0946011260000614,10.616941146163349,1.0815662508005948,0.264383786800317
35369,32.430262852641995,0.27653224891834466,1.0,0.7422705529967576,0.7507979369617088,0.8810813410631937,0.6235890306962537,0.7138478856859468,0.7547977667891443,0.5863675327267237,0.3840385635857805,0.8566720592202486,0.9403108519597094,0.5379837515617942,0.9716865397181019,0.8416775746258415,0.5301010008530517,1.1028340908293162,1.349731206281942,0.7425965832253882,1.2603722564672402,1.1798381291960123,0.906864718808639,1.4304834272694495,1.8920123208047641,1.2703893042104053,32224.0,42572.0,6.093023255813954,56.0,0.005438477226376614,0.46190476190476193,0.6952380952380952,0.527491497797986,247.0,24.06409093174904,0.0631109210862879,-0.03539230765767602,-1.783181862474575,0.021873286124982072,0.11254537918088632,0.019588300994914393,0.012684923913738773,7.444834737145273,12.275640338719784,15.192310115482188,17.071566247858122,18.561762115964836,19.70217275459616,20.67278019125901,21.56636450570071,22.463460748896228,23.23263996735971,23.972725837188293,24.671135116605587,25.258555099343823,25.934501587845393,26.576614183432422,27.281422043874464,28.097336235751143,29.038766375863815,30.042386495591458,31.51061677118503,18.972789115646258,40.93877551020408,65.4625850340136,82.31292517006803,103.58503401360544,147.55102040816325,167.3265306122449,184.96598639455783,210.12925170068027,224.4625850340136,239.69387755102042,232.02721088435374,228.10204081632654,223.156462585034,215.29931972789115,210.39455782312925,191.35374149659864,161.52380952380952,113.81632653061224,51.054054054054056,1471.0,142.0,2.36914874542378,0.44919259019217955,0.8567042838402531,1.18311055980836,1.3990561455417199,1.829357338630926,2.3080975771546672,2.639596658850173,2.960673914539174,3.3131876267744285,4.078281949110032,6.235558910693079,1.550049111610825,0.288204886491876
35370,19.996627314236253,1.226286573205769,1.0000000000000002,0.7606235366449174,0.8987757872784643,0.9740755311754353,0.7013600195994598,0.999992289701569,1.3704572002544169,1.2126697066115215,1.2729681141459945,1.4069311428043576,1.7290259962409404,1.2729779291857246,0.7971746801371977,0.5982678351247681,0.5187794407129339,0.8183910329574052,0.8530110334296405,0.5187834406880827,1.072868151651073,0.868289770176463,0.8327446106125417,1.1014219301417238,1.2380086487854487,0.8327510313715123,8405.0,14177.0,5.538461538461538,30.0,0.007009345794392523,0.41871345029239765,0.6584795321637427,0.5751796394184772,287.0,17.62166488232789,0.0342537122457531,-0.008377826488276606,-4.088615620493639,0.021953614901790038,0.3572859494404665,0.03725594281580294,0.00985751884045396,6.985930461169956,11.330558213671097,12.762168798750412,13.795454314872831,14.644491343651897,15.412268304181442,16.00100287097186,16.48336781907674,16.880927081169467,17.27736000995234,17.660621752644584,17.939389140520763,18.25677607539448,18.562459321717398,18.842956030390603,19.10254164225302,19.33634067744723,19.617422026174452,19.985339942402483,19.996627314236257,16.235294117647058,60.63953488372093,98.15294117647059,127.22093023255815,150.25882352941176,177.91860465116278,214.57647058823528,242.9418604651163,257.05882352941177,272.0813953488372,280.8488372093023,275.61176470588236,271.9186046511628,272.54117647058825,267.54651162790697,241.0705882352941,193.91860465116278,150.7764705882353,124.5,42.5,856.0,154.0,2.555132862391661,0.73562430162347,1.3770089226675828,1.6419483179057037,1.872525071321485,2.0897743339194568,2.4084295688545265,2.6711394176486625,3.12054321222935,3.412657502612363,3.799938169352677,6.282453010282879,1.1763797573491246,0.610563938391861
35371,16.837258458896528,0.027670085180944326,1.0,0.6829579061750386,1.0301964909432488,0.9776698604838037,0.6247318817264682,1.05602307356574,0.7224994249815124,0.6351130727217899,0.3130352629061631,0.7390014300164484,1.0166170341213143,0.29642843110347616,0.9499122471772167,0.6257756204821626,0.8584249540799753,0.9716083982655954,1.0016706987208817,0.8128846571329544,1.0433438594397741,0.7430080996667474,1.043926943970254,1.0671740038334325,1.1893231663052297,0.9885455821011159,11701.0,20249.0,8.592592592592593,52.0,0.0051813471502590676,0.3993085566119274,0.6629213483146067,0.5871156902559723,525.0,15.711632103035761,0.015300522743701469,-0.002281834842091315,-6.705359415792972,0.014528598421534646,0.25398923762912823,0.031019504565544403,0.005882221345992498,6.5646932945380625,9.898286092285618,11.432879218929392,12.314881158577013,12.942655387235936,13.5614164635298,14.000983355638315,14.44256129587216,14.793906553285806,15.110018748072456,15.380355904332152,15.6753083349094,15.90003642275472,16.0346363253374,16.14017094126604,16.329035417071,16.3962812275264,16.772269077711357,16.837258458896518,16.83725845889653,34.426086956521736,98.51724137931035,154.3448275862069,218.8448275862069,278.0521739130435,327.2413793103448,370.3965517241379,437.1034482758621,474.04347826086956,493.82758620689657,488.41379310344826,512.2931034482758,512.3304347826087,484.2931034482759,427.2068965517241,392.7586206896552,295.17391304347825,271.0344827586207,173.5,57.5,1158.0,245.0,2.421067283770383,0.26089314623824594,1.242243459096397,1.5915720462557978,1.8859754102785884,2.0822402036918835,2.297273493768464,2.5797250190030887,2.864210321915831,3.1386276470975707,3.647190797677613,6.168700558337433,1.0025634695430377,0.81815636318177
35372,27.13178907428011,0.4548094054279771,1.0,0.6986153604086364,1.026978949605502,1.058795360871478,0.7514588994556889,1.1029119454461134,5.638066806480534,5.638066806480534,0.09257050518232833,5.3249825366064405,7.502827913229062,0.08393281581956642,1.0242601187548455,0.8272560072328397,0.7615435799460005,0.9673825147021733,1.1008666047232305,0.6904844789199978,0.930539663408117,0.658223208983745,0.9198673265680047,0.8788663964698563,0.8759270925669013,0.8340351470179521,17206.0,27696.0,7.67741935483871,58.0,0.007147962830593281,0.4012875536480687,0.6638054363376252,0.5774361518756226,757.0,26.12094647051848,0.010518313822901257,-0.0015098550263461465,-6.966439584835908,0.01908224582893572,5.942320820722464,0.1436720701919504,0.006748380889934462,16.938558574564393,20.819582975241975,22.193524821108603,23.138148250732566,23.818958156348675,24.376785356256747,24.810423636843165,25.125817645135157,25.382765801289054,25.625356867150973,25.910677391996895,26.12673975676643,26.23625564151693,26.36314619274147,26.565651507056696,26.57142122119046,26.711773766867722,26.92837558308132,27.131789074280103,27.131789074280103,44.03597122302158,124.21428571428571,207.67142857142858,281.65714285714284,366.87142857142857,460.25714285714287,548.3021582733813,611.2857142857143,633.4857142857143,651.6714285714286,710.8428571428572,739.5,679.0142857142857,620.7697841726618,598.5428571428571,461.8142857142857,375.9714285714286,302.07142857142856,209.5,69.5,1399.0,383.0,2.3799736218880305,0.6219445603194185,1.2452563523093862,1.5519972546102792,1.7472490167773231,2.0020251369965747,2.1960592264580936,2.54095575033579,2.7735711945354122,3.1909071309470556,3.677104335171931,5.740442094832163,0.9318249587931178,0.969921664500143
35373,19.268531720851566,0.48033315659612374,0.9999999999999999,0.6985611145759056,1.058869170746282,1.135051499237403,0.7966639029937814,1.311269358088355,0.5253623367310982,0.239506989929572,0.6454028962529033,0.46285330408714387,0.3006374319578548,0.49219703966377226,0.660977727371386,0.4027884026508826,0.5655964601879384,0.5823328085249624,0.5055938911468751,0.431335069868862,0.9142455556457719,0.6687374377896653,0.8019299523581629,0.8054661451573061,0.8394222899727457,0.6115676747966285,13757.0,19917.0,4.242424242424242,32.0,0.008968609865470852,0.42424242424242425,0.6745230078563412,0.5464999398069156,347.0,16.93698637205017,0.026981052544023762,-0.007109731607566297,-3.7949467059080075,0.02108664260859197,0.3145175283802078,0.04174013195443606,0.008831094097986842,7.8355936724187325,11.478358097711608,12.793325742644928,13.688204496945126,14.487170388564167,15.11919895505648,15.631099273920174,16.03139747419333,16.446029425884202,16.84754703203095,17.152715465855188,17.362446396360582,17.715453181012638,18.02590884203024,18.29931000782645,18.563972623321,18.787454545622257,19.102046890003972,19.268531720851563,19.268531720851566,21.95505617977528,76.3932584269663,108.15730337078652,140.37078651685394,178.69662921348313,207.17977528089887,233.2111111111111,268.60674157303373,296.46067415730334,331.1685393258427,335.561797752809,310.8988764044944,312.91011235955057,301.3222222222222,298.29213483146066,277.40449438202245,223.1685393258427,193.02247191011236,134.0,44.5,892.0,218.0,2.217958095787358,0.3590443044656846,1.1879896815500008,1.5339412980980185,1.7563375442136244,2.0249645254558075,2.1891369911062983,2.3612866850428045,2.5481212735607905,2.87330147580454,3.29774802582117,5.588539698005323,0.6912201269494564,0.621811224101111
35374,19.12150940670828,1.7674647002156183,1.0,0.7199459559286825,0.9499767585091955,1.0316694612163728,0.6730148269460837,1.1606750413652565,0.668556421063395,0.42317651263271194,0.49487389815239996,0.6480335477558331,0.6287773993820396,0.4263673125686404,0.9562266854279136,0.7055686122760576,0.9161298894123884,0.9268731133133381,1.0483700864031362,0.7893078223985766,0.9836394226440975,0.7573329424278771,0.6992454793875812,0.953444353663773,1.1252841870726693,0.6024472436015219,38200.0,55650.0,7.6923076923076925,58.0,0.004001778568252557,0.4199288256227758,0.6632562277580071,0.580166454619091,836.0,17.05345414321986,0.011981583393858193,-0.00277590492487495,-4.3162801746165504,0.007719770776909549,0.08953619207519425,0.014853610638309828,0.0036426501305569484,6.258017725252352,10.11812049978455,11.858411051168218,13.097722757097953,14.063581956343233,14.772281284146363,15.323942221743891,15.755223734158195,16.200596424564853,16.565728805498,16.905251866691007,17.161001366212556,17.440457822671576,17.70754981884857,17.964408500761365,18.1896191202994,18.386881577031147,18.72501195591049,19.087137297429006,19.121509406708274,53.839285714285715,138.9688888888889,228.34222222222223,310.8355555555556,408.70666666666665,494.18666666666667,566.2589285714286,615.0444444444445,689.4133333333333,759.4088888888889,813.4133333333333,794.5288888888889,776.2666666666667,746.9821428571429,706.52,614.1777777777778,511.08,420.5422222222222,324.2888888888889,112.0,2249.0,475.0,2.6229331399306166,0.573990955719894,1.4475111252746156,1.75437290612902,2.053239318988606,2.3159899926161307,2.526722873709799,2.743337831976478,2.9838519074479755,3.3235831543770322,3.8811626713853298,7.045880669495505,1.103459658239786,0.284029598042835
35375,36.40254449993101,1.3397303381619776,1.0,0.6763621405788472,1.0220588949099225,1.0600932554039149,0.7520652818404715,1.1494518083044578,1.1577198964968667,0.7345284344381772,1.130308971791585,1.092092502801326,0.9766817484788318,0.9833461164926,1.5519522767167533,0.5636082334010729,4.611703865681812,1.4639771254137743,0.7494139764327344,4.01208979129319,0.9199163449899885,0.653878567291488,0.7660208744562425,0.8677692649213994,0.8694438941408135,0.6664227842541658,41646.0,53492.0,6.666666666666667,96.0,0.003683241252302026,0.40540540540540543,0.6627764127764127,0.5675499906963067,680.0,34.7631867896402,0.017091140547430654,-0.0025855989885930843,-6.610128106806906,0.021537355136221764,0.7554815031846261,0.26958153555341285,0.007713591053533968,19.670765485696354,28.06236189081336,29.626912327918248,30.782339239658004,31.670536935725877,32.38446094255991,32.92843988528443,33.3889224048766,33.79084332116043,34.17093920193013,34.48914788389988,34.77107595267796,35.01087614371052,35.27274192062352,35.45929780180811,35.66053320900262,35.897242703128725,36.1342833325256,36.358082432922494,36.402544499931004,19.055555555555557,92.05521472392638,153.7914110429448,234.96319018404907,296.4049079754601,358.1165644171779,417.6111111111111,486.71165644171776,542.6196319018405,588.4049079754601,637.0245398773006,663.3251533742331,638.2760736196319,619.4629629629629,565.4355828220858,515.3067484662577,439.5950920245399,347.26993865030676,236.159509202454,81.0,1629.0,343.0,2.233263163850184,0.28743569078601594,1.2307716304606626,1.4978372619365619,1.6744090512103154,1.868810763556698,2.0494516443941873,2.2529082157294043,2.5437120490663907,2.9507783319325096,3.458958610134254,11.053211004992733,1.020576181975223,0.616870023407973
35376,21.25359570449048,2.342148799727754,0.9999999999999999,0.7270650915952092,0.9305287897848991,0.9457254251963451,0.6212519790360789,0.9119807247272123,1.0196670720142276,0.7387583596359988,1.063585973193768,1.078185110443162,1.1891444769033015,1.1662373385269773,0.9965055689809047,0.8626849091031656,0.7272113425470835,1.0536943836251595,1.3886231967287876,0.7973977111902271,1.0779960046511923,0.8202103431085427,1.012891328615903,1.139861503065106,1.32025389179631,1.1106499305880337,8712.0,13740.0,4.620689655172414,24.0,0.011658031088082901,0.4578469520103761,0.6977950713359273,0.5405145871482604,209.0,18.641732897739445,0.06712560713445483,-0.013197600580654454,-5.086197807262791,0.02452846550552883,0.19968777164871765,0.03510908750455202,0.013140925515311529,5.251329197944956,9.337900019342625,11.219508958081557,12.815353227199463,13.955654892974605,14.934371553857734,15.852529216875435,16.63698916959796,17.298070765227372,17.844177645803857,18.319968539402954,18.697419797227166,18.996725268714304,19.417817973740434,19.775834405102692,20.00249525846585,20.26749898774226,20.84817042345955,21.18393807515382,21.253595704490472,14.38961038961039,38.506493506493506,61.94805194805195,80.68831168831169,104.72727272727273,107.9090909090909,119.42307692307692,141.35064935064935,165.80519480519482,172.85714285714286,191.5194805194805,201.74025974025975,186.03896103896105,199.73076923076923,201.76623376623377,174.16883116883116,138.1038961038961,149.67532467532467,110.41558441558442,38.5,772.0,115.0,2.4777256432198933,0.6186478271716439,1.2536131727153337,1.5841580089982716,1.87409494202768,1.9746818889110713,2.226879075468546,2.572847901781878,2.9340607688987452,3.3906307958955995,3.8388318468537705,6.498070341687919,1.0900281221556734,0.92325525872875
35377,34.052332483107904,1.0162047074356437,1.0,0.6379546195958778,1.1201927049843994,1.1234711337477208,0.7609823658456123,1.2802061719798066,1.3185356479567152,1.3363435127936887,0.7283380075755079,1.173626636545872,1.7560768458921232,0.5689224310246462,1.7349305434418492,1.1553285657391175,2.715488510362811,1.5442591191946313,1.5182067516837965,2.121133743765175,0.8675921218186196,0.5397331255250168,0.9080999558280665,0.7722424686822797,0.7092583872495642,0.7093388359655483,97658.0,128600.0,7.384615384615385,66.0,0.0020387359836901123,0.41600815702268673,0.6693856742289065,0.564342543458677,2278.0,33.58179751047149,0.003331479763635415,-0.00013686069213529468,-24.342122720978608,0.008421138867109932,0.8326578688538783,0.3057655715173716,0.002866085712766233,24.042703813642476,28.610671428489205,29.80444381180231,30.599619037714305,31.193735600768896,31.680313194519474,32.097273653690415,32.46107090375747,32.74495044310892,33.024195341902775,33.25472715858157,33.49059066893103,33.683073253325034,33.85190626806926,33.93644335819641,34.0459899228422,34.052332483107875,34.052332483107875,34.05233248310788,34.05233248310788,109.43877551020408,371.9744897959184,632.8346055979644,901.6224489795918,1146.6173469387754,1382.2417302798983,1621.6173469387754,1839.0051020408164,1991.409669211196,2102.311224489796,2163.8571428571427,2241.936386768448,2241.285714285714,2185.1020408163267,1937.9949109414758,1755.6173469387754,1373.5,981.0,588.5,196.0,3924.0,1090.0,2.004009441401431,0.29914879770023256,0.9781184680184823,1.1801089898167743,1.396462661262367,1.557057867157483,1.7757485955341448,2.02739659541957,2.301845707144796,2.6288431227645783,3.4154991934339143,6.634144937429848,1.0542479492708505,0.37662880754564
35378,15.291865790340454,1.9100362229770096,1.0,0.5913993819560398,1.2700794926611756,1.1825935422197584,0.8063410877539119,1.5579362438504034,0.8523453738076364,0.6056563787977195,0.7435746453440798,0.720742455778815,0.7511168511638098,0.4772818196374662,0.8787520633319729,0.49066915029397073,1.0263796402882337,0.7430719278937823,0.608513143812062,0.6588072164953042,0.8065075311970742,0.4750989932225188,0.9024819015982196,0.6819820186767119,0.5892035026342535,0.579280381440871,33025.0,50129.0,8.333333333333334,56.0,0.003418803418803419,0.42112013681060284,0.6669516887558786,0.5527559310883455,1233.0,14.003516243835644,0.0059135515962272815,-0.0010022814639034812,-5.90009075214899,0.005721175531151537,0.08247215389921028,0.016212858775358246,0.0025852735222901234,5.76170381205479,9.31575678805438,10.723133574414389,11.537473402798097,12.196868367033128,12.708126450155845,13.085340274167825,13.407902729366349,13.698852378112791,13.9603827192278,14.07701676010397,14.338576859067373,14.546297961401812,14.743074426177117,14.949248366104193,15.12517745512765,15.289722885515364,15.291865790340443,15.291865790340443,15.291865790340456,72.47210300429184,203.38888888888889,356.0726495726496,495.85042735042737,644.4059829059829,799.8162393162393,941.7307692307693,1052.431623931624,1129.542735042735,1197.423076923077,1088.8418803418804,1116.3803418803418,1090.491452991453,1042.9017094017095,1009.1068376068376,915.6367521367522,817.3717948717949,584.5,350.5,116.5,2340.0,745.0,1.8792926576443594,0.5750121845125954,0.9308933924905595,1.083851030481991,1.2384528210329304,1.4104428144060606,1.6146647838952792,1.8134140675726738,2.0338693735913065,2.43437248333409,3.0641909999616157,8.300637368402567,1.2306365142818905,0.703041333402507
35379,14.872349570297821,2.3392833598288645,1.0,0.678385464629218,1.0408217254424643,1.0574420942374978,0.6991290828560703,1.1991502830221998,0.8640809574002745,0.7014297276583272,0.8431004790197593,0.8171425765146483,1.003290729650179,0.7030815828145461,0.7926174637019531,0.5924807670430025,0.5417730853886263,0.7495611041222026,0.8474554722035165,0.45179748782046236,0.9737331265544575,0.6809507799371576,0.9375783954076052,0.9208382490736751,0.9739986457942058,0.7818689689541172,14021.0,25933.0,11.925925925925926,58.0,0.005063291139240506,0.37048765041165294,0.6377454084863838,0.6082592859340629,905.0,13.454533404468416,0.007609987280608076,-0.002001814436105406,-3.8015448102240437,0.007937344021829612,0.25377889670864917,0.018950960141834824,0.003804917109963798,6.608750425127423,9.246185175540688,10.375125234121958,11.182875634727727,11.810944091268041,12.27426337705882,12.634235140665245,12.935578014131133,13.217907693157226,13.475359210151188,13.530046675882655,13.66796546769328,13.819118125463453,14.11862469963023,14.38695849653008,14.671718214819117,14.831021225083175,14.872349570297812,14.872349570297812,14.872349570297812,61.75796178343949,174.31012658227849,295.4113924050633,396.373417721519,485.67721518987344,592.7278481012659,670.4367088607595,748.6645569620254,826.3227848101266,876.993670886076,762.5,687.8417721518987,611.4746835443038,610.7911392405064,597.0316455696203,597.0949367088608,529.7658227848101,394.5,236.5,78.5,1580.0,427.0,2.3382764102157108,0.4382244449377094,1.1978516014098541,1.4277493375643047,1.6902785708692485,1.9322281807974395,2.192185907711256,2.4651258933245717,2.788142815877972,3.143499514536889,3.6746029669525577,7.727030244192009,1.0166003041826823,0.800124175944366
35380,14.278163439400643,0.25230774305323483,1.0,0.6383735069235467,1.188648760751143,1.1006320920136492,0.7508060326554045,1.3246254803764703,0.5397339990121114,0.35365444430190207,0.2997242682594023,0.4903854820593565,0.4710330350584942,0.22627095182724252,0.8917141111703591,0.6746576820346808,0.6422514359732054,0.810183636876273,0.8985778652424956,0.4848551122470269,0.9103859326534338,0.5508690797918402,1.1036011747688923,0.8271482716698251,0.7337035876544045,0.8331420398581183,25513.0,36635.0,5.157894736842105,44.0,0.003056234718826406,0.3963302752293578,0.65565749235474,0.5815778226290803,1080.0,14.224833054823247,0.006311677610592381,-1.5328521786743515e-05,-411.7603574827989,0.00857850501305652,0.12509620979355587,0.023474025754834843,0.0033964380179969792,5.753041136974391,9.13864733392158,10.391938564080146,11.18049407088718,11.766742656953994,12.27419331407596,12.656710388272785,12.986773956604189,13.270776985530908,13.541198738625603,13.720511021505555,13.945952603168633,14.106405836650776,14.251464544353812,14.27733501800308,14.278163439400632,14.278163439400634,14.278163439400632,14.27816343940064,14.278163439400641,55.895705521472394,172.03658536585365,291.5950920245399,398.3292682926829,498.19018404907973,615.7317073170732,728.760736196319,821.9024390243902,921.9693251533743,1012.1951219512196,1003.4878048780488,1036.993865030675,1043.1097560975609,1034.0552147239264,898.9634146341464,736.0,572.5,409.0,245.5,81.5,1636.0,455.0,2.1546175093857767,0.29288547260324616,0.9501055303020066,1.193782484515311,1.4330369205474627,1.6758666338376231,1.9694849079214696,2.2491264532903177,2.5709196655171764,2.9704554370628125,3.5765486466173306,7.8548031040203945,1.2731970468886304,0.713905564565212
35381,41.68312113668887,1.6561742321247106,1.0,0.7256631079862762,0.95260453821713,0.9759472895412796,0.6653661359368956,0.8887350596233352,1.7334967227691407,1.622730900889616,1.7023769921107064,1.776219618975456,2.438854058306806,1.9155056095482605,1.7829202098452868,1.393164300612055,2.863039253037464,1.8268611726800381,2.093831088428259,3.221476661729628,0.9660801731218188,0.7318223965906572,0.8567069829084211,0.9898897035473109,1.099879235002222,0.963962177064908,11719.0,15629.0,1.9487179487179487,18.0,0.008051529790660225,0.42096774193548386,0.6758064516129032,0.5614603400342174,220.0,40.223942013082485,0.0733247009413641,-0.006201035558512436,-11.82458965917524,0.06455959178155508,0.9210634519598212,0.46633239453156705,0.02404507121627055,14.374340212317529,28.706434954215585,33.84138633104938,35.51599352643114,36.463165693265516,37.23687000023232,37.92606924505785,38.46843931785194,38.82267797967634,39.16199596392814,39.59283731024849,39.9642419049947,40.278229686984076,40.63570993900104,40.84971414415471,41.080683048749336,41.37825364125684,41.603823535612115,41.68312113668885,41.683121136688854,6.370967741935484,11.693548387096774,30.596774193548388,61.08064516129032,94.46774193548387,114.85483870967742,139.8548387096774,156.11290322580646,183.98387096774192,192.66129032258064,202.6290322580645,205.01612903225808,212.88709677419354,204.56451612903226,198.98387096774192,182.33870967741936,175.53225806451613,144.66129032258064,93.5,31.0,621.0,117.0,2.327622877274806,0.445357906438798,1.0434339670082602,1.395881360042684,1.7184927632487244,1.971076254067911,2.294697007091395,2.57538871888473,2.776804012163998,2.992154636288055,3.741381346202918,5.816770929493448,1.0956011221273607,0.806325833029114
35382,22.628589630724147,2.034126193560127,1.0,0.5910563263116776,1.3766345082870517,1.243566415900647,0.8251823035079614,1.6927085031615596,1.6452780647736747,0.975596146419033,2.041071557602687,1.3230319215255504,1.1822795305614797,1.2058021530526206,0.899669757932475,0.47154449641771956,1.7714695571671726,0.7234593556315152,0.5714428125919815,1.0465296026211879,0.7466613012574853,0.44041482310461766,0.9008561783587339,0.600419319555779,0.5337182113968693,0.5321980581276445,41441.0,58587.0,6.571428571428571,58.0,0.0038510911424903724,0.456763698630137,0.6896404109589042,0.5306527541654268,1509.0,22.477214282187777,0.004481136639717168,-4.765365609491945e-05,-94.03552648282364,0.008816123046731173,0.7474246191337197,0.09106942415438271,0.0033130832535834664,14.28920460473176,17.805449796220316,18.80549429659068,19.52839018803112,20.036757339382156,20.51958851080434,20.924038595748485,21.243112666121384,21.524538689478348,21.773329487473877,22.02596242386803,22.19831878635357,22.412259814913888,22.53719962466904,22.62858963072413,22.62858963072413,22.628589630724132,22.628589630724143,22.628589630724143,22.628589630724143,90.30901287553648,266.44017094017096,445.8068669527897,603.9017094017094,703.4059829059829,861.2017167381974,1010.2008547008547,1128.8589743589744,1245.1030042918455,1354.337606837607,1462.3632478632478,1441.2188841201717,1478.9102564102564,1413.2179487179487,1285.0,1051.5,817.5,584.0,350.5,116.5,2337.0,882.0,1.7852233637275845,0.362658314361813,0.8623624652838605,1.0494892936906624,1.1925169035838583,1.3846402748187752,1.591541906993274,1.8052868447445776,2.018638760596542,2.354404834981114,3.001153725655515,8.300075668595799,0.9410881866188634,0.568065409958363
35383,14.39294712468364,0.5173806987618592,0.9999999999999999,0.7904958434982083,0.8109281974494474,1.0257459521397216,0.7089507398527941,1.0125046205226762,0.5041197804177281,0.4083958303465733,0.16929992659402998,0.4914665072439492,0.5760567094286018,0.16720904098850808,0.973383155466288,0.9020180806173828,0.4139078224439324,0.948951495675704,1.2723282873005775,0.4087959837953771,1.0717897375884675,0.8559766734141383,0.7691689104952468,1.0448880986102824,1.2073852600702166,0.7596695312839024,3965.0,6813.0,3.84,36.0,0.013043478260869565,0.4117647058823529,0.6623093681917211,0.5563262804517447,160.0,12.083541246532704,0.06794774355325917,-0.012551868934817028,-5.413356680675829,0.030229992213337213,0.09460892811689103,0.028900693463071503,0.019388523671256135,3.148141132758034,4.93939651389243,5.9074083091662715,6.708506520081641,7.556436448793057,8.440200179150914,9.206777856682164,9.849678321807088,10.386704092807737,10.860399884026858,11.287799991028104,11.67708782856376,12.052796663849922,12.474516668509303,12.781709746230609,12.931241433568378,13.200590926785868,13.446426568696197,13.743898733307299,14.304817755466146,16.08888888888889,37.630434782608695,60.02173913043478,69.28260869565217,79.1086956521739,78.1086956521739,89.58695652173913,103.80434782608695,115.67391304347827,126.54347826086956,134.54347826086956,141.06521739130434,152.15217391304347,149.3695652173913,152.32608695652175,126.32608695652173,102.54347826086956,76.6304347826087,50.97826086956522,20.195652173913043,460.0,73.0,2.5639117444633115,0.588393358577244,1.2468353099469232,1.7013933740027118,1.9831052219918186,2.2392802138714445,2.4625576691334206,2.8477434594904873,3.080675950556939,3.4798494309970622,3.79069879078013,4.707118355370307,0.9537212726348592,0.959835573730525
35384,24.045888052705497,1.7282545820641326,1.0,0.6837324998295365,0.9884515676956355,1.0547003222757274,0.6969246417148355,1.1648271254966662,0.9524535716212973,0.7587735473754261,0.39488040540085606,0.9030561113001158,1.0887454711149354,0.3390034424485818,0.787502356617705,0.6117363393431582,0.471975338314018,0.7466598236345569,0.8777654034989133,0.40518917183764436,0.9660033731665001,0.6849546363242613,0.8483547794797024,0.9159031743558721,0.9828245341402752,0.7283096014079992,49641.0,72719.0,16.176470588235293,116.0,0.0027387880862718246,0.4147260273972603,0.6636986301369863,0.575349065131672,1111.0,21.220988817589216,0.00756800855256421,-0.0027467242101355455,-2.7552851955933146,0.00764302516117855,0.6638922072378133,0.023168764835534136,0.0031120891962805866,12.020747849036807,15.746563445374836,17.33258380704454,18.299501723980814,19.00080992288339,19.57150484085114,20.01355168738269,20.447964898888188,20.814407416635564,21.166287207288267,21.420178986347572,21.709462099004206,21.96396449724918,22.21517974209298,22.50824056261301,22.729476659427235,23.04482850840664,23.268118578282497,23.717143424061007,24.045888052705493,67.5,208.5958904109589,355.67808219178085,499.6232876712329,641.2808219178082,767.8972602739726,869.445205479452,963.7739726027397,1030.876712328767,1088.945205479452,1047.36301369863,1034.0068493150684,978.0479452054794,911.2739726027397,869.486301369863,762.7328767123288,673.431506849315,487.2328767123288,345.7054794520548,146.0,2921.0,668.0,2.405029647742959,0.41100911202636314,1.3942142091147387,1.6666027320141434,1.8579279027572764,2.0238368777997646,2.2098971334472313,2.4441103248361307,2.6963555422265566,3.0449337567176227,3.6316821182698966,6.600660227835284,0.957967450395422,0.163876137996558
35385,19.398106297032296,1.6342349676469254,1.0,0.6929977878040434,0.9852662396787913,0.9999014638396209,0.6702023148449044,0.9928086539738392,0.9013055926675265,0.6005597522502887,0.685300597466092,0.9013944126119325,0.8960872544722079,0.6902645285404108,1.0026292480881298,0.6995623294685097,0.8387839139814655,1.0027280530603828,1.0438076890713213,0.844859591648531,1.0022181041827454,0.726092196409234,1.0116572985454837,1.0023168686384643,1.0833925522582883,1.018985173523821,16405.0,26221.0,6.228571428571429,50.0,0.005219985085756898,0.4216417910447761,0.6783582089552239,0.5572042223595203,547.0,17.23493049945069,0.017182932708310707,-0.0029698085686259636,-5.785872156824137,0.01325662039506371,0.23039314367329197,0.03052542254083998,0.005863852242669562,7.0660442254025355,11.092522143073875,12.89338980689674,14.002986691621732,14.840186183455863,15.566274264180224,16.08937825435659,16.530993671108835,16.92957573203324,17.212422534052603,17.23572259629374,17.49014798708753,18.008573102371614,18.394529127656394,18.78143038155968,19.004503163651943,19.321299891673245,19.398106297032285,19.398106297032285,19.398106297032285,32.24626865671642,87.66417910447761,146.67910447761193,203.48507462686567,268.7089552238806,334.7238805970149,397.3955223880597,451.82835820895525,502.52985074626866,516.3507462686567,393.5,343.0970149253731,392.7835820895522,435.03731343283584,450.7835820895522,422.9029850746269,433.6940298507463,335.5,201.5,67.0,1341.0,304.0,2.322130774094623,0.45407152380557575,1.1277741110949522,1.4678834457232648,1.6694691618219024,1.8392720722806861,2.121250523394794,2.4716038499856747,2.762635837413084,3.0986498893685557,3.8212938913859267,5.393281510213928,1.0783063432936801,0.774051804873161
35386,25.84339354970086,0.9356710999023419,1.0,0.6670436438928269,1.122523329968319,1.0655881477080118,0.6698762235611513,1.3902938876243915,1.0906716793529017,0.8296300410715084,0.662138395384093,1.023539612090133,1.238482591098822,0.47625786265628717,0.987813783189312,0.5942663076359292,1.538034398158155,0.9270127349989903,0.8871285272325838,1.1062656693299637,0.9281050670081368,0.667207160215091,0.79350193603022,0.8709791573830947,0.996015587279884,0.5707440298008389,45523.0,65489.0,12.944444444444445,82.0,0.0023594180102241447,0.3953579858379229,0.6553894571203777,0.5821468901317765,969.0,23.67806495753113,0.009925075574719828,-0.0024478059138322355,-4.054682407062793,0.009798474606529708,0.28248623711350185,0.04663704679735439,0.003696266336406462,12.710678821584702,17.964128841912267,19.53512533580433,20.590731678251935,21.345072109559563,21.902858575874113,22.36247272730229,22.750578603572137,23.129509028110444,23.497465164410148,23.777123324185744,24.031216253661423,24.21748213805927,24.51288973486172,24.812851987350708,25.132023792558435,25.288127825757478,25.602839197719053,25.736264187261334,25.785015177685267,54.05118110236221,183.63385826771653,301.51574803149606,422.9843137254902,571.9094488188977,652.0748031496063,753.9645669291339,814.1019607843137,867.5551181102362,932.1141732283464,937.5314960629921,928.3490196078432,816.4212598425197,795.4842519685039,770.7992125984252,749.5137254901961,613.9566929133858,552.6417322834645,373.5,122.66274509803921,2543.0,588.0,2.4033885774700487,0.7192521437926287,1.344955978744207,1.5894954135767838,1.7846886640670283,1.95655661447729,2.168250617308667,2.395873742184723,2.7012736872697314,3.0478396730881574,3.6819761250578957,8.78525466377862,1.1306897773581321,0.389413965432905
35387,16.80766731200076,1.6096407853632309,1.0,0.6721518107770342,1.081334295386595,1.0654540583705123,0.7032265428654475,1.216044547934214,0.7783641184084134,0.5356598198351564,0.69638190586462,0.7305468614938033,0.7617172947603705,0.572661509027458,1.0329048889412507,0.727018866080188,1.0518633078575077,0.9694504242829186,1.0338330847379473,0.8649874789902943,0.9210160338270883,0.6226319570716009,0.9226926241788233,0.864435239221553,0.885393140217025,0.7587654792304035,15973.0,23687.0,3.526315789473684,36.0,0.006739679865206402,0.44350758853288363,0.684654300168634,0.5519617252179796,413.0,16.753906754738956,0.02715621908927033,-8.124228481266916e-05,-334.26212903647325,0.012814524895984426,0.07306465954642694,0.022756467578282577,0.0064485997820689376,3.745891986140943,7.554104987285463,9.553374096271702,10.780664863202897,11.709423567569456,12.42910128708616,13.06445548415339,13.517842299483508,13.940586229652373,14.283687395343378,14.590411569924926,14.86166299389702,15.305204921816445,15.768657232655126,16.101447767818918,16.3985319893632,16.73194159876882,16.807667312000753,16.807667312000753,16.807667312000753,32.99152542372882,71.6218487394958,111.61864406779661,154.67226890756302,187.28571428571428,225.95762711864407,277.327731092437,305.2352941176471,341.4830508474576,362.5378151260504,355.7226890756302,313.58474576271186,348.20168067226894,391.78991596638656,396.14406779661016,394.0840336134454,390.1932773109244,296.5,178.0,59.0,1187.0,240.0,2.121782630401972,0.3475566756243488,0.8681110292810101,1.1167100663503229,1.4153772838382659,1.5895971348686155,1.8288312594628038,2.0356070711004794,2.3573958590618824,2.9306372464593307,3.619012166563132,9.703069842415822,1.6891077774116612,0.723971784419846
35388,15.803580168304572,0.4484511325916069,1.0,0.6985250766338438,0.969504623158105,1.0577426181337268,0.7506123382161014,1.1215461129445126,0.6216900741731877,0.3423610582096161,0.404040960540125,0.5877517493528747,0.4561090203010363,0.36025354274498256,0.7889035496284834,0.6154237549092556,0.5296787867736115,0.7458369702644855,0.8198956019985846,0.472275531661369,0.9833662718056593,0.6987877909316722,0.8729201725798627,0.9296838899624782,0.9309569738653711,0.7783185751391833,11910.0,19376.0,10.0,44.0,0.004651162790697674,0.38640595903165736,0.6443202979515829,0.6031395505423043,480.0,15.137192049438253,0.01750620074529526,-0.0011182917991055636,-15.654412166213804,0.01429714062915546,0.2762200383948202,0.02679512069904792,0.0060920601615479285,6.402112869971682,9.419709036825955,10.638681897713457,11.449822223773696,12.109013946666188,12.629393098768675,13.043296521767372,13.429411018236587,13.702740202738472,13.999708836047768,14.330733528815957,14.582790607485355,14.858584685134831,15.146326882886447,15.384925999466473,15.577479885480498,15.755202453785893,15.803580168304563,15.803580168304563,15.803580168304563,33.39252336448598,107.08411214953271,172.03703703703704,226.47663551401868,287.0740740740741,327.2897196261682,358.05555555555554,388.1775700934579,386.8703703703704,402.2616822429907,426.60747663551405,449.24074074074076,447.5140186915888,468.5740740740741,443.89719626168227,409.51851851851853,358.1121495327103,268.5,161.0,53.5,1075.0,235.0,2.5148176110294878,0.47396002479840854,1.3634440469804066,1.6888093693722943,1.9805356012458721,2.150013104084614,2.38094315905915,2.625815904153441,2.880464268690121,3.2359000456833864,3.9931220336180178,6.45271347423344,1.072779115778371,0.529282591878437
35389,17.64718769991606,1.8026266122775638,1.0,0.6239152771429566,1.230532826502369,1.1265692373931029,0.7270968720596686,1.5080459482272985,0.7306502990143569,0.4632953005065681,0.4604769312252109,0.6485622674244966,0.6371851101410709,0.30534675138148115,0.8378255375997743,0.5598203291827695,0.7124099449403943,0.7436964456250504,0.7699391246134096,0.4724059938477532,0.8798977093490364,0.5372564114851865,0.9530999536665218,0.7810418393681086,0.7389062339977954,0.6320098898756279,37518.0,53436.0,7.421052631578948,60.0,0.0031978072179077205,0.4163619744058501,0.6663619744058501,0.5629750969294766,1075.0,16.635477892384834,0.006879886677448366,-0.0008262629817934638,-8.326509633186122,0.007241572709158362,0.21681110721305255,0.02443217868432753,0.0030627850125175497,8.140411057885345,11.66951332317978,13.024227373502578,13.911957750079578,14.571923076287367,15.039356722050432,15.445670181030723,15.741434207482992,16.016417882420583,16.263789264382716,16.490106536455265,16.701910956882784,16.924965885944157,17.1239006801808,17.270196815797977,17.44707381078198,17.614460179774014,17.647187699916056,17.647187699916056,17.647187699916056,71.96788990825688,208.4337899543379,347.5251141552511,482.46118721461187,613.6164383561644,720.1324200913242,861.1330275229358,931.3972602739726,983.5753424657535,1024.75799086758,1026.6347031963471,1029.5707762557079,1041.8401826484019,1014.8853211009174,929.1050228310502,841.2009132420092,739.0867579908676,547.0,328.0,109.0,2189.0,638.0,2.151766825753583,0.660578357459528,1.09723127710823,1.3377158093172523,1.5258695704534972,1.7080555650950873,1.88713795284758,2.1122220200788187,2.3638439452750766,2.7618115123482587,3.354013975711736,11.64813456706796,1.3112008154874266,0.707429776813369
35390,15.246037739630037,1.341326647631791,0.9999999999999998,0.5971307758455753,1.2249057170437854,1.179255446442264,0.721955497263644,1.5321454405882993,0.9647068578106583,0.41240023389826624,1.2196009600237214,0.8180643648677777,0.5712266690417148,0.7960086083964915,0.7608816521019988,0.5227387469902272,0.6358865654521678,0.6452220800824187,0.7240595147090253,0.41503015876091104,0.8284464480892865,0.4901272191412264,0.8839418770566106,0.702516533282636,0.6788884093256534,0.5769307884486493,9840.0,15502.0,4.896551724137931,40.0,0.013033175355450236,0.4744958481613286,0.7117437722419929,0.5237375112110736,496.0,14.205702678629214,0.01496359298172183,-0.002624174818939432,-5.702208890095749,0.016494319207589852,0.35847094387055306,0.03887176597655994,0.007205070876565138,5.988629503961345,9.102800688540613,10.55773826953686,11.439157968564238,12.061802970760956,12.613197298182504,13.076950375033826,13.43600577990173,13.725284307475707,13.97453497060304,14.213840271935087,14.274409651815176,14.434654560137801,14.529040913047183,14.691790277388417,14.911303032325723,15.0589667764848,15.155009525597357,15.246037739630031,15.246037739630031,28.88095238095238,75.95238095238095,127.15294117647059,180.33333333333334,232.1904761904762,277.9647058823529,335.73809523809524,392.5952380952381,427.38823529411764,457.92857142857144,485.26190476190476,428.1058823529412,401.6904761904762,355.3809523809524,337.2470588235294,314.6666666666667,267.5,197.98823529411766,126.5,42.0,844.0,285.0,1.9901885423686876,0.5404977742141107,1.0233534896657286,1.2502567549894494,1.4095034368321857,1.5787110228293004,1.7375430321273102,2.0148616397113166,2.2753955937898502,2.5984977305801222,3.1236971519480874,6.570898970898076,0.9202650583400078,0.817383536328562
35391,21.10289894709825,2.565005061569376,1.0,0.7590156024161089,0.8309252447258553,0.9641482258594005,0.7008745669486925,0.8319377304086033,1.1844460091909395,0.5743871977006931,1.5851672942773363,1.2284895386652555,0.8195292350260743,1.9053917575042387,1.0178075582009511,0.7417131070143941,1.0116858729986224,1.0556546502937565,1.0582679726038497,1.2160596112184219,1.034853343830586,0.8540419645291583,0.7695868117588693,1.0733342820894183,1.2185375312551159,0.9250533827584542,12846.0,19164.0,6.333333333333333,34.0,0.006103763987792472,0.40529531568228105,0.6517311608961304,0.5841543715012182,330.0,19.18801788850602,0.028710864962448485,-0.006026883771365726,-4.763799345004199,0.018877692347789077,0.2989949120776717,0.04641425938634907,0.008707849266975999,7.459989030737583,12.391882860466056,14.047203049318789,15.209955704014899,15.942052397810379,16.527779219414224,17.052831667333777,17.558497578232256,17.896250229406363,18.318007153628297,18.595374104277287,18.960111102958216,19.27725311648965,19.598432709188714,19.979491068464732,20.258181602464322,20.564449581961718,20.757016304729333,21.09268095916261,21.10289894709825,16.479591836734695,58.13265306122449,99.37755102040816,140.97979797979798,189.64285714285714,228.76530612244898,251.8265306122449,286.54545454545456,300.7040816326531,319.234693877551,308.07142857142856,317.6868686868687,318.8265306122449,296.3775510204082,287.11224489795916,271.4141414141414,249.25510204081633,192.74489795918367,146.09183673469389,49.0,983.0,162.0,2.435919715173234,0.3932915759886981,1.326495642881696,1.6023755395007686,1.859703744699493,2.0889758822934206,2.390709526017405,2.5992257881782925,2.948843506239251,3.242137284144858,3.7173766267866246,5.035160863973043,0.8950284418867467,0.901497533901129
35392,19.73311819897702,3.879041156243972,1.0,0.574579234250812,1.355980613933957,1.2053181158181279,0.7843036595079335,1.6043086281992587,0.9044132414718733,0.5429439948649966,0.6325131611854315,0.7503523174527159,0.6922624780376975,0.3942590285108608,1.1110812925463236,0.6249067027835378,1.6068285781012401,0.9218158077647082,0.7967662718488395,1.0015707388576536,0.7739131231826938,0.4437195436833935,0.9861878406702695,0.6420820470763343,0.5657496790997762,0.614712046881657,47469.0,69215.0,9.5,52.0,0.0030695770804911324,0.44319344933469806,0.6881610371886728,0.53374640669782,1583.0,18.436176996178652,0.004484816274813586,-0.0007205126350628871,-6.224479705927914,0.005409101686364056,0.1857973708401075,0.0388145516187624,0.002410066455130051,10.40678557474376,14.536384127775893,15.629140545312099,16.341283841506414,16.891119205440425,17.3110079921025,17.670597504261387,17.999306452921097,18.29322376646034,18.438819250476953,18.619109639655232,18.87838474641183,19.08471024803056,19.25930464741473,19.49540962342453,19.591835869614375,19.688146059588398,19.733118198977014,19.733118198977014,19.733118198977017,93.4334470989761,309.2866894197952,531.2354948805461,733.716723549488,925.1945392491467,1086.6109215017066,1249.7312925170068,1430.8464163822525,1533.075085324232,1442.4914675767918,1391.8941979522185,1444.0546075085324,1431.5529010238909,1388.0578231292518,1376.7713310580205,1193.0,986.962457337884,733.0,440.0,146.5,2932.0,1031.0,1.8614862646298342,0.46431181368722524,0.8916483167552649,1.088558459496826,1.2743592760355167,1.4282921221013603,1.6148744131211328,1.833788076144051,2.0558638161405676,2.367504832553524,2.979683772023633,10.404497002919959,1.2319729260240406,0.74081953747198
35393,22.266846403430858,3.499537059921202,1.0,0.7265066825071828,0.9461841780117841,1.028113114424656,0.7191063815186556,1.1189205598436793,0.6870176871728257,0.4977273495213327,0.37576327960276373,0.6682316153094582,0.6921470345878447,0.3358265931365676,1.1822837325384248,0.9212103318892186,1.0020129902809247,1.1499549183360476,1.2810487510119808,0.89551754274755,0.9359610713007204,0.7077824645095392,0.7209845464912596,0.9103677972481607,0.9842527930496155,0.6443572246022417,12155.0,18383.0,4.1875,26.0,0.010180995475113122,0.4246885617214043,0.6693091732729332,0.5563699359607558,271.0,20.912170838191194,0.04215656048738488,-0.006755899362034405,-6.239962768582489,0.0212540309666021,0.2421096604496199,0.04652386018713162,0.010624847178947353,7.058207329319466,11.75165571532929,13.701705444958005,15.172355175390868,16.20155761032976,16.933796506183914,17.58759539303098,18.164540385051193,18.577071014046272,19.043023914015656,19.429991244978215,19.73837475538822,20.106603119313228,20.408085260492072,20.768418267825755,20.98914480780603,21.29640183155852,21.78539034190637,22.15915038963327,22.266846403430858,17.59090909090909,46.36363636363637,69.7752808988764,94.22727272727273,126.61363636363636,160.0561797752809,196.27272727272728,221.38636363636363,227.8426966292135,240.95454545454547,260.02272727272725,246.73033707865167,244.75,244.8181818181818,257.8876404494382,228.9090909090909,193.3409090909091,168.43820224719101,122.75,44.0,884.0,137.0,2.2283000978717884,0.09254016451546719,0.9748642871153066,1.3910742434288605,1.6844679692946256,1.9713269851660609,2.14411696802604,2.3987465427216312,2.673425996844244,2.958537211502615,3.3330821939172353,5.78392257115921,0.9592465725112429,0.800928540818859
35394,17.97621961137345,0.35660711564914305,1.0,0.7062432484564948,1.0008585467703255,1.0448078195517003,0.7211274097734457,1.1196906678001848,0.6778312478952964,0.44807612713834327,0.4178302306670037,0.6487616528235174,0.6213550075417518,0.37316577040683874,0.92691966999458,0.6430342180316766,0.8313979479916831,0.8871676232211747,0.8917068042576507,0.7425246739129301,0.9782348830862599,0.7190029246955117,0.911115148886356,0.9362821226835715,0.9970539393605891,0.8137204096524182,28891.0,43903.0,9.68421052631579,94.0,0.004368932038834952,0.43516270033997084,0.6721709567751336,0.5574963873910106,688.0,15.627965636113032,0.013926188446489976,-0.0034574239162969834,-4.027908866149509,0.008557364009579555,0.07048643286844035,0.014019517916996842,0.0038569836517639623,5.106420065479672,8.796933902429906,10.70375184984536,11.903533576357507,12.705800802421079,13.317523380232902,13.891754308526885,14.426464421638363,14.876984674270636,15.262755917120167,15.670000673775519,15.952596884613865,16.27602177378401,16.633425220955665,16.9119073848251,17.120205613848917,17.390578525481015,17.730923982875442,17.976219611373438,17.976219611373438,52.22439024390244,105.82038834951456,203.11165048543688,284.69417475728153,358.5194174757282,435.121359223301,510.91747572815535,567.8300970873786,616.5,647.9757281553398,672.0533980582525,655.2766990291262,658.6650485436893,670.8592233009708,639.2378640776699,546.7621359223301,484.5194174757282,424.8495145631068,308.5,102.5,2060.0,405.0,2.4425593154575678,0.1742368076250623,1.202250983447572,1.5586075900579106,1.8579384389581037,2.0762509723836624,2.3130499958541857,2.613132488080657,2.867701515906548,3.2605264661243094,3.9600763742464857,6.764250053504864,1.1034233548349213,0.383993799323216
35395,20.379550446669757,6.33433851136766,1.0,0.6300656055974341,1.1786999347774392,1.0721830547040512,0.7010066946660333,1.3226717700037018,1.1516441262036903,0.45298212073677635,2.341220343788405,1.0741114785866228,0.646188009591808,1.770069035178586,1.1813333553130072,0.8402512317584299,1.5133400705835138,1.1018019265740813,1.1986351031336928,1.144153904924786,0.9070626672644041,0.561876763476402,0.9702215437223466,0.8459960855422917,0.8015283844672637,0.7335316030216863,19822.0,34382.0,10.827586206896552,76.0,0.0030991735537190084,0.39018087855297157,0.655297157622739,0.5810393939075641,1236.0,20.377976849912987,0.006134911130684437,-9.87926274849026e-09,-620988.7606868204,0.007258507460104443,0.42112682732216733,0.05159981156269518,0.003779155155746061,10.91836271040333,14.936000422566806,16.492256851816535,17.29391124088308,17.87251148907939,18.370685049832005,18.729250590086775,19.016404746814292,19.24985014980469,19.534237403292043,19.78940624526526,19.988983852135547,20.188035531806445,20.33401504903186,20.37955044666975,20.37955044666975,20.37955044666975,20.37955044666975,20.37955044666975,20.379550446669754,61.50259067357513,189.5721649484536,321.3316062176166,458.5515463917526,589.7616580310881,729.7474226804123,842.7098445595855,921.4587628865979,937.8134715025907,1031.2525773195875,1125.7680412371135,1161.5077720207255,1213.3865979381444,1202.217616580311,1064.5,871.0,677.5,484.0,290.5,96.5,1936.0,574.0,2.163561213200967,0.4667375852575969,0.9436429975755247,1.1540838889081486,1.3589623936056356,1.5597522748560921,1.8146985572575063,2.011445410631244,2.3832892500039575,2.99323173303499,3.9963954185096,7.789974133395118,1.6895925173085047,0.87623315235367
35396,20.204261131092192,3.214782228445418,1.0,0.6772483926242963,1.0058596879003192,1.0477860732193116,0.7010229810158647,1.1459990869128178,1.010704540358811,0.6690193873493503,0.8513331470967406,0.9646096337713596,0.9543472974022372,0.7428741931986426,1.0415924498542006,0.7801163304175835,1.020295660758797,0.9940888474055767,1.112825615626899,0.8903110590666782,0.9448005218826923,0.6500892968048351,0.8478241945554471,0.9017112806050215,0.9273437738985094,0.7398122775467321,33152.0,54192.0,16.363636363636363,92.0,0.0022480329711502436,0.39580209895052476,0.6547976011994003,0.5950313432606292,1511.0,19.656567140012083,0.005046498902106312,-0.000329768891262913,-15.30313815466274,0.006367870653165958,0.5091411798453231,0.03388744118428752,0.0027339269051983904,10.881976953124674,14.553705586943106,15.84816405792661,16.606958369010794,17.256447659268503,17.754064858083606,18.18850304396495,18.48687114345589,18.806403943322103,18.983952192631605,19.263420459195217,19.543432739768853,19.657934528715916,19.797366516489056,20.01523784338314,20.198053313603786,20.204261131092185,20.204261131092185,20.204261131092185,20.20426113109219,87.12406015037594,266.39325842696627,435.6928838951311,560.1535580524345,742.629213483146,919.6741573033707,1075.454887218045,1171.5880149812733,1299.4719101123596,1256.7340823970037,1364.685393258427,1472.4569288389514,1337.0,1240.6954887218046,1221.4831460674156,1185.7715355805244,934.0,667.0,400.0,133.0,2669.0,730.0,2.463590158527997,0.49801388319456014,1.204085443455279,1.521159126333511,1.7413465166927429,1.9419389917951837,2.1803029526983404,2.4515201981282617,2.889909031388896,3.310499673309358,3.973029309952301,11.682530375128009,1.4943108013882167,0.402331908110064
35397,23.873458073397494,5.459501376270353,0.9999999999999999,0.6254825168665709,1.1862756900058469,1.1217486326143327,0.7560638539121297,1.338670743870489,1.3750088875950388,1.1981639619854507,1.12356208745795,1.225772733406825,1.5847391140123228,0.8393117520514439,0.9199118782366482,0.5220251508266838,1.334891640694469,0.8200695338426343,0.6904511412965312,0.9971769733570979,0.8753104570203186,0.5358585562910259,0.989273637455759,0.7803089137539946,0.7087477512888796,0.7389969803892773,144349.0,206719.0,19.06382978723404,140.0,0.0011838989739542227,0.4123141691882647,0.6705696618865938,0.5612307982658605,4411.0,23.24145862829412,0.0015261890465643872,-0.00012992501087898573,-11.746691697304566,0.002422570279848328,0.497178563125576,0.025552464230659103,0.001093052884332265,15.049130826127417,18.490433363176457,19.7882280251438,20.59399208704959,21.19837658669539,21.6673488018834,22.058302836795693,22.39251172066733,22.66782760245416,22.868916132075533,23.087854662096586,23.276358282703796,23.39900701923277,23.50086180132147,23.650331734501865,23.841207369971123,23.87345807339748,23.873458073397487,23.87345807339749,23.87345807339749,257.88157894736844,783.9,1292.3026315789473,1820.5052631578947,2327.305263157895,2819.1736842105265,3350.8777923784496,3809.1157894736843,4156.613157894737,4196.005263157895,4346.742105263158,4333.8026315789475,4118.615789473684,3735.9566360052563,3500.5894736842106,3324.297368421053,2660.5,1900.5,1140.5,380.0,7602.0,2325.0,2.0514776992054116,0.4134834467809525,0.9567734486832984,1.1987451631387263,1.3807683514770883,1.5698119309324188,1.7540560121019686,1.98908130540132,2.2486332705551955,2.65126362531477,3.5451461038534413,11.510870340345267,1.3809146919298276,0.278967540594749
35398,19.85038363868334,2.2552722623298167,1.0,0.6512275694198688,1.1050032914559873,1.0843130329419057,0.6962050592466588,1.3404942764894694,1.7145081939919973,0.6989269959345381,3.771012368241559,1.5811930152128455,1.0039096766846605,2.8131506671682405,0.8565908924319362,0.5631382036885578,0.7706284343461637,0.789984871903527,0.8088683013851,0.5748837931365964,0.9171079192614058,0.6169177414324301,0.8409918570482905,0.8457962704489062,0.8861149933325349,0.6273744482152566,17591.0,28971.0,9.793103448275861,60.0,0.003908794788273616,0.41003911342894395,0.6616688396349413,0.5768841527057202,670.0,18.445137355568168,0.011997280235081684,-0.0018772426165752643,-6.390905538341574,0.011470085642994473,0.8141146275014121,0.04236050193946145,0.004834504417499926,10.160467089436143,13.510414545332711,14.715110137306777,15.56681525391098,16.22428514465986,16.719486199418046,17.10375571990692,17.432398301804017,17.79543358247965,18.103095303304013,18.408201396952563,18.60523484083316,18.878835354846036,19.081034391380932,19.305792685224432,19.551414334097156,19.757431749832286,19.85038363868333,19.850383638683333,19.85038363868334,50.37908496732026,143.7843137254902,235.83766233766235,326.2483660130719,409.26623376623377,477.83660130718954,524.7337662337662,532.9542483660131,573.9935064935065,612.124183006536,656.8366013071895,616.422077922078,636.3071895424837,608.3961038961039,590.2483660130719,563.8896103896104,494.18954248366015,383.5,230.0,76.5,1535.0,390.0,2.3049063910315435,0.528636551619311,1.3222744844986116,1.547956244499562,1.7707403713890324,1.943798531522536,2.08724532944747,2.305345327157537,2.5101979488365167,2.8989661163021356,3.4743886708927496,6.37009898581554,0.9445349568934658,0.781851267970633
35399,29.148668868810663,5.064371905409039,0.9999999999999994,0.5914341119766784,1.3020211860855766,1.1765013605041614,0.7594285181734288,1.5779363626181209,0.8063127926295305,0.386637213258307,1.0619017798810826,0.6853479474804895,0.509116005003662,0.6729686982554666,0.7847856854922597,0.4685679191664442,0.8342826773024384,0.6670503850126944,0.617000689272823,0.528717568760626,0.8243085516666893,0.4861543223495369,0.96642888168779,0.700643942573472,0.6401581066758347,0.6124637878832362,3411968.0,4784760.0,188.03125,1062.0,9.663236217809344e-05,0.42446912168528195,0.6771486781391678,0.5476362172854128,68943.0,28.328033797465494,9.774034165708692e-05,-1.0819887322486443e-05,-9.033397367637827,0.00019394510402880974,0.24706307224509289,0.003808934995379949,7.989514423435096e-05,20.428319870765158,23.780997916333227,25.023210609935393,25.83130680501283,26.42484427519254,26.892105437676364,27.272197261287054,27.59139674197557,27.855870753659897,28.084478959117046,28.285157953707706,28.447883296001926,28.60573548869618,28.74927126807015,28.898236040132232,29.00249108994587,29.138008360589534,29.148668868810645,29.148668868810645,29.148668868810656,4340.010227089709,13155.941455951039,22007.69520051538,30723.394346915768,39157.306571106456,47146.08688999839,54457.1272244142,60578.5365598325,64907.5214205186,67347.96609760026,68319.5626509905,66601.07014011918,64344.77701723305,60615.89371124889,56686.31897245933,49533.402238685776,42993.76687067161,31045.5,18627.5,6209.0,124182.0,41775.0,1.9102663347040287,0.17796062037071225,0.927842170093259,1.125885276908755,1.3017646824682692,1.4703134091499481,1.6575633989464318,1.8617381746796144,2.1211266589691964,2.477094048164875,3.158736425867969,12.61106649329622,1.1334136032138087,0.0120700296969153
35400,30.891269491282404,1.2953222752869757,1.0000000000000002,0.7524290838899585,0.9835165946408273,0.998374745936265,0.6647089613357711,1.066651326309005,1.1235338174149152,0.5867175153730955,2.5890432528669822,1.1253628179078963,0.882668279654381,2.427262957452083,1.2589547981008644,0.8914742642963385,1.5423549729550614,1.2610042503831869,1.341149760497992,1.4459785826097091,0.9582441523372658,0.8119503663375257,0.7111773296059888,0.9598040778151242,1.221512592076184,0.666738335259861,13949.0,20785.0,5.411764705882353,66.0,0.007077856420626896,0.444331983805668,0.680161943319838,0.5443488023453068,246.0,27.55059639406794,0.06480337338784443,-0.01508407710734137,-4.296144399600347,0.029955412161938696,0.25169231688055965,0.08300540553304137,0.012390976575826902,8.17166946721512,17.213802072687827,20.460248035570324,21.752176505076914,22.735850824258975,23.705754132252224,24.643586128406316,25.349868761512194,25.91304906983594,26.421306886005056,26.938050323115018,27.468318025420498,27.893876010850914,28.30224569567181,28.606793155733833,28.95147397976224,29.322852922887307,29.762391359884894,30.240489027035967,30.85252424494128,13.622448979591837,28.575757575757574,66.3030303030303,100.73737373737374,120.06060606060606,128.65656565656565,155.5,180.1010101010101,198.55555555555554,211.93939393939394,223.78787878787878,240.86868686868686,229.08080808080808,231.27551020408163,208.2020202020202,196.57575757575756,170.3030303030303,144.85858585858585,103.13131313131314,46.313131313131315,989.0,173.0,2.646365138482168,0.3873239691808189,1.5348299350802033,1.771519913872505,2.0381765412659303,2.2272909705126436,2.5467213742129733,2.812408294583775,2.9692827395041097,3.3551653279839115,4.00182047248622,8.082832547239924,1.2446896731416395,0.295044881075155
35401,19.356851365935267,4.615208536125568,1.0000000000000002,0.6361138819456534,1.1129342332880738,1.0997257201172954,0.7193380455899901,1.2915724740817662,0.9415035472480223,0.5834254763700113,0.9224198934499883,0.8561257866621531,0.8110588338080945,0.7141836110325717,0.885213826015891,0.5475675747718025,0.8896686687620635,0.804940550014121,0.7612103629562592,0.6888259750151201,0.9011765131564262,0.5601794858496376,0.9161540588323279,0.8194557030641312,0.7787430253187664,0.7093322885219127,90463.0,141851.0,16.829268292682926,82.0,0.0013335555925987664,0.39696565521840615,0.6572190730243415,0.5751077202823845,3581.0,18.692856637765786,0.001920417616326757,-0.00011580787723146096,-16.582789204299882,0.0024577597248765753,0.2382997932835387,0.015529770014459477,0.001161406396538345,10.812692503355954,14.120392687544784,15.279386145236852,16.07637720788891,16.69809991573819,17.190714561437684,17.605558073699296,17.970650290785105,18.25558051328689,18.489217948396636,18.67510885421664,18.82205258991632,18.991478056178263,19.207635955254066,19.355283713211666,19.356851365935253,19.356851365935256,19.35685136593526,19.35685136593526,19.35685136593526,203.85475792988314,613.3133333333334,1020.8333333333334,1422.9,1826.08,2227.5233333333335,2583.559265442404,2996.01,3234.7533333333336,3421.2366666666667,3483.05,3417.52,3350.7566666666667,3451.2504173622706,3296.2733333333335,2699.5,2099.5,1499.5,899.5,299.5,5999.0,1717.0,2.1324389902516776,0.17133267398251806,0.8918022366444984,1.1466116766393806,1.3711239379363453,1.575600320444128,1.8331953025065362,2.12749434561079,2.455963112392461,2.9007558846948824,3.862488781193647,8.385368430647778,1.527129376828181,0.381715212033596
35402,23.750643692658326,7.766981787822186,1.0,0.6194077980776634,1.2269296811664052,1.105565786092411,0.7091867994458337,1.4381101811178427,1.0228866652655852,0.5138507597536809,2.3296217671517967,0.9252155576204536,0.7245633451654901,1.6199188335771202,0.7726027963459028,0.4582407823241338,0.8791479188311327,0.6988302334107535,0.6461496219080898,0.6113216708804406,0.9010553723461161,0.5594405701876267,0.9972988662095812,0.8150174179420558,0.7888479743627203,0.69347876074028,176772.0,250496.0,22.608695652173914,122.0,0.001026928343222273,0.40408535889535546,0.6632431815588269,0.5714467274743089,4281.0,22.203877095308343,0.0017283435333614392,-0.00032913473570727453,-5.251173291228038,0.0018239942833317517,0.8625472866382357,0.01652758469381016,0.0009541016952546212,14.577686410618652,17.835257902273824,19.069258478507574,19.907051715240126,20.53485313755666,21.032740518789286,21.465776872708357,21.823264349471586,22.106218528111892,22.233325545274038,22.49704087029553,22.701396909249077,22.956734801589324,23.210874439458838,23.299239330065344,23.52418622309486,23.743727967882847,23.75064369265831,23.75064369265832,23.75064369265832,296.19634703196346,889.6986301369863,1465.5188141391106,1978.4703196347032,2483.6963470319633,2949.748004561003,3454.324200913242,3839.7625570776254,4105.379703534778,3757.60502283105,3827.3561643835615,3711.401368301026,3834.942922374429,4012.2671232876714,3457.7126567844925,3230.888127853881,3045.509132420091,2191.0,1314.5,438.0,8764.0,2529.0,2.1712044411702864,0.15207741340121417,1.038955634077239,1.292002635899801,1.4869257634906352,1.660383714635971,1.8836565565955583,2.1215667503897224,2.4345413221591197,2.85809024438685,3.599694042288569,9.502650694167901,1.4066243966190481,0.203883529938757
35403,13.347854980949846,3.25732910397685,1.0,0.6139228252552343,1.2689598821920702,1.2035881634594394,0.7962069143753496,1.6549140441524786,0.5658001054797627,0.43491694078516097,0.20454347478456364,0.470094441485283,0.546236076242025,0.12359764273395558,0.7236280224109427,0.49867552363485623,0.5817007088794147,0.6012256055518519,0.6263139827491746,0.3514990466935808,0.8165123940135757,0.5120845101700947,0.8548485762838804,0.678398491114018,0.6431550655043504,0.5165516476849219,28410.0,47984.0,13.8125,80.0,0.0032025620496397116,0.43131758109731677,0.6728073688426112,0.5544692859088942,1574.0,12.3848067807036,0.004080847888193573,-0.0006112963321669273,-6.675727750120397,0.004041059622336001,0.07793115853711713,0.011438065941188643,0.0021626324817514537,5.455226825975795,8.140966985597986,9.354835157096257,10.200526484095597,10.794699834790947,11.246514004777618,11.590493734439043,11.916125726501333,12.198968060337434,12.41424175183932,12.562100411214118,12.672058285372806,12.837592624119084,12.960438447944577,13.078072620423143,13.278758262404793,13.347854980949837,13.347854980949837,13.347854980949839,13.34785498094984,97.01204819277109,276.252,451.236,632.452,819.2008032128514,995.068,1176.788,1354.572,1495.004016064257,1554.516,1499.556,1394.644,1355.5461847389558,1237.1,1104.412,1058.348,874.0,624.5,374.5,124.5,2498.0,801.0,2.0183383066859264,0.46663328026138257,1.0168861774318545,1.2795121029313528,1.4385859502651763,1.6315295109838464,1.787787255969361,1.9777406628617205,2.282569123238637,2.623433482017726,3.285306710133392,8.022246787562526,0.9949587162178094,0.737916727494448
35404,20.4738848519832,0.7120616109978517,0.9999999999999999,0.6826861391785105,1.019955577340114,1.034776058629046,0.7013711898443398,1.1367788508135284,0.8784181353650252,0.7142117287672892,0.38458098164270926,0.8488968487817777,1.0183077650021513,0.3383076500477524,0.86783075333331,0.6085308105526038,0.672080703832959,0.8386652803729161,0.8676301783762451,0.5912149960847608,0.9729308822812166,0.673190478798588,0.9189529777325125,0.9402332747920678,0.9598205465895938,0.8083832462882906,79424.0,138018.0,36.05882352941177,194.0,0.0009504197687311896,0.3740494296577947,0.6406844106463878,0.6084470627058575,3153.0,19.39435399234074,0.0022294951656265083,-0.00029393810959646227,-7.584913602007263,0.003130833846797425,0.39343994373941893,0.014969488930888999,0.0011662286333068866,11.682724748253047,14.860386611651844,16.041806683855977,16.816541106434958,17.419634629019136,17.934719624613123,18.329788607138394,18.65833822052786,18.900249442494513,19.152933978205464,19.379338195585998,19.54864382120005,19.768924853561415,19.94714763521302,20.16622851259239,20.358180623755203,20.473884851983193,20.473884851983193,20.473884851983197,20.4738848519832,220.55625990491285,684.2091917591125,1126.743264659271,1534.0854430379748,1861.958795562599,2220.6006339144215,2542.9920760697305,2828.1487341772154,2902.2393026941363,3026.5324881141046,3059.62440570523,2880.6803797468356,2920.0633914421555,2778.6418383518226,2720.1806656101426,2565.2879746835442,2209.0,1578.0,947.0,315.5,6313.0,1597.0,2.452925530981457,0.5303494540109588,1.2679546190081146,1.5475690519796008,1.77183387796741,2.013673718107435,2.2555384013263424,2.544642517743193,2.892950365202351,3.238754742441389,3.9563699163946184,7.843028186846423,1.1620554246868833,0.15627436315408
35405,39.45865909425713,1.7207356713871573,1.0000000000000002,0.8436679276583567,0.7643053472857415,1.0014317779726998,0.6959508913555951,1.0274670189177348,1.4310422414427386,1.05559442391647,1.3460460601417685,1.428996236108807,1.5167656756072976,1.3100625473697478,0.9461799064823011,0.8417771474584133,0.49302344533206405,0.9448271238184086,1.2095352673789572,0.4798435728393326,1.0041100612980796,0.9091237288073123,0.49465675307216406,1.0026744541009092,1.3063044247798756,0.4814332177719947,303579.0,449883.0,77.0,696.0,0.0006187267977450845,0.4440701271914747,0.6720522516328635,0.5579808074091286,3211.0,32.523422975074276,0.003662759226840156,-0.001858273185898719,-1.9710553080325113,0.0025945633154259174,0.15108552042181012,0.006439841997433945,0.001056442960613414,19.235814281662943,24.817583064018713,26.77044523406024,28.062258461215016,29.021325276367456,29.830360119281398,30.502816496997053,31.066845970030947,31.599282070820724,32.07698412965373,32.541086797894295,32.996439850301215,33.47163534971573,33.938073331383414,34.41243969557943,34.90422064810107,35.417039096810555,36.04532020654408,36.866644572346935,38.29533064952066,237.56602475928474,717.1951890034364,1204.4601100412656,1651.9917525773196,2045.9511691884456,2390.777319587629,2699.174002751032,2927.4790378006874,3082.1451169188445,3135.951202749141,3172.40412371134,3080.516506189821,2995.7615120274913,2825.4793672627234,2641.7113402061855,2387.814993122421,1987.519587628866,1518.577028885832,1023.3883161512027,433.7766323024055,14546.0,2298.0,2.866952587485811,0.1969823440224599,1.6821992233575567,2.1143620571793003,2.3912558539364897,2.6249617833118157,2.8673655212864233,3.083618260285173,3.32154324081266,3.6189380886681843,4.0458159528842295,7.4525477913357285,0.8640782240089009,0.038968454990536
35406,27.400620155086262,1.1412325228834583,0.9999999999999997,0.6260788228786017,1.188772171907041,1.139929058467305,0.7683144581147487,1.3926970115603927,1.8321031889059596,1.1505020032922857,3.348762531544578,1.6072080760616099,1.4974363571334184,2.4045162039894006,0.7252009908068947,0.4459923003471307,0.7533498628382709,0.6361808091654105,0.5804814625530855,0.5409287566390407,0.863139397879655,0.5289095504753117,0.9452899783033633,0.7571869420016292,0.6884024436727681,0.6787477609679439,259754.0,365296.0,22.92,146.0,0.000780707841776544,0.4162401318643186,0.6703392036089182,0.5550315827907003,5652.0,26.419480452235224,0.0013437447271986533,-0.00015428762305393567,-8.709348816197062,0.0022780764840984475,0.41498907609675134,0.021677376609956996,0.0008218315976652426,17.426122511919996,21.166549536640623,22.5277628074498,23.43081746875147,24.1255962068874,24.657329992859204,25.076332209184258,25.43182385410434,25.73846538286626,25.984450301104303,26.207030846682066,26.435142354131504,26.620658872456037,26.828601177137802,27.026930124241815,27.14394609603439,27.275507862968283,27.33520221799891,27.400620155086244,27.400620155086244,344.80034722222223,1019.7033824804857,1705.012142237641,2381.5316565481353,3059.6076388888887,3683.8065915004336,4282.940156114484,4790.025151777971,5185.133680555556,5393.096270598438,5478.401561144839,5559.531656548135,5372.986111111111,5252.918473547268,5061.028620988725,4398.885516045099,3727.1336805555557,2724.1543798785774,1729.0,576.0,11528.0,3420.0,2.0145907209998493,0.34565526474164476,1.0292319003839014,1.2376818824958706,1.4154709219621024,1.5842688442466044,1.7765933699973988,1.9667502870644753,2.239026813398972,2.6283320124006235,3.296035623754295,7.970519027476964,1.0286833652708711,0.121026597376913
35407,21.824928029347774,0.2771418029836542,1.0,0.8783675151003311,0.625041406159114,0.88488806754905,0.6320513646892257,0.6823504709783035,0.700971878723819,0.5663062529884502,0.325611712997436,0.7921588101706023,0.895981378454737,0.47719130688163536,1.1985554657574997,1.1972954871206194,0.5924400767194521,1.354471271239131,1.8943009287058803,0.868234290027023,1.166579586701393,1.305345955168683,0.5161436037744244,1.3183357641295448,2.0652529653353575,0.7564200886890515,11581.0,17321.0,5.517241379310345,42.0,0.010477299185098952,0.4627039627039627,0.6771561771561772,0.540378168998707,184.0,18.716007165916622,0.08833897925642042,-0.019931620667230126,-4.432102172286464,0.025113969960797344,0.06461117286479327,0.02692714538008201,0.015252637695331667,3.4869917367950722,6.381487581834701,8.163674845620163,10.225250475563989,11.806304250581965,12.842575077265696,13.909971941534847,14.692618422012663,15.393216334186985,16.095738405206813,16.73425933908597,17.26694045811702,17.778475229764226,18.37397166688245,18.778806157261958,19.183047666595883,19.665317434801626,20.17755774331782,20.77258026700897,21.609047285611922,20.705882352941178,45.63953488372093,61.03488372093023,67.31395348837209,82.8953488372093,96.56976744186046,120.01176470588236,139.5,144.0581395348837,149.15116279069767,154.17441860465115,159.91860465116278,171.54651162790697,174.54117647058823,173.87209302325581,150.24418604651163,130.63953488372093,110.47674418604652,73.26744186046511,35.03488372093023,859.0,81.0,2.3946647550409095,0.6014930641392907,1.233836556645761,1.5465023224687255,1.633270653483771,1.9663402188710555,2.22302770737793,2.5139196769412204,2.874022464705037,3.2442171261260055,4.105267667705628,5.255163788313583,1.0647808222460116,0.503506501826923
35408,35.26390143851039,2.123143993727233,1.0000000000000002,0.6903105670203651,1.097048870108127,1.0425371456721628,0.7353555422965405,1.0648393813082266,0.5640094591202971,0.5640094591202971,0.0,0.540996991293446,0.7669887920595203,0.0,1.2371294381016509,0.760329276920801,3.5385686553624027,1.1866526226305607,1.0339614420342391,3.3231008520881655,0.9365971296242495,0.6479271970589391,0.9369979755794153,0.8983825022564449,0.8811073824716684,0.8799430149063894,13393.0,20029.0,4.4,34.0,0.006128702757916241,0.4396728016359918,0.6830265848670757,0.5361139894461728,365.0,34.37358534688129,0.03611581742002587,-0.0029879470289578794,-12.087167901574935,0.033886255056015495,0.0,0.13769180763763328,0.012893199053343468,19.4011602767836,24.55842906427182,26.356645403596456,27.756835915599368,28.763516654492303,29.62355586376216,30.552276639444784,31.210703397673342,31.950266230997144,32.58947205054467,33.080522912937866,33.499070255070265,33.89018204752109,34.1836121367406,34.41502063382465,34.54723856796376,34.789921647640625,35.15969109003163,35.26390143851037,35.26390143851038,17.4020618556701,48.826530612244895,82.98979591836735,101.8265306122449,128.1530612244898,138.5204081632653,154.71134020618555,178.58163265306123,206.03061224489795,227.90816326530611,258.5,299.7244897959184,334.94897959183675,355.7113402061856,346.7040816326531,288.92857142857144,245.35714285714286,223.21428571428572,146.5,48.5,979.0,204.0,2.250368727625973,0.3480715539825444,1.1462834016455328,1.395805474111403,1.6292120388073195,1.8637722457349306,2.0639050694522396,2.3169737419669447,2.6049684202412413,3.0185910838243375,3.4959307584281016,6.226810313780258,0.9982409760890815,0.594678029872011
35409,29.186125249270198,0.6644371328961726,1.0,0.6936573516883702,0.9785511265251917,1.0375735371548485,0.6835561618564872,1.1409835335268783,1.1564027662823309,0.6059260502948278,0.9681332966756447,1.1145260792341778,0.8864319921411844,0.8485076850172074,1.0292255204925436,0.7962096965844614,0.8747281925149123,0.9919542891531369,1.164805089931478,0.7666440109008866,0.9527050331632564,0.6918307446947111,0.8034501462018371,0.9182048298722887,1.0121051982265081,0.7041733053923255,18703.0,25549.0,4.0,32.0,0.007063572149344097,0.42323232323232324,0.6737373737373737,0.552635673919396,343.0,27.191428340981755,0.03475880489028292,-0.006210351130194907,-5.596914596549075,0.02880978597613538,0.9681786361125931,0.09647482807048269,0.011003163379246648,12.412102009292427,18.69926409664004,21.234020716294456,22.69131162963283,23.619367809573287,24.35830996447342,25.080302503392303,25.6216821307128,26.091505827364173,26.5170595059414,26.959378384332325,27.312485085092423,27.60428695526341,27.85400906713397,28.18579868552507,28.473334577456793,28.697175494810164,28.983649425899255,29.186125249270187,29.18612524927021,17.86868686868687,39.494949494949495,70.75757575757575,111.91919191919192,144.55555555555554,169.87878787878788,202.0909090909091,245.43434343434345,281.0,305.67676767676767,331.34343434343435,336.26262626262627,327.5858585858586,297.5959595959596,299.74747474747477,274.2020202020202,230.27272727272728,203.7171717171717,149.0,49.5,991.0,195.0,2.252322637754859,0.4746642314219605,1.2431187440102907,1.5243572776203493,1.768303106491799,1.9774792892168007,2.159265989027709,2.401775863588667,2.644604291902842,2.879038729659878,3.4179056615372123,4.887860894299023,0.7362403048465308,0.720161028271541
35410,27.98225589760446,2.848966765987468,1.0000000000000002,0.6076751380339382,1.2328720371298185,1.1674073262753835,0.7786912257405694,1.4765092254508227,1.828251206047839,0.48144316201097237,6.149115692508321,1.5660782358466774,0.6182722317862243,4.164630729368326,0.941056906821042,0.57479757557608,1.5670692107669073,0.8061084470177919,0.7381585364974704,1.0613338431992756,0.8238579294596452,0.48841771701256437,0.8803080362347045,0.7057159150167117,0.6272289976659976,0.5962089644010995,85275.0,112681.0,8.6,56.0,0.0022727272727272726,0.4390451832907076,0.6899687411196362,0.5296057636935343,1664.0,26.386341484203914,0.005146880092485707,-0.0008678049959771614,-5.930917794141347,0.007142167982840862,0.8085915673158294,0.05825548392025115,0.0027790307748069877,16.2865688343288,21.038547606752275,22.522149692727346,23.529719015265304,24.252598763295182,24.814539382338012,25.302062984249677,25.680294435891508,26.00448118748474,26.2667245729415,26.454364552933193,26.673711113241005,26.92026325765407,27.08857787180095,27.262470287008718,27.393928320308035,27.588698581180726,27.67326681670024,27.80814119520569,27.946103126572748,81.37037037037037,255.5,455.53977272727275,654.3409090909091,858.5397727272727,1037.3352272727273,1220.4204545454545,1391.1193181818182,1539.5625,1602.9261363636363,1567.0454545454545,1596.0625,1601.125,1501.8863636363637,1406.2954545454545,1204.153409090909,1036.4943181818182,761.5,474.2613636363636,166.7443181818182,3520.0,1075.0,1.8785994520544156,0.46958139696847856,1.0438063067764547,1.2148989439709186,1.3534623013067892,1.4920208709397937,1.6671934702572633,1.8261569503892954,2.047002383732318,2.3437177273939462,2.8838803897363436,7.868868248526185,0.8751589998754776,0.425128970511723
35411,16.727624082012063,3.753123888294147,1.0,0.6580316241282703,1.09983850797751,1.0414645120246004,0.666977866807592,1.1997413455817616,1.2474972501045474,0.9965730430253593,0.9652533704032111,1.1978298210847536,1.4941620893588783,0.8045512259437505,0.8685940369379341,0.5919247534546497,0.7796165954993496,0.8340121309072671,0.8874728576644157,0.6498205620489881,0.9668394795819122,0.6541352418399292,1.0213961305683505,0.9283460630860886,0.98074505076288,0.8513469460144925,31911.0,59259.0,19.655172413793103,126.0,0.0018077734257306419,0.37884267631103075,0.6452682338758288,0.6035007673884442,1933.0,16.3341326871689,0.0036005742971456298,-0.00022637536005271365,-15.905327754342178,0.003910337611126557,0.212114726079006,0.015431136713547544,0.001896392320567949,8.352713142158645,11.37205508384971,12.606067101607369,13.390472605314521,13.971188655277915,14.43561166930729,14.817262548382066,15.1077023840116,15.405794495982628,15.667198550290763,15.883855582672968,16.100990575324378,16.29660361681939,16.364344415414223,16.42641139337471,16.652575633446627,16.727624082012056,16.727624082012056,16.72762408201206,16.72762408201206,126.86706948640483,361.8313253012048,598.6325301204819,806.8192771084338,1017.0180722891566,1241.8433734939758,1410.870090634441,1525.5240963855422,1667.4819277108434,1770.9578313253012,1798.2048192771085,1850.632530120482,1892.867469879518,1678.867069486405,1420.4698795180723,1391.6024096385543,1161.5,829.5,497.5,165.5,3319.0,877.0,2.403505373688917,0.3093205758841334,1.172246786816767,1.4154246648301352,1.648384519240306,1.8628248965083236,2.127713271716165,2.4025297401958805,2.7663458463794846,3.2917287010618588,4.026004675948549,6.71796923944199,1.4307325997861438,0.441179726927076
35412,23.663589524466847,3.1449216728672336,1.0,0.6762068034199664,1.1445045425241736,1.0345585853210943,0.7100766010040125,1.1461545693683042,1.6914363737048665,1.1822136678867352,2.9809397440605796,1.6349353218888982,1.6649100480358665,2.6008182698285673,0.8959551894233563,0.6255504421026032,1.0273652438974505,0.8660265374389408,0.8809619148386336,0.8963583720332559,0.9673184999488955,0.6171091759490152,1.1345823211175983,0.9350060148103361,0.8690740901424634,0.9899034139373681,26560.0,38564.0,8.5,66.0,0.00351288056206089,0.4212067955477446,0.6836555360281195,0.5557565167416242,857.0,22.897852956569984,0.010648741518609953,-0.0010858918412746759,-9.806447671721994,0.012020309227650622,0.7812532036972024,0.0487822088349429,0.005118268477814763,11.927085223389101,16.020756870571752,17.8527948829711,19.124729089424907,19.99517374182115,20.5912862879662,21.064987606132746,21.49431416430881,21.884281458914995,22.16928365035862,22.427640870283113,22.662018939392176,22.87833863503298,22.934600465401374,23.108213033610973,23.391685519995846,23.579214381450885,23.66358952446683,23.663589524466833,23.663589524466836,45.45294117647059,114.74269005847954,190.35087719298247,274.50877192982455,355.44117647058823,436.093567251462,517.4444444444445,609.0175438596491,686.3705882352941,734.5438596491229,780.2923976608187,809.3391812865497,820.6058823529412,700.4912280701755,640.9649122807018,621.3099415204679,553.7352941176471,427.0,256.0,85.0,1708.0,403.0,2.354842214597263,0.43153632105172235,1.0450905218945798,1.3313658445457563,1.6160220252538744,1.8286383072627952,2.1206778984984096,2.346311061511013,2.7475871214960192,3.2757608866920513,4.158237105640632,8.207086561986046,1.4858118819121642,0.309383183303289
35413,29.912776004616955,1.4467218298463438,1.0,0.7317359178547294,0.817393017908586,1.0335402135157614,0.7385392289728716,0.8733020111759728,1.2278341372781392,1.157396776584291,0.7258338822596699,1.1879887412425436,1.5671432622393644,0.8311373075647394,0.7411075427205361,0.4983191224617406,0.5091168329397008,0.7170572881722075,0.674736158774912,0.5829791142403682,0.9868429224346658,0.751885542434482,0.7845822589166341,0.9548181188594037,1.0180712316123977,0.8984088538398414,9522.0,12836.0,3.3529411764705883,26.0,0.009363295880149813,0.43902439024390244,0.699812382739212,0.5437129380604083,133.0,28.165953357429604,0.11612651889790039,-0.01479487660793946,-7.849103576543704,0.053407231097130595,0.5837944897848063,0.14358259404917403,0.02195842955142226,8.293810862567991,17.40743357289203,19.96790607315984,21.239632154136583,22.169023453711294,22.97449396710762,23.700442355599247,24.396448410279945,25.151342932367452,25.684303272587304,26.219474298949354,26.783116797430644,27.219188747892904,27.682707958294355,28.18951677000818,28.548602512005672,28.79673299563303,29.276667545657673,29.847117430504387,29.912776004616944,4.754716981132075,15.226415094339623,34.351851851851855,52.60377358490566,74.13207547169812,87.53703703703704,84.11320754716981,93.86792452830188,108.46296296296296,112.37735849056604,117.0754716981132,121.75925925925925,120.33962264150944,120.58490566037736,126.83333333333333,121.62264150943396,110.84905660377359,97.20370370370371,75.73584905660377,26.5,534.0,92.0,2.0226697386874872,0.4836760433942971,0.9047276126342947,1.13867572684402,1.343962209462258,1.600049628130386,1.821369669808108,2.065888847268753,2.484493716557379,2.8391322382242583,3.261649812446027,4.872901916534406,1.0286553415237294,0.874484028702136
35414,17.554503852619224,2.856618035193533,0.9999999999999999,0.6859785908615893,0.9565230479965943,1.0488224300442608,0.7149253187014348,1.0808360094867449,0.8951682747269453,0.7210628072852471,0.5242085812849487,0.8534984083904162,1.0085847967938248,0.48500288358627036,0.9429134640277026,0.6336323419561597,0.8920307267679622,0.8990210706953619,0.8862916522624589,0.8253155140450582,0.9543795909340214,0.6583018975486444,0.8247014026916255,0.9099534521718287,0.920798131396942,0.763021767828822,12563.0,19619.0,4.375,40.0,0.005893909626719057,0.4198623402163225,0.6627335299901671,0.5725298277075556,498.0,17.167602276396607,0.01794565582898101,-0.000645381067516995,-27.80629419146765,0.014452198443879736,0.23388630196675184,0.03808694282652494,0.006987476274459285,6.344570470506837,10.184293349561514,11.704191524526472,12.617474054336558,13.415343816433356,14.121031985578409,14.65427973313589,15.150179369787113,15.553854765604294,15.965406712641729,16.28601443318346,16.57513947282523,16.86231754755915,17.09749077955718,17.214077090298105,17.44405396954595,17.553985656643086,17.554503852619224,17.554503852619227,17.554503852619227,25.287128712871286,63.205882352941174,109.79411764705883,157.5392156862745,195.43564356435644,238.83333333333334,278.2843137254902,319.51960784313724,370.8514851485148,411.1666666666667,436.95098039215685,455.8529411764706,474.66336633663366,485.04901960784315,437.87254901960785,411.12745098039215,355.8019801980198,254.5,152.5,50.5,1018.0,221.0,2.2533746130381855,0.3710103896314591,1.117583759981186,1.446480291842677,1.6978124869842997,1.9260380361606588,2.130066598200332,2.340083621685697,2.7595134619731296,3.014446798062036,3.569535555592491,5.399675775290924,0.9635082975285336,0.831765075263102
35415,15.266813819397951,1.6111386907203493,1.0000000000000002,0.6670003474749384,1.0440595744269892,1.0535685554341323,0.6842765717991699,1.1347353806809959,0.5934619008440858,0.4524972072823537,0.3052123287710718,0.5632874080980373,0.66127824030655,0.26897225024208093,0.9214946046060497,0.675158170739921,0.7595661421170928,0.8746413319314942,0.9866743924386102,0.6693773324149368,0.9797845745498228,0.6438432626280204,1.0382352554594036,0.9299675559755994,0.9409108672757301,0.9149580361514074,18889.0,30407.0,9.862068965517242,64.0,0.0038289725590299937,0.4227330779054917,0.6749680715197957,0.5621199819746603,612.0,14.306420177199293,0.014712229629386753,-0.0018378455820185827,-8.005150037266839,0.00872009906045824,0.05983372536142976,0.015515843038159427,0.004403384580894727,4.00820056865912,7.3280025677081175,9.022443550088779,10.068301863796687,10.890658586959209,11.536119138404437,12.00069138874834,12.338242611682608,12.728357567857204,12.976953049048802,13.268435331545485,13.550935291535515,13.913370502128155,14.218986171641466,14.442535463861235,14.64115199416184,14.811715327230953,15.076550434973736,15.266813819397948,15.266813819397948,45.98717948717949,111.98726114649682,184.47435897435898,248.84713375796179,332.4968152866242,412.62820512820514,488.4140127388535,507.8343949044586,557.8461538461538,544.2229299363057,530.343949044586,538.1923076923077,573.4713375796179,600.7515923566879,552.0897435897435,493.4203821656051,403.0063694267516,335.1794871794872,235.0,78.0,1567.0,407.0,2.3295480246961193,0.5289839371833058,1.338682753544851,1.6367352627712937,1.826405819750409,1.97247320339298,2.140576415050144,2.3354423574230827,2.6349269617072992,2.9339021593125225,3.579441253254776,6.404962079769735,0.8692308508008889,0.706959229111671
35416,16.763300386631087,2.631625011194715,1.0000000000000002,0.6519742267809098,1.077411404732315,1.0826895448410674,0.6652356036255677,1.3508584410054927,0.8292734292252596,0.6681156140915714,1.1213491849004056,0.7659383367805516,1.0043293089700964,0.8301011792662338,0.9714712093811626,0.613013549203469,1.0982032184119863,0.8972758756285663,0.9214984072748273,0.8129669142790077,0.9110274944698388,0.6412545163972212,0.7172305426721393,0.841448500921446,0.9639509865412369,0.5309442654393,14841.0,23975.0,8.344827586206897,72.0,0.005686433793663688,0.3886178861788618,0.6487804878048781,0.5829272109394804,521.0,14.706087144389775,0.01622753639251609,-0.004347439781773494,-3.7326650182826064,0.01148916697189949,0.12930312052699983,0.030144571606218855,0.005567595728188409,5.4841141120305235,9.427292643852121,11.140831531016634,12.075281678217024,12.739424816414129,13.226423634099323,13.585180652708553,13.967254696648695,14.35659167284643,14.69810745144943,14.97247018555757,15.169817903488552,15.40088305402559,15.636510797473106,15.844780115430785,16.07525189046446,16.267487703879404,16.624668627123672,16.76330038663108,16.763300386631087,32.10569105691057,84.82926829268293,157.21138211382114,230.14634146341464,309.4390243902439,372.2276422764228,404.0406504065041,420.9756097560976,467.2113821138211,505.1544715447154,502.0243902439024,472.0813008130081,459.5365853658537,452.2926829268293,412.5121951219512,368.0975609756098,302.0243902439024,271.479674796748,185.0,61.5,1231.0,294.0,2.3573832552663148,0.7452407395025794,1.3101319523459551,1.5048286516964122,1.6855838594830606,1.9103267112866789,2.1387264172928417,2.424994177315863,2.6536352083925356,3.0135989216603485,3.704475875639962,7.837781942447171,1.12934868707377,0.87134852523217
35417,15.650344097935653,0.8578674009103715,1.0,0.6443992413924252,1.179334196489507,1.0852302205983162,0.7074825744063229,1.408572018513475,0.9634794377623936,0.3863658622681458,1.7462296662951309,0.8878111017137008,0.546113609359723,1.239716282407768,0.8309877103710533,0.5880365933848665,0.6509403596984116,0.7657248154340079,0.8311675999628848,0.4621278508608855,0.927192582750771,0.6029369505575329,0.9687866094882466,0.8543740905405169,0.8522286942027959,0.6877792521468996,37470.0,58808.0,11.166666666666666,54.0,0.002827854365500177,0.3988684582743989,0.6552333804809052,0.5824799878220055,1674.0,15.176936554944174,0.004286179841291229,-0.00021393142103921545,-20.035298323501227,0.005230720189895786,0.1862201237648194,0.013814064981618582,0.002154211574548265,7.318174956522477,10.118741895772326,11.44994166197986,12.326797201527,12.928560841260952,13.287311549873658,13.67622306926894,14.072716898905915,14.405696011657504,14.69113566208257,14.91984013534381,15.136023758221581,15.245204351361856,15.412558991348131,15.548694864088656,15.650344097935644,15.650344097935644,15.650344097935644,15.650344097935644,15.650344097935648,105.24468085106383,299.58657243816253,497.58303886925796,701.6077738515901,874.077738515901,954.3427561837456,1066.6985815602836,1232.5795053003533,1395.4805653710248,1516.60777385159,1601.1342756183747,1651.4558303886927,1532.505300353357,1516.9751773049645,1422.6501766784452,1273.0,990.0,707.0,424.0,141.0,2829.0,826.0,2.2255292868887664,0.4139863391912134,1.1280023144706728,1.3335004005225275,1.576529735906885,1.771130600912108,1.976470930368552,2.2393342564770764,2.530847963020257,2.939208502719971,3.6300774448296744,8.031740082381878,1.1780019790442486,0.614369258373044
35418,20.909825273707416,1.875400376633361,1.0000000000000002,0.6013722731341737,1.3338368016724051,1.1269477669765124,0.7471456152366863,1.431162338180969,1.098807458343268,0.8131706117515258,1.2649143978024997,0.9750296247458372,1.0883696499964384,0.8838371190023256,0.8201316742727536,0.3966186612375873,1.608401384516126,0.7277459508820754,0.5308451969057512,1.1238427267171038,0.8718929240398438,0.4964034780416797,1.1734258373638287,0.7736764290141368,0.6643999080211765,0.8199110653339804,22187.0,27971.0,2.5454545454545454,36.0,0.005599104143337066,0.4013452914798206,0.6513452914798207,0.5643214634752213,511.0,20.170529233709132,0.016975306341645943,-0.0008442239115413676,-20.10758770223975,0.021339041364432796,0.42631853679586523,0.11268253731127639,0.008511750278059364,8.994687983746555,14.987377136862774,16.661753688651004,17.4732741971909,18.065249547973302,18.542104661877953,18.997937273438332,19.37593400826671,19.690827416655853,19.932385047955773,20.12528646645378,20.327090577429583,20.51133986118159,20.682242351046657,20.89114193024662,20.909825273707405,20.90982527370741,20.90982527370741,20.90982527370741,20.90982527370741,17.707865168539325,74.34831460674157,130.8314606741573,184.63333333333333,238.97752808988764,298.80898876404495,344.70786516853934,394.2111111111111,450.0674157303371,480.1685393258427,495.1685393258427,483.8777777777778,475.53932584269666,478.08988764044943,481.9887640449438,401.5,312.0,223.0,134.0,44.5,893.0,271.0,2.028329583452652,0.47100955278986134,0.9575113939937105,1.1731531295778357,1.3646826032168198,1.5486508628412587,1.6844151490943418,1.9340214103245654,2.253160263796257,2.6218765685908982,3.468572354179572,11.18142724463808,1.4427751208826556,0.922849381454289
35419,19.80312052472944,1.479774974690324,0.9999999999999998,0.6672230853706851,1.0560768439178942,1.0450440634371034,0.6884281893778715,1.1506734169655903,1.1193088916481329,0.6903513049309553,1.2831947054008521,1.071063824779575,1.0027934875165727,1.1151684626422762,1.1976853904713292,0.7549610082710371,1.7381551609227919,1.1460620966853734,1.0966445301336234,1.5105547197800342,0.9316419980631501,0.6403502424140375,0.8788908482387756,0.8914858527582282,0.9301627276371675,0.7638056422268578,28283.0,47257.0,15.548387096774194,84.0,0.0023790642347343376,0.4089646965489885,0.6648155493851646,0.5828767530234306,1359.0,19.575993062580167,0.00573951800262115,-8.203733756408212e-05,-69.96226563469128,0.007268284629130946,0.22981676127934214,0.032067475755341704,0.0028798779365632314,9.909169579018814,13.768535641158595,15.139334521903457,15.970242399551887,16.67614692702023,17.257253822598187,17.72179546191278,18.07363325261182,18.355974939256075,18.64824529021902,18.90239313186961,19.086708382443184,19.31152541921168,19.529177354575065,19.695477949749545,19.803120524729422,19.803120524729422,19.803120524729422,19.803120524729426,19.803120524729433,75.81746031746032,222.29365079365078,365.07936507936506,497.8174603174603,635.2222222222222,771.3968253968254,904.5375494071146,1026.0079365079366,1121.4285714285713,1220.5,1298.436507936508,1272.436507936508,1300.4920634920634,1335.0711462450593,1270.7777777777778,1134.5,882.5,630.5,378.5,126.0,2522.0,597.0,2.463270019817472,0.5307343490590914,1.2918109420931292,1.5355338302916473,1.723217863530937,1.9373787567743397,2.1650781155676815,2.57801706917886,2.921336013837995,3.365280929859518,4.031930202133601,7.114216785421927,1.2632967374477897,0.315122426191811
35420,18.18682546174707,0.7106542169487963,1.0,0.6357773678512156,1.1559727323805087,1.0706155868809328,0.6732985579777433,1.2942973309775847,0.6810655070481215,0.36335596107522133,0.40267119219745745,0.6361438366802569,0.5396654378208731,0.31111181531473864,0.9858803370738434,0.6735598506817182,1.1828725261262005,0.9208537117846827,1.0003880785141732,0.9139109676080187,0.9294738162063306,0.5959357113880464,1.0000407645247489,0.8681676482164843,0.8850987490273902,0.7726514925047528,22008.0,31200.0,6.588235294117647,36.0,0.004804392587508579,0.44505494505494503,0.6943681318681318,0.5392316398689967,675.0,17.16600315659023,0.013507498399687375,-0.0012359064710629687,-10.929223785089459,0.01200286486593288,0.14552016344257396,0.03425714659762707,0.00488355117985781,6.350076517548442,11.007498717760926,12.687911685913322,13.670112603789871,14.443458542498737,14.95408593047859,15.461091696596032,15.963368323149263,16.368409325683782,16.684787905139057,16.968901532351854,17.214026286444888,17.398818521093474,17.63122013155572,17.827099173072217,17.981869086394674,18.17748626167126,18.186825461747063,18.186825461747066,18.186825461747066,32.48275862068966,97.11643835616438,170.22758620689655,240.1164383561644,315.17123287671234,381.1862068965517,431.9109589041096,508.2260273972603,562.9448275862069,610.472602739726,643.0616438356165,661.1034482758621,647.0342465753424,649.7328767123288,621.3172413793103,569.2534246575342,504.8013698630137,364.0,218.5,72.5,1457.0,362.0,2.1801683093205826,0.3025749456022509,1.10033203517885,1.2924317118798876,1.5067204416927258,1.6581321083671032,1.8616021997558558,2.1123885605944115,2.402322134880086,2.83211741322873,3.567139353571914,10.481481570616893,1.5500456066093025,0.650798948856536
35421,24.294646441117415,0.41669958110836686,1.0,0.6551643430226984,1.100311980224533,1.0438213950948414,0.7092658015946426,1.1748247135264949,1.8025646779433022,1.1807477337767485,3.165007017719805,1.7268899511103828,1.6647464619358114,2.69402488837619,0.9644705138829252,0.5689248936773141,1.2162452936490435,0.9239804035586888,0.8021321377658419,1.0352568171622945,0.9518607897454124,0.6292448983929981,0.9986714181141949,0.9119000570580627,0.8871778351335516,0.8500599337210595,23613.0,37127.0,7.828571428571428,42.0,0.003771551724137931,0.4123989218328841,0.6727762803234502,0.5692729348947763,880.0,23.513247928432207,0.008718768456987519,-0.0007633668115248827,-11.421466489447088,0.012872208549870106,1.1554056395015937,0.08280999734790322,0.0046157850750908405,14.34855096266797,18.050572255608778,19.36217181262642,20.347721098070963,21.039677425538066,21.51852618168889,21.983030698803944,22.297608910753198,22.585601560717205,22.80986592134472,23.081770819039537,23.30133839904091,23.50140357411969,23.698028604383886,23.85829311041372,24.12241460489065,24.290791603843196,24.294646441117408,24.294646441117404,24.29464644111741,55.935135135135134,172.86559139784947,268.74054054054056,374.241935483871,478.227027027027,594.0268817204301,694.9783783783784,760.9301075268817,808.3459459459459,813.0806451612904,836.5,849.7135135135135,851.1559139784946,806.0864864864865,746.2096774193549,730.2432432432432,648.3709677419355,464.0,278.5,92.5,1856.0,482.0,2.2501833105982327,0.48095663267578403,1.168069014319338,1.4095510242953295,1.634713482250782,1.876780152907308,2.0392808253634014,2.256297896308978,2.5048532503209624,2.870492671595076,3.5194716290334673,9.877966662080981,1.1770335562313636,0.801000884438399
35422,32.079507422282596,0.40180091343831925,1.0,0.7544061110749382,0.8979863155734819,0.9332974139400874,0.6869434180921652,0.8613754217342816,0.9837054497683805,0.6143637987934532,1.3433892025361338,1.0540106884208393,0.8943441084270288,1.5595861788479781,1.1562953860791085,0.7933786744775596,1.391605457863493,1.2389355941720592,1.1549403540119723,1.6155620682346072,1.0491738267274464,0.853914408188685,0.8135313623501553,1.1241580776466158,1.2430636726387818,0.9444562055325451,18477.0,26969.0,5.882352941176471,34.0,0.004180602006688963,0.44184100418410044,0.6828451882845188,0.5468612339540155,352.0,28.597351510778633,0.04016120438095828,-0.011718850746358977,-3.427059977996245,0.02650854101158517,0.5264926308274411,0.05091288437633734,0.010990315262837948,12.29740600061718,18.28509108718874,20.510737706027793,22.182723137682277,23.420665712712083,24.308546205299628,25.000790000472954,25.684912130381804,26.237777373485034,26.810186107410292,27.246271840433064,27.66648832517152,28.06704250409306,28.496780803251927,28.640978421680863,28.68123781237272,29.32484338108608,30.460355656930293,31.543492223969036,32.07950742228258,21.77310924369748,48.46666666666667,79.88235294117646,110.88333333333334,151.23529411764707,178.58333333333334,203.56302521008402,238.68333333333334,260.9495798319328,275.26666666666665,302.4166666666667,314.30252100840335,312.55,338.6806722689076,273.5,159.47899159663865,110.01666666666667,109.63865546218487,117.41666666666667,59.5,1196.0,199.0,2.562708455249572,0.30789164390452434,1.0739631714890063,1.45333739522186,1.7396984522251322,1.9982447861246082,2.2819366221966866,2.6022690519235923,2.9303835716218614,3.459680735446043,4.719179675107445,6.451124494368674,1.8444783134670564,0.43944237572141
35423,45.55042072724553,0.8202769739964912,1.0000000000000002,0.669882889986241,1.0915846224073276,1.0587052131010766,0.6996420113358541,1.1226697440852569,1.718121096528748,0.9346399580467566,3.8391296621872466,1.6228512670643813,1.3358831272327567,3.4196429381067373,1.218396709404161,0.9658907270934208,2.1063565883571567,1.1508366014703268,1.3805499261675376,1.8762032195616,0.8311658632938903,0.6101645658917816,0.581527026055642,0.7850777090813639,0.8721096732409912,0.5179858361013069,12811.0,17031.0,2.1463414634146343,24.0,0.01059001512859304,0.4393939393939394,0.6727272727272727,0.5356138687453506,109.0,42.972415329894964,0.14927743309308925,-0.028255470443149914,-5.28313387644477,0.06777294508068037,0.6029107791558166,0.11586063506038956,0.02996874250507632,11.305341787840772,23.70166839081013,27.185097809546527,29.827410207594088,31.144893027721594,32.2050358226398,33.08830995453108,33.8661428549379,34.497938112549086,35.14577609104459,36.11824891990082,39.15703575906815,40.75168132015886,41.862208183223196,42.60193983520492,43.18345778536303,43.70865239107231,44.245531553243104,45.03735230603524,45.53115999502606,7.893939393939394,19.62121212121212,29.015151515151516,50.984848484848484,69.01515151515152,72.25757575757575,93.77272727272727,99.10606060606061,97.31818181818181,75.74242424242425,24.46969696969697,37.803030303030305,55.31818181818182,76.62121212121212,94.71212121212122,103.68181818181819,92.1969696969697,79.04545454545455,69.95454545454545,32.014925373134325,661.0,132.0,2.4119563773617214,0.6249675261394624,1.1626273610493305,1.4954082146328256,1.7934111082912663,2.0072690616577957,2.2276295786144225,2.4222766060921255,2.684940217375719,3.0897230688010398,3.8134196514505305,6.853548114470502,1.324014003466455,0.710100009702146
35424,19.80022243186638,0.8112004683458742,1.0,0.6619217497160599,1.0569628351127451,1.1084157655150082,0.7822948057680007,1.2363907746456528,0.6239137497336074,0.41711606287424613,0.47195303737619354,0.5628878342809528,0.5331954907520466,0.3817183426586585,0.9352676792900773,0.6177162962991086,0.911011425470804,0.8437877810728537,0.7896208587153781,0.7368313029769235,0.8932934416505831,0.6027408570591613,0.8548294448451501,0.8059191049448202,0.7704778973540974,0.6913909925364353,20048.0,27192.0,3.5121951219512195,34.0,0.006802721088435374,0.40077821011673154,0.6507782101167315,0.5709029642684156,415.0,17.912940027832104,0.0214784034557996,-0.004361027866714784,-4.925078241240303,0.018471811248560805,0.2729727097485509,0.057174253697829955,0.007435269027340763,7.217049335242003,12.455462423145063,14.057086298158918,14.988175131496865,15.681996084969594,16.183915018819047,16.632669753033127,16.99117156102065,17.378383344039488,17.704725663591148,17.982927486285146,18.260192951719166,18.525652577742715,18.774363992849583,19.05224816356574,19.332265782592767,19.550420535626078,19.799168185193754,19.800222431866366,19.80022243186638,19.04901960784314,70.72815533980582,120.54368932038835,176.6504854368932,233.63106796116506,282.63106796116506,326.8333333333333,346.6796116504854,369.19417475728153,396.36893203883494,403.7378640776699,397.68932038834953,392.4757281553398,388.1862745098039,365.3592233009709,336.7281553398058,287.1456310679612,256.68932038834953,154.0,51.0,1029.0,245.0,2.183903750150088,0.662528178064374,1.2094110923097516,1.4628828370680114,1.6236242100742362,1.758003928827488,1.921507109335698,2.08875667349868,2.4329964888382736,2.7629507332049887,3.3684139810191986,6.017988985891845,1.0354035171899176,0.716300989571028
35425,19.38819823071221,1.337476616345267,1.0,0.6340451326650342,1.1172277510469169,1.0964551440205812,0.755017201107764,1.2309519588615394,1.6703617966510802,1.052803201188767,2.4967957247382078,1.5234200922493246,1.394409557350601,2.028345384857585,0.7526774079600959,0.48616014614110264,0.6629445961179079,0.6864643866780633,0.6439060533029005,0.5385625258121691,0.910787610380756,0.5485664673516933,0.9943175237686841,0.8306656367546394,0.7265615492558773,0.807763062246792,42075.0,58595.0,5.2444444444444445,38.0,0.0029978586723768737,0.41216795201371037,0.6628106255355612,0.5596921999556865,1380.0,18.674304066809444,0.005656680466514507,-0.0004513473527440094,-12.532876136581232,0.007733813887903574,0.37848837915977457,0.033233915299055686,0.0030443343569600554,9.821036450888139,13.554451806863725,14.790188189500784,15.624996958588165,16.259555475263273,16.791226106020893,17.244737557724704,17.623392366402538,17.973131126533115,18.248300717104847,18.51349411969178,18.72912586634299,18.907764266761966,19.073996427300102,19.118854468788875,19.119313351234386,19.271050561194386,19.388198230712195,19.3881982307122,19.388198230712202,66.33476394849785,213.07725321888412,362.6965811965812,492.4549356223176,610.5512820512821,731.1716738197425,862.8162393162393,1000.4721030042919,1142.457264957265,1216.038626609442,1302.755364806867,1352.9700854700855,1325.9270386266094,1275.337606837607,1090.0,857.0213675213676,736.5021459227468,583.5,350.0,116.5,2335.0,670.0,1.8951801080784016,0.3475535710969227,0.8368646318824892,1.048967026043433,1.2210901720506124,1.4199609771341897,1.6248142252017646,1.867794591983329,2.157702472352697,2.613549204836704,3.400934690321368,7.726665196054227,1.197701797833137,0.442550673692022
35426,17.879897580460064,3.4096893302256284,1.0,0.6591404909619752,1.0604626077923835,1.0834679229643254,0.7642746958437867,1.0935507988493627,0.7976251354694888,0.6733421277985205,0.5232743106885182,0.736177895592163,0.8810210928874554,0.47850937628056134,0.8356069142534677,0.5514279664429831,0.5852203242433672,0.7712336438787041,0.7215049372191851,0.5351560484059248,0.9270625250155549,0.5881453963373693,1.0667085164091927,0.8556437208396059,0.7695471268848377,0.975454014145101,30345.0,45411.0,5.675675675675675,42.0,0.0033396946564885495,0.40047732696897376,0.6591885441527446,0.571020008728716,1231.0,17.688615723506203,0.005945276261950487,-0.00018412746078464768,-32.28891680043304,0.006907020644503311,0.28022804989650846,0.026337391709374918,0.003192823635323421,8.684947529874318,12.031713121877125,13.366420049263324,14.186726701137355,14.872578917346939,15.413261657270988,15.818107097038869,16.174708184716266,16.52874880226337,16.82621476708863,17.057159190543562,17.248671004653577,17.484744684838724,17.680566353831864,17.712410176786058,17.742803161489192,17.87969272885263,17.879897580460064,17.879897580460064,17.879897580460064,63.98086124401914,182.9952380952381,313.50717703349284,420.8904761904762,558.0382775119617,693.1,818.0813397129186,929.4238095238095,1029.3205741626793,1117.5190476190476,1158.3380952380953,1134.5885167464114,1172.2619047619048,1197.2535885167465,1022.5,836.8277511961722,733.4428571428572,524.0,314.5,104.5,2096.0,561.0,2.098099572489424,0.3228350537309609,1.0894933833430784,1.2507906150643664,1.4358799221502572,1.6066534642496193,1.8682834666554702,2.057014993261763,2.3263654695613476,2.7575981375378973,3.6089882929190003,6.6387004897418915,1.1649585915979586,0.773655378886033
35427,31.660786056011812,0.47313464604688227,1.0,0.6643699382715783,1.0720546472022319,1.0389296010554616,0.6892172955785072,1.1563536537844228,2.2278789526356326,0.6460047961752148,10.8559749017971,2.1443983792282966,0.937302067605513,9.388109655094292,0.9384291394318046,0.6151607975927773,0.9407857714321181,0.9032653785958574,0.8925498555233307,0.8135796244973921,0.961300345754478,0.6409423562482376,0.983762590652047,0.9252795808088257,0.9299568660856818,0.8507454336590424,607829.0,951623.0,89.79166666666667,522.0,0.00024342745861733204,0.3848705230806682,0.6475367434500806,0.5935417649347197,18430.0,31.35825140368932,0.00039702027127829685,-1.599890568255399e-05,-24.815464204606677,0.0009490202175688442,2.615640389569838,0.017229553893771798,0.0003272326500086861,22.380813237897218,25.944241046645043,27.265248997420716,28.135227504647705,28.781642210720957,29.29157251239341,29.714720894063444,30.071005834984994,30.377838497032563,30.62710478216157,30.848800640244054,31.04653914515451,31.239598848330495,31.394406559740577,31.424249915440047,31.599960531434505,31.660786056011784,31.660786056011787,31.660786056011787,31.6607860560118,1047.8073645769932,3134.623554473524,5228.42257377548,7277.587035909921,9292.523737066342,11316.052327350168,13210.196287279367,14828.4202678028,16318.201703681169,17188.51521606817,17608.888314059648,17814.904776391846,17977.74650030432,17484.259586122946,14690.621539397627,13904.928484479611,11502.5,8216.0,4929.5,1643.0,32864.0,8507.0,2.357589052163003,0.15038245796814792,1.117056887822143,1.4042975921474807,1.6352538764329314,1.8741234585587994,2.1160030645458314,2.3973046049985607,2.711451141212271,3.1693035615081215,3.9270500979225846,8.973465513576466,1.3834138094885757,0.0609683372755535
35428,23.93579207003468,1.1670048695269255,1.0,0.6556232870028648,1.1110585587229276,1.0941844067970508,0.7432225460030801,1.289313751463661,2.9760850134298322,1.8713603193426733,4.648350012085567,2.719911739687071,2.51790036430746,3.6052900287526173,0.6706197568750489,0.49396460380982943,0.3153135501981087,0.6128946388827815,0.6646254294440932,0.2445592082145691,0.9172493985258908,0.6180117230401764,0.9359453082706533,0.8382950742379042,0.8315298376828508,0.7259251731459041,24482.0,39190.0,8.06060606060606,42.0,0.0031746031746031746,0.39915299100052937,0.6532556908417152,0.5760269433356539,886.0,22.17272234164727,0.008669295031210765,-0.0018088395279407196,-4.792738602456548,0.01205335479116345,3.5284473604734115,0.0560842523671063,0.004483578945041016,14.171897288067647,17.627248648754904,19.021167073682125,19.902706567641516,20.51667996694324,21.043913127758056,21.440299800920968,21.795623174757324,22.120349535972636,22.297169162105078,22.39054162718007,22.761612820544194,23.050829228103492,23.300307882570287,23.49366092371947,23.708430183063694,23.910552199245128,23.935792070034665,23.935792070034665,23.935792070034665,60.02127659574468,176.74074074074073,287.92063492063494,406.67724867724866,519.3597883597884,625.2380952380952,710.6507936507936,794.2539682539683,857.6560846560847,803.5978835978837,684.968253968254,745.6719576719577,767.8677248677249,781.3121693121693,742.6296296296297,690.5291005291006,641.8677248677249,472.0,283.0,94.0,1890.0,504.0,2.2388334273958663,0.6313348168505708,1.2527302713610355,1.4444567714922745,1.6572658354084884,1.8527520485034634,2.0850001128437583,2.2939973400907103,2.5585585763456793,2.902264442251528,3.344228608297052,7.174039087031768,0.9475535551130205,0.469267457611859
35429,16.467489061304644,2.2425317933883533,1.0,0.64572814503839,1.1538653986912464,1.0711512396547518,0.7228902525884321,1.2312498208981888,0.9404317425282732,0.7140993238826769,0.6244244849558355,0.8779635477352279,0.9878391931911135,0.5071468635831531,0.9586053541645736,0.6242923638511849,1.0785721885818,0.8949299769036785,0.8636060060511253,0.8759978440402847,0.9239307167735253,0.5857217718726985,1.0768160145654633,0.8625586029021655,0.8102499235194023,0.8745715096063388,16749.0,27765.0,6.7272727272727275,46.0,0.004008016032064128,0.39705882352941174,0.6564171122994652,0.5784723949852392,720.0,14.62071476066034,0.010080165577836973,-0.002585267859834513,-3.899079756664835,0.009508661275345113,0.15482685778614233,0.028279538823753572,0.0043184971892641245,6.353496274649775,9.983500226263835,11.576493904602877,12.360175194179817,12.980841487502625,13.489622555706626,13.893528239847537,14.258283837741391,14.551316894397303,14.784386620689114,15.009077156186168,15.244682330148517,15.472390638461281,15.652193709015762,15.713591411410567,15.937825591558722,16.19332760892155,16.3686516098911,16.467489061304637,16.467489061304637,48.0,124.26,202.0201342281879,290.52666666666664,391.87333333333333,490.10738255033556,580.9133333333333,664.6333333333333,699.4295302013422,680.2733333333333,672.1,667.1409395973154,672.66,645.8866666666667,522.8255033557047,478.20666666666665,429.66,344.6442953020134,224.5,74.5,1497.0,399.0,2.1750234595028015,0.5407870995819428,1.1875232816774681,1.454403210977881,1.5998604574567274,1.7974819385342378,1.9086046037390643,2.108033202404018,2.413139325670287,2.688345857333036,3.391127041485711,7.846458889188417,1.1066975004267827,0.865017619954888
35430,20.270923541461112,2.0651768267094286,1.0,0.6683246563558789,1.0898385242395987,1.054275281463681,0.7244910631437607,1.1887915527309563,1.7025420979164525,1.3884654870265665,1.203834203672577,1.6148933090347748,1.9164701369836683,1.012653733034243,1.0412958657546691,0.6810044186263123,1.264931927981235,0.9876887792617197,0.939976285796062,1.0640485500383687,0.9355250161107276,0.6281874987334567,0.9614145249676205,0.8873631323423526,0.8670741858534223,0.8087326350519627,22591.0,37187.0,10.4375,48.0,0.0035551041137633316,0.40752032520325204,0.6580284552845529,0.5855924100973675,1315.0,20.227221023642734,0.005647823005527781,-1.9481446023716098e-05,-289.90779219634413,0.009250887558308782,0.791917760690071,0.05450332013334328,0.003682674303038297,11.317594327578217,14.914794408950376,16.14440021533379,16.918829468672516,17.503410197583392,18.028027998318272,18.4767453396089,18.8353388205401,19.13534745804406,19.40761959294357,19.677791544605387,19.895542463500796,20.120032929700436,20.234417803450935,20.268871379614552,20.27092354146111,20.27092354146111,20.27092354146111,20.27092354146111,20.270923541461112,62.95918367346939,192.56852791878174,319.24365482233503,439.78680203045684,574.0659898477157,685.6040609137056,797.6122448979592,906.6142131979695,990.1725888324873,1076.502538071066,1162.9746192893401,1236.8680203045685,1285.766497461929,1232.295918367347,1080.5837563451776,886.0,689.0,492.0,295.0,98.0,1969.0,492.0,2.252241065159234,0.26959280371274946,1.0166365658840657,1.2460764804512587,1.4739873967974801,1.7593306632797039,1.9884726989965213,2.303955027248687,2.602201585653151,3.096300358936918,3.8276036692819857,7.805651127287853,1.4714414155459532,0.921203440329991
35431,24.003775862105513,1.3186432693935357,1.0,0.6123484500412857,1.2201332563441347,1.171798052985975,0.7527830011515029,1.5901973329473549,1.3879089928694908,0.9472113463198091,1.2350280756934346,1.1844267784306537,1.258279404384659,0.7766508282367504,0.7286882665634503,0.46632066120574733,0.6811192873670993,0.6218548193578299,0.6194622626871685,0.4283237515589824,0.8337001079199886,0.5333197242243226,0.7963110820274637,0.7114708082980292,0.7084640904596998,0.5007624308811656,98745.0,140585.0,18.046511627906977,136.0,0.001789620202823623,0.43058870326173426,0.6782020684168656,0.5546522586116016,2511.0,22.781163584983545,0.002950508456326955,-0.0004997993367506397,-5.903386097927187,0.0045117606588528205,0.7611918620710353,0.027846490062274,0.0016888092761580098,14.47769216848584,17.79645752646976,19.14416047863232,20.026145927896962,20.687743791875373,21.189761785534696,21.58877918324751,21.96420112017347,22.273438175406294,22.533428356030722,22.783827131112368,22.953715900194208,23.15676941622414,23.31261288841497,23.519229249334302,23.67796068936464,23.812492632980884,23.969832057627336,24.003775862105503,24.003775862105503,149.75896414342628,465.91053677932405,771.89662027833,1061.493041749503,1363.0457256461232,1635.0119284294235,1896.7430278884462,2129.4433399602385,2287.497017892644,2392.8747514910538,2469.878727634195,2354.234592445328,2304.4990059642146,2167.731075697211,2077.3558648111334,1841.023856858847,1524.1113320079523,1220.7017892644135,754.0,251.0,5029.0,1526.0,2.0730421968801296,0.37974810722681523,1.1832807043041924,1.3711270916079639,1.5395586201778095,1.7201420791684958,1.8870075675544675,2.1030656622905983,2.3186133272828666,2.692187975980172,3.188735110469659,6.955572901651898,0.7605134512187983,0.292284367105458
35432,22.308369344836365,0.2364774378571941,0.9999999999999999,0.6286149001545043,1.1561676768107576,1.0871902581440391,0.7297993632699686,1.2256067036254616,1.1780203591393708,1.1252427661861955,0.7810318333850862,1.0835457274519633,1.5418522169495834,0.637261391500813,0.8113166740777932,0.4775269553413331,0.9244908546373113,0.7462508682360763,0.6543263523849986,0.754312824744332,0.917881335434166,0.534220605838458,1.0794185531251712,0.8442692790506573,0.7320102383274322,0.8807218089882733,215034.0,311132.0,21.019607843137255,136.0,0.0007111111111111111,0.40208018490532493,0.6662814472397547,0.5624139215640803,7202.0,22.08225904503355,0.0009864678321630255,-2.3167158542270973e-05,-42.5804412035731,0.0019621203579855253,0.38624713743974726,0.012698331510876282,0.0006985228484655473,13.680727567568814,16.860707929686875,18.196245128418184,19.05481778011278,19.69972864054324,20.21953827148657,20.606625332501316,20.944928606869322,21.243901408134683,21.50251713009684,21.71658924264101,21.902971379695646,22.07949180614452,22.183639541127278,22.21882989768226,22.308369344836354,22.30836934483636,22.30836934483636,22.30836934483636,22.30836934483636,391.29715302491104,1119.4702222222222,1875.8924444444444,2645.4684444444442,3393.6844444444446,4133.283555555556,4783.140444444444,5414.485333333333,5985.631111111111,6418.032,6795.165333333333,6959.296,7083.721777777778,6664.839111111111,5750.587555555556,5062.0,3937.0,2812.0,1687.0,562.0,11250.0,3365.0,2.0392315679916684,0.2633355221125888,0.8881760923703579,1.0922394559368906,1.2821020562354244,1.4727047046371395,1.6831025145439842,1.9766561017247444,2.3298493409274874,2.8133127049238302,3.6880479173504312,11.239471465942984,1.4871094043223594,0.130500019157771
35433,17.228156975152967,2.711438824665912,1.0000000000000002,0.638005533806089,1.205704147615398,1.0732695291953909,0.734256521159914,1.28722750811487,0.7982822150522173,0.5075359569846221,0.6893319342138148,0.7437854083593278,0.6912243097042724,0.5355167830613979,0.7310920979313498,0.44186527690612765,0.8156973544302489,0.6811821989201866,0.6017859755717356,0.6336854590878254,0.952933477779893,0.5737453010665654,1.1509481957529362,0.8878790013672414,0.7813962621131548,0.8941295835407422,40313.0,54057.0,5.4222222222222225,38.0,0.003560528992878942,0.3979643765903308,0.6564885496183206,0.5675489581292089,1343.0,17.226918385667396,0.005694129052190041,-4.111090969293788e-09,-1385065.2040346826,0.007387642824675346,0.23541365014465154,0.025811757983371448,0.003313342994087838,8.015919579463622,11.354525653381904,12.874675027456043,13.859335873111052,14.573082037626191,15.123598576036708,15.578559486161998,15.907829290256712,16.21626358616181,16.462144508725082,16.65266988001091,16.901491917887277,17.092496823167632,17.22443829061497,17.22815697515296,17.22815697515296,17.22815697515296,17.22815697515296,17.22815697515296,17.22815697515296,57.683673469387756,172.0507614213198,286.0612244897959,423.28426395939084,559.5204081632653,684.9746192893401,808.5102040816327,938.1472081218274,1056.591836734694,1143.8883248730965,1151.6395939086294,1236.6020408163265,1284.9137055837564,1273.091836734694,1081.0,884.5,688.0,491.5,295.0,98.0,1966.0,540.0,1.8945147131333107,0.333463287356046,0.7848579952699639,1.0019795260940845,1.1336366439375576,1.293581720119348,1.4660134120586026,1.7733798953349926,2.1972262694404865,2.6805640638837587,3.583008959130887,7.223725094861435,1.4837865321365618,0.954242331713904
35434,15.840842668976558,1.7841786706157248,1.0000000000000002,0.6902211579178232,0.9575219580267724,1.0525483307524173,0.6956730644035747,1.1669824653358989,1.005643202026247,0.8816907445103376,0.33990608039295966,0.955436603378925,1.2673923853387115,0.291269226821778,0.8203303162913005,0.5400576663522705,0.8488230266604753,0.7793754379952177,0.7763095827424067,0.7273657076039732,0.972792061576527,0.7141680446470751,0.7281705071358339,0.9242255516011543,1.0265857357282573,0.6239772479582549,11334.0,20596.0,7.555555555555555,38.0,0.003996802557953637,0.384,0.6376,0.5994400504575534,589.0,14.76492518293205,0.013913047629813331,-0.0015257753984726232,-9.11867345858439,0.011245331198688665,0.1655833266897783,0.02298343647428266,0.005257283409676007,5.994449771159443,9.297224475689951,10.536421698783473,11.421058482449958,12.065814689828418,12.607667238161588,13.117478650270165,13.578259547647082,13.926835429573657,14.25972792414507,14.514943619668118,14.754641131168482,14.983411238210259,15.251239224240713,15.450608644278875,15.621585408668988,15.817462869538915,15.840842668976558,15.84084266897656,15.84084266897656,35.984,97.032,178.032,237.544,294.128,342.84,403.248,448.856,474.576,521.176,547.312,574.776,549.92,543.016,510.56,464.856,427.6,313.0,188.0,62.5,1251.0,260.0,2.304128621067916,0.4625271078922291,1.1631202196754276,1.4539412290582616,1.6415488616104315,1.9040673534763353,2.0864876139624133,2.4453271885786996,2.7078343305159533,3.188726152277653,3.574956018833273,6.200278624667807,1.0815327987745054,0.474949979176745
35435,20.033986240621754,0.32711410853339934,1.0,0.6191370855043071,1.2201983327185602,1.1070020429009615,0.7352164392913834,1.3209603959712743,1.068407127823241,0.6225225164208046,0.9424030019352941,0.9651356424089513,0.8467200720114535,0.7134226013205832,1.051300207290141,0.6024883708320429,1.4654924203409985,0.9496822648449224,0.8194707553230631,1.1094143509605014,0.8822456517864018,0.5065635704654519,1.0738499433435678,0.7969684043892341,0.6889992434794959,0.8129312177856691,31607.0,45723.0,6.2105263157894735,38.0,0.004433497536945813,0.4090685066535239,0.6678166584524396,0.5572602523256002,1341.0,19.855786806899868,0.0051845629203220315,-8.493499535320872e-05,-61.04154004791108,0.009712603317934134,0.49280557382191026,0.05911436932999424,0.0035003612716850443,11.491186152161557,14.959918962693093,16.06886530593462,16.857734034872284,17.4899518656269,17.964196724476622,18.35414180459746,18.691194015216695,19.001665089118127,19.27582991820016,19.448953635521068,19.659034810239515,19.832942781667896,19.926813038789522,20.033857074215813,20.033986240621743,20.033986240621743,20.033986240621747,20.033986240621747,20.033986240621747,72.55940594059406,217.30541871921181,347.7931034482759,480.5566502463054,627.6945812807882,763.2857142857143,881.832512315271,997.0197044334975,1111.5467980295566,1213.551724137931,1234.472906403941,1285.472906403941,1302.768472906404,1206.7832512315272,1115.9704433497536,913.0,710.0,507.0,304.0,101.0,2030.0,629.0,1.9915862388828682,0.1436890236945057,0.922389699308311,1.1153597282417087,1.2792506586162773,1.443317661200247,1.6224351514616284,1.7984742484851846,2.0990825867000353,2.5505729305572764,3.58475301747922,9.179481363031366,1.6525958613785015,0.828473007229622
35436,14.625318465787407,0.2226491346788391,1.0,0.6524880703360398,1.0917866227241422,1.1542320668565365,0.7976299960353143,1.3383332893604256,0.45562441924963765,0.3089371210501014,0.15976251694889437,0.39474247192810735,0.38731883528164546,0.11937423825513828,0.853893021305727,0.5977726648962316,0.8369001499703923,0.7397931887573007,0.7494360391002218,0.625330145057019,0.8592510185250845,0.5719775529315575,0.8077678288931148,0.7444352337785844,0.7170963426333251,0.6035625320798363,12277.0,17189.0,3.3333333333333335,30.0,0.010101010101010102,0.44121365360303416,0.695322376738306,0.5487583294962037,403.0,12.964646812650253,0.017717811235744445,-0.004511296300620811,-3.927432395275445,0.018208178673967845,0.1902666546071139,0.03596130020207391,0.007713877829377223,5.160364925849492,8.48359506387605,9.645398455290465,10.44905506737928,11.107477611814705,11.631114426629507,12.093388830401034,12.490755744474635,12.803024597463107,13.018431708676511,13.251438639578472,13.283303439961823,13.501672518003788,13.78402504896041,14.058959053759597,14.25639698578085,14.430035775433257,14.6253184657874,14.6253184657874,14.625318465787405,23.911392405063292,70.43037974683544,112.59493670886076,160.53164556962025,213.0506329113924,257.4177215189873,306.85,345.55696202531647,382.7848101265823,392.0886075949367,383.69620253164555,314.24050632911394,304.8607594936709,322.975,320.46835443037975,290.40506329113924,245.50632911392404,198.0,119.0,39.5,792.0,246.0,2.1096364577605393,0.7124673002577341,1.115942188655341,1.311977247730313,1.533242036823144,1.6874280571800329,1.9032378018198535,2.1102959607338816,2.3482850076664583,2.842883903502443,3.496234024334272,5.473002011234167,0.8664661225160504,0.983902507622261
35437,20.639500728546867,4.240543637396116,1.0,0.6891039121958874,1.0127833061065397,1.0247710101602592,0.7353701142598265,1.0359312278543735,1.1630087601386372,0.7671035329546508,1.2932572770682313,1.1348962339954949,1.043152989330774,1.248400706817993,0.7775721910680357,0.4094775896244881,1.036845033483292,0.7587765299356338,0.5568319703019756,1.0008821103219478,0.9984727301699918,0.6823252043810637,0.9697350755927434,0.9743374083287595,0.9278663779637629,0.9360998582900759,16281.0,24021.0,4.594594594594595,36.0,0.006211180124223602,0.4227353463587922,0.6696269982238011,0.5701641491653828,552.0,20.376667438044283,0.017411570562384165,-0.00036099986508660893,-48.2315154278711,0.01456390505430795,0.38944667358176677,0.05092957837814211,0.0070491675163502155,9.276308701042028,13.14155933413945,14.627274941270683,15.826172063579962,16.65587574534709,17.334136287638668,17.861921516139173,18.340267099069457,18.738512519264848,19.067927822337086,19.383770837181164,19.642830113672623,19.897451227701907,20.17181969410694,20.408394759271566,20.519634585650547,20.63950072854686,20.63950072854686,20.639500728546864,20.639500728546864,22.767857142857142,76.58407079646018,129.26785714285714,180.2566371681416,223.8053097345133,269.3392857142857,320.0973451327434,370.76106194690266,404.60714285714283,424.11504424778764,473.23893805309734,487.375,497.14159292035396,520.4778761061947,533.0357142857143,471.4070796460177,394.0,281.5,169.0,56.0,1127.0,244.0,2.2684858257293397,0.37982519946989857,0.872908671705282,1.216760977846805,1.4789936298406692,1.9162003120645035,2.0985535791853476,2.3576575867880973,2.6319733634449287,3.0698312664028156,3.8635464135394892,6.73914051269546,1.448911414878814,0.710442337021232
35438,25.114516184677594,0.5662078424096652,1.0,0.7900362677068411,0.8530491348538891,0.8408848756060084,0.5885892439911984,0.8031740955659294,1.0368015469672607,0.8004818499015418,0.7354812147065591,1.2329886968415968,1.360000812236236,0.9157182966518949,1.3010440376624366,1.0228444536039079,1.7154515336426674,1.5472320592337934,1.7377899172401512,2.1358402158549854,1.1244480575031954,1.0770784805019882,0.5409214222969239,1.3372199811452534,1.8299323195211066,0.6734796668408259,5250.0,8630.0,4.0,30.0,0.011494252873563218,0.3915547024952015,0.6391554702495201,0.5959193997750497,119.0,21.844390624826524,0.15013978247231835,-0.02744114751565981,-5.471337610303587,0.04711767436135879,0.1748410262019877,0.06357826409459875,0.023278660500402695,4.237201329821058,8.57763175635088,12.361432546455397,14.5612959775474,15.954420491637622,16.885247724729656,17.544859681299123,18.23797441248291,18.991852136101098,19.410676548694564,20.03657632533595,20.623222179453794,21.165961597901003,21.651656079730945,22.125774280771655,22.489349506035584,22.895524004412476,23.215914280265583,23.810013600785858,24.985720079744194,12.73076923076923,20.346153846153847,28.884615384615383,40.11538461538461,61.30769230769231,78.5,78.67924528301887,81.03846153846153,82.3076923076923,78.84615384615384,90.84615384615384,101.03846153846153,104.38461538461539,109.67924528301887,111.03846153846153,102.53846153846153,86.07692307692308,65.0,37.61538461538461,23.69811320754717,522.0,50.0,2.3379735763123595,0.689472907669164,1.345654330762508,1.675222283047334,1.8713851878287848,2.057707543541693,2.3579239338787144,2.6057985222693567,2.740127335211013,2.967428173903629,3.1939540479931705,4.974410213211206,0.6884014361732659,0.681556225302629
35439,24.945580720068374,0.20064916278869763,1.0,0.689931303621113,0.9821337125151295,1.0333408586311252,0.7030102099838773,1.2094898188863101,1.2083067285381783,1.2425427353218261,0.6875516298771773,1.1693205765025412,1.7674604403687428,0.5684641731918588,1.2071849977421065,0.9103791106742689,1.1243033094277572,1.1682350384763398,1.2949728151105335,0.9295682294068486,0.9400896589809612,0.663112755260892,0.7092302336495685,0.9097575607590949,0.9432476880756819,0.5863879319816208,25869.0,41535.0,16.0,110.0,0.0028929604628736743,0.4027978774722624,0.6493005306319344,0.5886990527123417,879.0,23.047675644752086,0.010000401290125114,-0.0023027667579200517,-4.342776469101832,0.011936773544273844,0.41367880357428194,0.04375496077828307,0.004422904167314678,11.61524089575028,16.71851048347164,18.358330105539906,19.498436805674423,20.266315662910365,20.890055699358136,21.366304153334955,21.731661509087566,22.04101855619462,22.318313261880572,22.56665760143153,22.83515687764241,23.079128929918472,23.222240830842345,23.39960130058467,23.57283380239691,23.841846822870252,24.13942443313832,24.503495170632824,24.726796591777966,43.93719806763285,128.01932367149757,229.67307692307693,344.6038647342995,457.4975845410628,581.1442307692307,679.927536231884,759.0917874396135,797.3461538461538,827.135265700483,828.0193236714975,852.0673076923077,853.7053140096618,759.1207729468599,679.1153846153846,555.2125603864735,473.4492753623188,370.38461538461536,279.0869565217391,89.75,2074.0,436.0,2.4726927090129394,0.5482041727069987,1.3714370039601373,1.6484239384183694,1.896652986726814,2.061671889107733,2.3096326327991954,2.5128591056292144,2.7197828241565976,3.1472514397058124,3.821895715094157,7.6053533756839515,1.1368542474611338,0.525655839752872
35440,15.8641188400591,5.370936641349283,1.0,0.6506592796185015,1.163187550894301,1.0941108354094429,0.7253205763523217,1.4104479793401863,1.1431520317524742,0.9749560064829828,1.0280874774791795,1.0448228778619846,1.344172546966876,0.7289084691802127,0.8410749769628233,0.572064315219252,0.6200045956973417,0.7687292271884617,0.788705482610456,0.43957990991442486,0.9122231651751177,0.6011167871397429,0.9384237302163229,0.8337575459928076,0.8287601465310598,0.6653373566144011,18113.0,31297.0,11.037037037037036,54.0,0.0033463469046291134,0.3828125,0.6467633928571429,0.5963488652417421,982.0,14.927542510191083,0.00785477882461574,-0.001160222479167603,-6.770062609242944,0.005855570423387174,0.22025671833244173,0.021916569162480852,0.0034676772740759114,7.1720783423386045,10.111094868992147,11.349580901924112,12.183075071652572,12.75003024740683,13.163102330416299,13.520556364986588,13.806988784254115,14.092316435834293,14.402466756549158,14.694257540785296,14.936938654009975,15.039137550641103,15.05940061005802,15.326491238317228,15.597039856134648,15.83684458971716,15.864118840059096,15.864118840059096,15.864118840059094,70.09497206703911,186.1340782122905,313.5586592178771,440.1666666666667,551.2513966480446,655.5810055865921,683.0949720670391,729.5333333333333,764.0502793296089,820.1564245810056,898.754189944134,947.7444444444444,857.6759776536313,688.6312849162011,661.7653631284916,643.3333333333334,611.4916201117319,448.0,269.0,89.5,1793.0,491.0,2.3657639752923636,0.36251633044687326,1.1960504819566093,1.4410603341586308,1.72187218418888,1.919177265469396,2.1616564874591577,2.385576446952519,2.671083315514028,3.131782816861115,3.7370877148437556,7.3110894593005025,1.2668872601713501,0.951919479216449
35441,24.876128405971233,4.414925391260074,1.0000000000000002,0.6495792549007005,1.1384940515595794,1.0685239341333252,0.7523849122160833,1.2089386278873977,1.7437437108848446,1.953653469712057,1.022771572849398,1.631918252069091,2.596614363195752,0.8460078528855316,1.2023138374559457,0.6886526585174984,2.2341173421549603,1.1252100201490918,0.9152930200170186,1.8479989725028865,0.9152566518304737,0.5756401859366993,0.9918234964578545,0.8565616759654842,0.7650873596616949,0.8204084753177681,59124.0,90832.0,13.58974358974359,66.0,0.001733531451213472,0.40104037651721575,0.6598959623482784,0.5708421869655466,2031.0,23.812772589887373,0.003765046046359211,-0.000495933287431165,-7.591839753006689,0.005068417888211831,0.9210438311476159,0.04014020002998102,0.0021633498615323244,14.979881921263996,18.711766760828763,20.10589215537982,20.991432233027762,21.629935889276776,22.145938783913323,22.58383552184297,22.939098405774956,23.226985054652726,23.47772858452069,23.69521479514459,23.814146180636524,23.961057522555013,24.28836297060257,24.517858939965517,24.715383977431426,24.874501621357116,24.87612840597122,24.87612840597122,24.87612840597123,127.23325062034739,371.15346534653463,596.2920792079208,826.6732673267327,1058.089330024814,1289.8613861386139,1517.7821782178219,1697.1138613861385,1825.87841191067,1915.4653465346535,1948.3217821782177,1795.7029702970297,1626.833746898263,1728.618811881188,1672.0742574257426,1584.881188118812,1410.9156327543424,1009.5,605.5,201.5,4038.0,1098.0,2.106959721229969,0.39656300970046154,1.0092118789161733,1.1911875099050768,1.3627012881223302,1.5850279715160869,1.8022501124798063,2.070024789337781,2.4281832417414537,2.853967403414367,3.657607389095543,10.643453154596841,1.3872496379831445,0.197413061258849
35442,44.19611179221036,0.8739838223743688,1.0,0.6605884326613259,1.0925971371090142,1.071036753538465,0.6948610677473204,1.2638217111805514,2.07637326632239,1.502318038715074,4.644128126237914,1.938657342488499,2.1620408862241476,3.6746703155619764,1.0957876921025884,0.5863511104288059,1.5571090927692426,1.0231093269977447,0.8438393481012049,1.2320638892290652,0.9231540450958025,0.6399106587850957,0.8869062062057191,0.8619256454513897,0.9209188548433586,0.7017652872708201,103672.0,132242.0,8.464285714285714,78.0,0.0018711574445335472,0.41497326203208557,0.6684491978609626,0.556836792170132,1409.0,42.361003770344404,0.007880180656446469,-0.0014133864883336025,-5.5753898324988835,0.011583456676426735,2.0531193794631486,0.20347965388953895,0.004004714856732884,28.85163131582878,35.004848298622754,37.141677189783444,38.52246992703495,39.42042053225278,40.061310096187796,40.62360910391426,41.09339487578195,41.52804854189421,41.88639568696119,42.18921469034245,42.468231452264824,42.71933917504285,42.994291640812996,43.16182054222874,43.439268819358645,43.71670460025212,43.97716483096298,44.19611179221033,44.19611179221033,66.86898395721926,202.2326203208556,328.92245989304814,493.61229946524065,666.4144385026738,805.548128342246,946.9438502673797,1077.2219251336899,1198.649732620321,1288.355614973262,1340.2486631016043,1376.1417112299466,1332.975935828877,1329.6176470588234,1171.2700534759358,1089.885026737968,963.5588235294117,787.6818181818181,561.5,187.0,3741.0,818.0,2.285866297562136,0.3145252418204539,1.1789626859538218,1.5225243581942987,1.7069080510385986,1.89845975744079,2.1058438819942684,2.365015349614813,2.5687481345233913,2.912891460703459,3.349553960740397,9.002313136821774,1.0911836804876767,0.179028287043329
35443,17.68627566881441,3.2185595609804363,0.9999999999999998,0.6249472593697087,1.3188908622567648,1.1078887953145808,0.6913681295354205,1.633871176020607,1.0026204773566483,0.7006652232051874,1.3137426830576124,0.9049829564094093,1.013447385369086,0.8040674823931425,0.7622171598297014,0.421436579353675,0.739483763928984,0.6879906747439148,0.6095690000012993,0.45259612555871254,0.9067681845842803,0.554588038510673,1.003052720495344,0.8184649835065865,0.8021602599520175,0.6139117546209122,23346.0,32268.0,4.473684210526316,42.0,0.004514672686230248,0.4134036144578313,0.6746987951807228,0.5549775855324529,778.0,17.196163919189125,0.010639306502696913,-0.00041833443040724736,-25.432538489216817,0.010894364539031608,0.32549763054133585,0.03856652355560303,0.005047143129098326,8.05355925949958,11.461974791603089,12.883579905790867,13.710025279920744,14.516369956338618,15.118388775792111,15.608428849651062,16.029666926754093,16.420044025345046,16.695269388332925,16.902697086586294,17.1483447416008,17.278321243443582,17.46841703307478,17.652325855073293,17.686275668814403,17.686275668814403,17.686275668814403,17.686275668814403,17.686275668814407,35.621212121212125,108.28571428571429,187.81203007518798,258.49624060150376,334.74436090225566,406.22556390977445,466.90909090909093,541.5714285714286,613.187969924812,673.4360902255639,691.8947368421053,750.3383458646616,722.2255639097745,715.0909090909091,702.4436090225564,598.0,465.0,332.0,199.0,66.0,1329.0,386.0,2.012312811599007,0.37146718090463515,1.012349255354416,1.1898464226063186,1.3791404527815425,1.551273049749006,1.762730825519605,1.9562651986332964,2.2355446913947525,2.7436427036692934,3.3993445554509014,6.244236243781563,1.0226166166791502,0.715147029177751
35444,17.46191533915491,3.5284635011140066,0.9999999999999999,0.636087933715155,1.1510590069562736,1.1123655186259076,0.7364162618102039,1.4636003117992165,1.3141802309690471,1.2085963604372023,0.9484967763562606,1.1814284144589802,1.6411864092548964,0.6480572385163442,0.751513861470621,0.5060388435060483,0.7575715568021895,0.6755997456653974,0.6871641349447405,0.51760822315684,0.9018326259321815,0.581403238458641,0.8139670684404541,0.8107340715183307,0.7895035302852744,0.5561402671743335,21612.0,31362.0,5.882352941176471,34.0,0.00411522633744856,0.4131777625257378,0.6719286204529856,0.5594842185927829,778.0,16.782232358613278,0.010273378280901076,-0.000889383307947412,-11.551125582299017,0.009563110389870216,0.3625729261986122,0.02999671379913364,0.004626017136111713,7.969425449643218,11.210287148700735,12.491756074398062,13.363041521343943,14.034487919409395,14.548654213607286,15.025018489616293,15.456212106612025,15.831885301039726,16.1644184766154,16.409505526827616,16.686511756253417,16.873201957422072,16.999047661152893,17.073006197844727,17.24038197193613,17.33895054121902,17.43325177117693,17.461915339154903,17.461915339154903,41.282758620689656,129.55479452054794,213.86986301369862,293.472602739726,364.6551724137931,433.3082191780822,512.7054794520548,569.486301369863,630.0689655172414,684.6917808219179,702.6506849315068,758.7054794520548,757.9655172413793,708.7054794520548,612.8287671232877,562.8698630136986,462.7448275862069,352.486301369863,218.5,72.5,1458.0,394.0,2.118845870115769,0.6327249632424649,1.1187128649835103,1.363430844243773,1.5767869362508649,1.7679208041302856,1.916527425041637,2.0931826459183696,2.3628132087214184,2.7888233269962788,3.3044036057424826,8.586351551823146,0.9619407391211874,0.744830031041056
35445,21.25276296214085,6.853786149885275,1.0000000000000002,0.6286615848990452,1.1506017140874674,1.123164680057234,0.7513262687451884,1.315969253706432,1.9791163135565846,1.1098354948494635,3.740468389844024,1.7620891652822748,1.4771684965880825,2.8423676155875084,0.7158472130918466,0.45364261302026765,0.7586559676973531,0.6373484011760133,0.6037891018743551,0.5764997666629337,0.8850067541323765,0.5361173431600494,0.9574406992089861,0.787958141710153,0.7135612921606408,0.7275555234382194,65663.0,96949.0,12.390243902439025,88.0,0.0014895729890764648,0.395083188477775,0.6600446982865656,0.5737098996568764,2568.0,20.68749962209269,0.0027337033624151032,-0.0001533115377029828,-17.831034789509626,0.003575608843371138,0.8981996871903952,0.028453632374051043,0.0018749361406256793,12.616580845505187,15.916325990631877,17.201854857309634,18.06318086110338,18.658966570400683,19.140937604008975,19.532765182226683,19.855779082799774,20.173486418179863,20.435161566970397,20.650518702056843,20.796482647060934,20.910077196576225,21.09302088923643,21.245131748174135,21.25276296214083,21.25276296214083,21.252762962140835,21.252762962140842,21.252762962140842,136.23134328358208,405.35235732009926,681.424317617866,951.0794044665013,1175.1965174129352,1445.6823821339951,1737.228287841191,1973.1712158808932,2203.723880597015,2408.1017369727047,2523.12158808933,2490.220843672457,2354.9776119402986,2316.0942928039703,2201.6004962779157,1812.0,1409.5,1007.0,604.0,201.0,4028.0,1161.0,2.002278124970767,0.27501958814156086,0.9871679906722987,1.2314622377411015,1.4305150508034357,1.6082420542231195,1.785278844522094,1.9777251930672484,2.2159494581000567,2.5886350755540635,3.421480883515713,7.995967244603817,1.0237819726288795,0.280669039927889
35446,38.802136165536474,0.18616308947342064,1.0,0.7742538332249983,0.8640415617185815,0.9244652724707715,0.6167488271731097,0.9219392397168399,1.1741476755614255,0.7564043788732077,1.9884928623724647,1.270083052901858,1.2264382931058242,2.1568589086013965,1.1264649977120924,0.8439769432931167,1.3149214651673091,1.2185043951964214,1.3684289391542341,1.4262561007503791,1.0665263192073264,0.9261492966405009,0.6978427930568684,1.1536683431675865,1.5016636527474876,0.7569292671295784,63270.0,85232.0,7.1063829787234045,98.0,0.0025188916876574307,0.4215262778977682,0.6655867530597552,0.5619470334344552,654.0,35.39984519617881,0.023852674252224714,-0.006614797225039365,-3.6059569841285293,0.013900638256322193,0.2538194786279198,0.03834844268497546,0.005391841877698774,15.330425002225395,24.14177291174426,26.452190078036686,27.984383795851244,29.429019546454906,30.671526689652172,31.691594570392866,32.47119386045389,33.11283727412746,33.60268509957387,34.06023568078424,34.50425611513011,34.897200477134966,35.326476126303135,35.66995472947388,36.010431369529506,36.54624802210383,37.18097504593989,37.808679800545924,38.64002681334031,30.101083032490976,110.59352517985612,183.37769784172662,219.5935251798561,279.04676258992805,352.4568345323741,428.54512635379064,499.5359712230216,553.1690647482014,589.9748201438849,611.226618705036,629.9676258992806,621.9892086330935,629.6101083032491,564.0971223021583,441.98201438848923,366.6726618705036,319.16187050359713,235.33453237410072,116.53597122302158,2779.0,411.0,2.653663335610486,0.22203249710073597,1.4065236476360854,1.7463918757806904,2.0364804935404335,2.2589181323724827,2.4801796640057723,2.761267324847114,3.0339881334090637,3.540778864505909,4.103590854264745,6.706011112895788,1.2034867476568163,0.133417798879091
35447,17.60655614238373,1.4804846201155741,0.9999999999999999,0.682435427300859,1.0383518455815528,1.106310346364579,0.72253319746865,1.4267535620022194,0.49103159769187726,0.3556546717592388,0.24445289115742472,0.44384615881560263,0.4922329839033733,0.17133504879032813,1.0197954475820683,0.7219579793810305,0.8819890108624764,0.9217987076892075,0.9992038869776022,0.6181789443894897,0.8862504065461427,0.66379427057604,0.5722063450594543,0.8010866114182426,0.9187041825920275,0.4010547864036552,22628.0,34602.0,8.0,68.0,0.004548408057179987,0.4245773732119636,0.6684005201560468,0.5601866895479723,584.0,15.560917906226912,0.01607449591518485,-0.003946933971536155,-4.072653870348032,0.010485092017079424,0.0834755067464216,0.019707609105382093,0.004988907040127013,5.1613688963026885,9.07233825720523,10.795221015294832,11.866277723937198,12.646040866550072,13.263502092182867,13.744622137543647,14.163829919985025,14.539038901778452,14.932713682847035,15.291882687273095,15.5849090631956,15.82831635766484,16.06493616193476,16.350882057533042,16.62898927306503,16.78889409759812,17.055932439098665,17.5555144362273,17.606556142383727,42.431372549019606,99.31818181818181,154.4090909090909,230.3961038961039,306.40909090909093,367.3051948051948,407.2352941176471,439.9415584415584,472.62987012987014,514.3961038961039,561.8116883116883,570.2792207792207,553.6818181818181,513.6209150326797,479.65584415584414,447.6168831168831,351.81168831168833,283.2922077922078,221.46103896103895,76.5,1539.0,376.0,2.399895179494645,0.2766975223486452,1.4152646050218534,1.6313652139106216,1.8481750599663909,2.061475910181473,2.26091660196293,2.4291140209209288,2.7213777128254044,3.1805668112935424,3.50698890602879,8.498021608464,0.9904936255638206,0.620637108122464
35448,32.117265495550505,0.48884451329467354,1.0,0.7727063970865968,0.878138989269161,0.9833551633359461,0.6969861453825111,0.9523350209452707,0.9340704294347973,0.6100280101110921,1.1759127863255012,0.9498810442669009,0.8752369242236576,1.2347679760409433,0.9823480695262605,0.6741713051856743,0.8907699267145347,0.9989758595396305,0.9672664365741217,0.935353533287448,1.0218781855635797,0.8659462381324852,0.7880320442818203,1.0391750851207693,1.2424152816656742,0.8274735538966463,55981.0,78443.0,8.837209302325581,58.0,0.002827854365500177,0.41195190947666194,0.6676096181046676,0.561400723536771,747.0,28.783079467109697,0.017763963158394153,-0.005210388401272726,-3.4093356944474627,0.011184024392594,0.4067310716283874,0.03414810139525671,0.004297342966454143,15.128971242725406,20.518436089092667,22.58044139183496,23.91223788711425,24.99048012344594,25.855926125651404,26.52562940971662,27.16616346370487,27.733819914109297,28.195472592837067,28.682351748637807,29.025773609711102,29.469103019083406,29.89368496696794,30.305125997957422,30.674593860315323,31.104837476056925,31.4628142963237,32.00148973517531,32.11726549555049,48.50709219858156,135.565371024735,223.93639575971733,316.6749116607774,389.208480565371,459.07773851590105,527.854609929078,579.0530035335689,620.7667844522969,643.4275618374559,718.922261484099,668.2190812720848,665.3321554770318,655.549645390071,656.6925795053004,624.243816254417,542.5441696113074,446.29328621908127,377.98586572438165,141.0,2829.0,469.0,2.577889456299032,0.26385948189966735,1.1113327910885524,1.5501514032534998,1.8480776378209263,2.134065102288539,2.401766201640455,2.673950657258659,3.1052191952848265,3.603136290220158,4.2255422072191795,6.978507103043573,1.5099919889599718,0.170186371363234
35449,29.544640691932127,3.321292783868145,1.0000000000000002,0.6102710482258475,1.1922308543392757,1.1117791920242752,0.7308035724779496,1.3410015589694042,1.4723370241483362,1.1131464252302725,1.5695419771737198,1.3243070518954165,1.5231814226850393,1.1704251696619614,0.8068242213346761,0.505201417857575,0.7183069572348056,0.7257054522361123,0.6912957693194889,0.5356496063933318,0.8895830321212177,0.5183101247527255,1.0252516807527952,0.8001436242942331,0.7092331568594848,0.7645417515701687,299033.0,390973.0,19.228070175438596,124.0,0.000739781764379508,0.41551835753259964,0.6729862202903912,0.5490137864901959,5767.0,28.755791326343928,0.0013522871882583275,-0.0001195190576462788,-11.314406379110459,0.0024251685848574846,0.6402250011030334,0.03323953542129353,0.0009375210929667693,19.397493928099582,23.4236874843641,24.8229227567704,25.76572141989628,26.431114586155754,26.95776102657538,27.395323197771006,27.77539099029921,28.08659739768853,28.35953325141837,28.576865138596432,28.795351639291233,28.986044356392792,29.16270914224131,29.208005567183573,29.323395940740845,29.468997661737127,29.54464069193211,29.544640691932106,29.544640691932113,291.2081406105458,950.3450508788159,1592.0046210720886,2217.2155411655876,2905.1517113783534,3515.6571164510165,4048.9565217391305,4623.425531914893,5089.875231053605,5468.677150786309,5583.4810360777055,5715.259704251386,5680.445883441258,5545.721554116559,4705.176524953789,4096.399629972248,3544.141535615171,2703.5,1622.0,540.5,10814.0,3161.0,1.9137486562956445,0.3461916384429959,0.9051601849286399,1.0906087803929492,1.2472943465931925,1.4269469815535216,1.602180754876934,1.7924185204181953,2.0676234509119498,2.5053242525017447,3.3712915138075656,9.881857869870572,1.3165536798726507,0.0724709301395342
35450,22.25377156080627,3.653048375970186,1.0,0.6834107298944999,1.0121087283962846,1.0216669909597498,0.6763804756015733,1.1363318321329043,1.440666530410082,1.3795015829897355,1.272818825426106,1.4101136115366963,2.039534896040288,1.1201119157570498,0.8788683235155474,0.6401376011228117,0.6476460475444663,0.8602297336531761,0.9464164389923775,0.5699444732871993,0.9857357207884037,0.6905764277854839,0.9066818747164661,0.9648307418275377,1.020988116446272,0.797902381221352,40672.0,67340.0,18.242424242424242,138.0,0.002061248527679623,0.37731958762886597,0.6403534609720176,0.6094827605805913,1494.0,21.85034166087479,0.006471134635610418,-0.0001818547225892776,-35.584089010575774,0.005478858080953192,0.43594431440223524,0.02363426663505096,0.002418824774612901,11.993442813106027,15.378226046945523,16.72691348095928,17.593058448485458,18.146104923262733,18.863935977623655,19.392151514849918,19.794409308864186,20.19710987991928,20.430818205093754,20.813063061223097,21.109680733666817,21.40976284617652,21.671337914158684,21.8609597867408,22.093016663455835,22.253771560806257,22.253771560806257,22.253771560806257,22.253771560806264,103.35398230088495,325.41764705882355,528.1946902654868,680.0,689.5958702064896,857.864705882353,977.669616519174,1089.7235294117647,1182.5162241887906,1109.0588235294117,1233.1352941176472,1291.52802359882,1376.5823529411764,1453.3362831858408,1416.164705882353,1349.598820058997,1188.5,849.0,509.5,169.5,3396.0,805.0,2.44976750304312,0.2449725770216382,1.252943860516697,1.590368511339161,1.8858325343242945,2.0835332809941174,2.3255239407519888,2.5323125595399936,2.8384157383028588,3.207060009689237,3.838979398346433,6.408814764035258,1.040348066054492,0.197681848190259
35451,14.478130835562403,1.261128712464099,1.0000000000000002,0.8166923078883067,0.7773007915442367,0.9807442135957235,0.7266287883123714,0.8398521724584112,0.6810763154348197,0.5596460632833724,0.4645788818735443,0.694448466779911,0.7701952802932237,0.5531674467348596,0.9922765612967878,0.8287574371706408,0.6222147991328845,1.0117587721050965,1.1405513385940402,0.7408622845036411,1.0630811323307412,0.8937839936569775,0.7595169937081748,1.0839535095834458,1.230042090312485,0.9043460487634633,5887.0,10853.0,7.68,46.0,0.006747638326585695,0.3824324324324324,0.6405405405405405,0.6057938406617572,267.0,12.394820716356499,0.032331895084589155,-0.008191895434578234,-3.9468149151556875,0.017860813679862572,0.09827064250082684,0.025434571579527575,0.009587275891130533,3.6102277895391732,6.40854823425001,7.949963609515114,8.911002487571858,9.696164737592188,10.205365823974494,10.660476397664139,11.139712066792692,11.509699679439676,11.852418355274153,12.253079477242249,12.51293453504575,12.747382799527673,13.08707769642668,13.404299713398842,13.615186673137767,13.99238556495956,14.25657551121962,14.478130835562395,14.478130835562395,24.986486486486488,56.148648648648646,86.06756756756756,118.20270270270271,155.17567567567568,183.17567567567568,204.28378378378378,229.93243243243242,231.66216216216216,231.01351351351352,250.82432432432432,244.5,240.77027027027026,247.66216216216216,247.44594594594594,211.85135135135135,199.77027027027026,159.82432432432432,111.5,37.0,741.0,132.0,2.4906503907854076,0.6464661738224964,1.2313790070449153,1.485594697944008,1.7444132455430046,2.1322324721444152,2.368238039873499,2.5719038091968205,2.9259915917621533,3.1779786250759225,3.9145274005316497,6.906566303731232,1.2643114937148434,0.589482422366273
35452,18.133590581183896,1.5785062816535458,0.9999999999999999,0.6805565091210657,1.0101459221976952,1.0315704423094132,0.7111182070722135,1.0473075727185461,0.9972547198269601,0.5714286867918668,0.8295276663717798,0.966734484553833,0.8035635722850204,0.7920573554324021,0.8845886892643547,0.6114875967635358,0.6946613524183837,0.85751651364108,0.8598958523100221,0.6632830416906259,0.978153704816614,0.6559159573050023,1.0040394723330346,0.9482180418302668,0.9223726108849222,0.9586863482012276,46032.0,77358.0,21.9375,116.0,0.0018641810918774966,0.3873201917954182,0.6515716568993074,0.5963067280441944,2036.0,17.109627053359656,0.0036657611960531065,-0.0004942257378922676,-7.41717987348562,0.004409985162368233,0.2278101592574939,0.015121435817020213,0.0018143292899399151,9.03396305891276,12.203665354814193,13.526971192663709,14.390864716909235,14.989658467670807,15.490556410940286,15.912945003692927,16.299226355557394,16.60727187000741,16.8880037112279,17.117882962247442,17.29057681276004,17.474699745814753,17.640373742615584,17.70681616947448,17.923164031561676,18.06133863834775,18.13359058118388,18.13359058118389,18.133590581183892,123.36266666666667,352.0586666666667,584.4042553191489,827.5173333333333,1037.2393617021276,1241.6106666666667,1445.1702127659576,1645.3146666666667,1769.345744680851,1887.104,1976.0773333333334,1923.5159574468084,1873.0773333333334,1808.25,1523.512,1441.1914893617022,1230.5173333333332,938.5,563.0,187.5,3755.0,884.0,2.3746531530929333,0.5531872524139583,1.237355344818683,1.4743342294936512,1.7037013811493287,1.8858760103037167,2.1362458276564977,2.3856371683672597,2.671777541306889,3.1012190458768893,3.816683621108183,7.911332506630873,1.2948739404295702,0.303320369070862
35453,16.20101969633474,2.5078177097713485,1.0,0.6414363973981226,1.1221005981273953,1.1035314639546536,0.7217241898026535,1.289757330702911,0.8400476862335908,0.5859660125472994,0.6274636352685359,0.7612358266824281,0.8118974267822788,0.4864974366352866,0.876657918008697,0.5759981760474775,1.1355563905112152,0.7944113481522994,0.7980862830785498,0.8804418966879163,0.8996239573303983,0.5868808968902851,0.9104621994511296,0.8152227523322939,0.8131650638601435,0.7059174449157287,30915.0,52333.0,14.625,76.0,0.0025697503671071953,0.39478516342269554,0.6566287183253764,0.5905574864481624,1698.0,15.542903542816317,0.0037797523388974114,-0.0005302149026540642,-7.12871765764662,0.0050287190549259606,0.19920205428833068,0.017586996537326892,0.0022594647901138624,7.9750796732422655,10.967713440292531,12.109442068117156,12.852676542847957,13.41206087611728,13.85253917984226,14.206930734442798,14.502407161392169,14.752323097339126,14.963722656858666,15.149058387673476,15.359701130824007,15.537074244663632,15.54386581969624,15.556482018998778,15.64695421942697,15.789206799821402,15.906449110502827,16.180793886953914,16.201019696334736,104.94117647058823,315.6470588235294,524.9157509157509,735.2205882352941,946.4264705882352,1138.6996336996338,1285.8676470588234,1433.8529411764705,1540.007326007326,1581.9044117647059,1614.625,1639.7032967032967,1616.2279411764705,1356.5,1096.7692307692307,912.6029411764706,765.4338235294117,554.6630036630037,399.16911764705884,136.0,2724.0,820.0,2.3225342062730996,0.5510078407914408,1.1079587163768458,1.3780117985500095,1.6792518097069364,1.9043263672041415,2.0949634608498986,2.3658861245362255,2.6444214751914092,2.991484569968476,3.6702863528592204,10.871074545970822,1.3924831095089971,0.530064228069969
35454,18.399566129571937,0.8759376677880887,1.0,0.6003077996012315,1.1721489708036326,1.116416256004136,0.7321641766394242,1.3146515115027075,1.4268520912537312,1.1222952520823504,2.144975511536083,1.278064596050136,1.532846440580577,1.6315924735706397,0.6712154652603264,0.3731920298157915,0.7172277410046463,0.6012232996881763,0.5097108568309275,0.545564915667135,0.9070909753295707,0.5333642763606027,1.0188182706573492,0.8125024787584338,0.7284763354698705,0.7749721213135736,44018.0,57180.0,4.680851063829787,42.0,0.004610655737704918,0.4269605330599692,0.6822142491030241,0.5433116054251453,987.0,17.898364905308327,0.008121520620392805,-0.000464380962268764,-17.488918108775557,0.008981870047044514,0.30908940457145373,0.02566336018065942,0.0036246852310085976,8.272496089982427,11.801256316291573,13.15549206167528,14.066117859623581,14.778280594302768,15.413341821351745,15.939235276767091,16.359993989987846,16.733426402411734,17.008027876425206,17.277811639192358,17.547895969840198,17.781803746013885,17.94091430371461,18.061139449687165,18.256968591372242,18.398289768680918,18.399566129571927,18.399566129571927,18.399566129571927,47.687179487179485,148.6974358974359,260.2923076923077,346.9948717948718,453.9230769230769,541.6923076923077,658.8367346938776,755.9948717948718,840.4102564102565,868.0974358974358,903.9794871794871,945.0205128205129,970.0615384615385,931.0510204081633,844.1897435897436,787.2717948717949,682.4153846153846,488.0,293.0,97.5,1952.0,504.0,1.8620835557481257,0.5031286776733815,0.9500515739055906,1.1417561624053643,1.2714153525659262,1.4484218723417892,1.621826995787541,1.8365621803205654,2.0444033564956627,2.313566951235226,2.9272555999450645,10.563148433100512,1.1782167826712793,0.362132293584291
35455,38.14408626626234,2.9006251540022205,1.0,0.6655276103701656,1.0572095282833698,1.1045316612808052,0.7014026070619704,1.2888743771955489,1.1834187913849408,0.921522343463868,0.6528883623235142,1.0714213388982068,1.3138279415925374,0.5065570189579908,1.0222486934774673,0.6868320490441289,1.4501044839821222,0.9255042017465364,0.9792265414026979,1.1250937326703574,0.8698983665362435,0.6349889716624181,0.6871403590200119,0.7875721421398795,0.9053131044411921,0.5331321431923839,56050.0,80404.0,9.7,66.0,0.0030303030303030303,0.43752105085887505,0.681037386325362,0.548996822348947,816.0,35.439329764905786,0.01804770409021798,-0.0039544215800104395,-4.56393020447009,0.011870482018275555,0.46562458691801833,0.02766300107559738,0.005085153075106794,17.49654051377133,23.57659570144375,25.45367458024138,26.77710199425195,29.32691061592163,31.061729835165718,32.18349888230764,32.966895226017115,33.595051092822736,34.1180111762999,34.52795003157954,34.98366784878724,35.3821519512244,35.71817730556347,36.14772562446692,36.55544398661703,36.93198152837256,37.23045635623983,37.81555393015354,38.14408626626233,50.36486486486486,166.3838383838384,218.010101010101,139.64309764309763,166.3939393939394,306.5589225589226,434.9057239057239,536.6464646464647,613.3299663299663,689.0841750841751,704.4949494949495,767.1515151515151,769.8619528619529,693.6767676767677,693.1818181818181,685.946127946128,607.0673400673401,467.75084175084174,354.44781144781143,148.0,2970.0,727.0,2.3201431427488486,0.6867104603219166,1.4182463750416303,1.6595642840837468,1.820869066445285,2.026622500544423,2.1669625653879763,2.3387688973276295,2.558657556085551,2.9096363275736894,3.327420299704277,12.745022745416192,0.9383963404821635,0.335168276776094
35456,18.581326740400556,3.2941267985117526,1.0,0.6895645958631748,1.0304710104337669,0.9944902747851602,0.6926975448867317,1.0514618600416454,0.8356417814701053,0.6282367627758081,0.6214687506263764,0.8402714462447901,0.9069423840365074,0.5910521096806705,1.0061402017092573,0.7272652793120669,1.0212661356410149,1.0117144704372438,1.0499030705110808,0.9712821495974808,1.0078905760373202,0.6825375779656272,1.0128234908743203,1.0134745422775049,0.9853327516517099,0.9632527144961828,39920.0,69068.0,18.9375,140.0,0.0022682166146867026,0.38060124787294386,0.6437889960294951,0.5930293577556206,1799.0,17.75577496644824,0.004746921492825942,-0.0006015327881703108,-7.891376141381598,0.004335564362418832,0.14382206034190836,0.013376717891264057,0.0020517090707077553,8.210984780514808,11.718277744914463,13.141284969122772,14.133298998235214,14.898728021260307,15.512750594434845,15.988259235163703,16.41111123640213,16.74343907278584,16.999155558762087,17.28109448786255,17.533319602476556,17.74998443829326,17.757693839725142,17.810825710093567,18.185239685570988,18.525629995091336,18.581326740400552,18.581326740400556,18.581326740400556,103.50568181818181,290.028328611898,488.875,659.4759206798867,833.9320113314448,991.8579545454545,1146.0481586402266,1320.1076487252124,1496.5568181818182,1544.6260623229462,1624.470254957507,1682.3125,1686.7393767705382,1346.0,1053.7272727272727,1098.2691218130312,1167.0764872521247,881.5,529.0,176.0,3527.0,792.0,2.385294334334228,0.37615549397767234,1.182404737651637,1.4771743958441468,1.728710345171084,1.9447436980646489,2.1707357833181495,2.4235376820115575,2.7132581671722664,3.161529142663284,3.9878025234582046,7.489398045569355,1.2695724368546955,0.412698658525478
35457,17.771593650890882,0.9674238400557761,1.0,0.6054980803697567,1.2276057274239336,1.1240495868038995,0.73467507515521,1.4066776100836125,0.6431681754615582,0.3671071088388325,0.49950484833985115,0.5721884363574475,0.49968635285643276,0.3550954708877187,0.850034582024074,0.4725776220387409,0.9999421811565442,0.7562251630206507,0.6432471142959388,0.7108538402748217,0.8842971674383856,0.5227276291751812,1.0296091268225405,0.7867065455295249,0.7115085931896464,0.7319439219348496,169373.0,233927.0,11.69811320754717,58.0,0.0010296010296010295,0.4306860599819797,0.680267730724675,0.5397257505888986,4101.0,16.929554507675803,0.0019506628397144693,-0.00021792890709899414,-8.950913697871119,0.002162977192796384,0.042850213281074405,0.006455947840043156,0.0008807079372467371,7.4760359624344614,11.316770504531627,12.77720446781059,13.684817749657507,14.376554980906077,14.94335917423725,15.444084244577612,15.852960956110824,16.19194263859702,16.48331459372288,16.720325380356666,16.921097104174702,17.0638910374226,17.2390837793108,17.385835315080698,17.513312247615268,17.648666067945864,17.771593650890875,17.771593650890875,17.771593650890875,210.17268041237114,620.1776061776062,1062.5160875160875,1490.1801801801803,1899.4967824967825,2319.5521235521237,2732.2149292149293,3152.3680823680825,3500.096525096525,3773.940797940798,3909.996138996139,3952.2779922779923,3764.876447876448,3608.010296010296,3308.3101673101673,2899.2767052767053,2446.3307593307595,1942.0,1165.0,388.0,7770.0,2216.0,1.8899701084404805,0.4402447584331012,0.996220043529174,1.1854100893085873,1.325123383217614,1.4745523036981614,1.6301911933963305,1.8066356510563708,2.0629448506331416,2.411105351255118,2.9830537739888108,10.161211605321448,0.9942969222662392,0.126305067937355
35458,30.283461464716858,0.43601800107665445,1.0,0.6730977568011212,0.881103990031257,0.8306350574978761,0.5647761718044373,0.663556314324856,0.8456965280540302,0.5635955094202503,0.9401421751970378,1.0181324763747917,0.9979095039006075,1.4168234932005699,1.034272341018602,0.7686596246105247,0.8449213146300876,1.245158546683718,1.3609986805121186,1.273322695285876,1.4097103133577265,1.4164391340494904,1.186470670796419,1.6971476229334697,2.507965464484849,1.7880481960353418,14725.0,20403.0,5.257142857142857,58.0,0.011185682326621925,0.503919372900336,0.7256438969764838,0.49844890737315295,132.0,18.823031136703804,0.13079001408968932,-0.09949411717525539,-1.3145502247063243,0.03342378887305734,0.10258368472130797,0.02365147269287315,0.02715801491477428,3.301078818405652,7.986472955635219,11.672823703421788,13.288660420768577,14.747661296738112,15.967664055980093,17.002200514955817,17.94220059244793,18.759842052989836,19.52766827103353,20.24441044416621,20.963498388990267,21.825692195381166,22.728058492977528,23.596766987068865,24.473938019806788,25.56173380150758,26.784484018869115,27.858550231718745,29.49248582609117,13.168539325842696,23.179775280898877,42.72222222222222,61.842696629213485,74.14606741573034,85.61111111111111,93.34831460674157,111.38202247191012,123.07777777777778,124.85393258426966,123.67415730337079,110.61111111111111,108.24719101123596,114.0561797752809,109.03333333333333,96.6067415730337,81.31460674157303,83.54444444444445,61.168539325842694,24.41111111111111,894.0,105.0,2.116432251116094,0.41385699494086037,0.8285756561693539,1.138454171814859,1.3194355521281191,1.6685073480814057,1.9004068963544798,2.1933424012775244,2.4566300322464283,3.0056894984011953,3.6241262796496483,5.434930634548371,1.3249663470045987,0.484794453016948
35459,23.316610354157987,3.6126319625423613,1.0,0.648980414813828,1.1726565601349965,1.0874363903962105,0.6963589762908502,1.4014279859263123,1.7196352828766943,1.099127648011838,3.334907223231011,1.5813663199648307,1.5783923025826871,2.3796493695869163,0.9309725983269432,0.5409043531630637,1.1175441787715206,0.8561168327167539,0.7767607966284658,0.797432468877699,0.9095636265213833,0.6172402937021596,0.9109210810088744,0.836429270304244,0.8863823325576766,0.6499949267152504,29930.0,45820.0,10.529411764705882,64.0,0.0032543003254300326,0.38465116279069766,0.6455813953488372,0.5938371559593375,1137.0,22.433651083147733,0.0065918861608271154,-0.000977296689799097,-6.745020452470999,0.009164641112379362,1.8747621915929085,0.0645863672295417,0.0037984754736962293,14.246884255616663,17.484392474533276,18.812747069413902,19.55420438432834,20.079983267671572,20.554496519599752,20.926859983904375,21.23869068673048,21.57179532347918,21.836892981551554,22.07899202516482,22.363241749071026,22.436539522149676,22.553845461492724,22.742444241855466,23.026327556841796,23.30136889724728,23.31661035415798,23.31661035415798,23.316610354157984,74.28372093023256,217.6,361.6232558139535,514.2790697674419,640.4790697674418,745.2093023255813,829.4837209302326,875.0790697674419,947.446511627907,1019.6,1058.7488372093023,1102.7720930232558,965.0,840.2511627906977,772.9813953488372,765.1720930232558,744.3860465116279,538.0,323.0,107.5,2151.0,570.0,2.181760695660722,0.38595342901827423,1.2035661719344788,1.449518768803909,1.6537566104328136,1.844971250216546,2.0268952797884747,2.205805356924643,2.4960046612201268,2.825706283015566,3.3869413746689045,6.283963988986617,0.7960908050351745,0.716652161264792
35460,22.765227017285152,1.3659226896520735,1.0,0.7900676443519775,0.8489832946295813,1.0057158027983417,0.6996597261178761,0.9907245758882756,0.8692191735489768,0.6808368279354271,0.7017807924792893,0.8642791245105511,0.9730970677890959,0.708351048877614,1.0174767513813223,0.8449467245336388,0.7677791578498147,1.0116941073713435,1.2076537965417855,0.7749673083070844,0.9909723749158859,0.8384934978235935,0.6828764864494374,0.9853403637076864,1.1984304177061167,0.6892697557615102,59615.0,93319.0,20.0,148.0,0.001753067868770348,0.4276052104208417,0.6665831663326653,0.5724975572927027,1018.0,17.876911931142175,0.01063403608305864,-0.005582770730925192,-1.904795413530503,0.005360547176260791,0.0598862070930098,0.006996531692367482,0.0027216176405685357,7.169284183382995,11.15291315243489,12.996930277774492,14.20473162552194,15.163080007656182,15.83830393455145,16.465501225134986,16.997655464851746,17.488688592863166,17.937383292034845,18.35018456124082,18.732565456271036,19.093541715703523,19.45686355726943,19.860220608239256,20.378418624940387,20.888570033079805,21.43368123237337,21.976254935530473,22.572059170200838,86.54887218045113,246.25563909774436,371.70676691729324,503.08,630.2456140350877,730.7443609022556,822.1954887218045,876.97,954.1027568922306,1000.0501253132832,991.561403508772,961.265,894.937343358396,804.1177944862155,736.8771929824561,729.135,668.358395989975,590.3859649122807,430.8045112781955,178.01,3993.0,677.0,2.561681714966134,0.3381431315839806,1.2264970668951158,1.644948268890043,1.9666601812148685,2.2465218668207054,2.478535288296853,2.757168366190687,3.079592411500389,3.4468597748764913,3.9452717032048623,6.440546334212268,1.0771686227065327,0.171651499308646
35461,21.054013285776577,2.1555326827620784,1.0,0.6694530397685503,1.053708437382387,1.0762702777802,0.7021223188754346,1.2992785538555782,1.1205029247304732,0.4834573531760291,1.9245514621696307,1.0410980846200666,0.6885657102459957,1.481246231963554,0.9310331785431472,0.6432424794023344,0.9832208317262304,0.8650551796927781,0.9161401968144153,0.756743678103934,0.9197160064064915,0.6591988516396675,0.753983529982152,0.8545400030031485,0.9388661119553696,0.5803093784198344,33017.0,49467.0,7.5,60.0,0.0032258064516129032,0.4315352697095436,0.6763485477178424,0.5652713550290268,891.0,20.257805169802896,0.010179722568021037,-0.000791670331245569,-12.858537406605652,0.008712992440301751,0.24931727182424104,0.02808439830107699,0.003695575394256906,9.445083298781135,13.609600054382671,15.123178012863232,16.1773332806412,16.986511421498854,17.618024245216308,18.064188061670784,18.46204426231427,18.843904134243534,19.18891263303361,19.49602471856461,19.822379879444448,20.07583346293316,20.312598763639613,20.54754555752289,20.699142411529106,20.93552335054069,21.054013285776566,21.054013285776566,21.054013285776566,47.75925925925926,151.5299539170507,262.37327188940094,366.35023041474653,470.12442396313367,554.6451612903226,630.1428571428571,705.2534562211981,757.3041474654378,807.0322580645161,809.0645161290323,872.3410138248848,877.0921658986175,864.9216589861751,820.2350230414746,725.4930875576036,684.3087557603686,542.0,325.0,108.0,2170.0,534.0,2.3871205103011808,0.5931733206636778,1.3347625538239904,1.61766003507332,1.8367647315438507,2.0371518847406116,2.2328003113707666,2.4104314363619785,2.6890038213143415,3.0280887682830806,3.646758951361682,7.5710661697537365,0.9924658695488607,0.391040001066867
35462,19.644894044076313,1.139707142129989,1.0,0.6220621804107351,1.2275110328976917,1.1721520075771257,0.7864561738644745,1.492831773874705,1.5928654357667542,1.2408223185389693,1.0163954469308725,1.3589239496840142,1.5777386709825652,0.6808506254477537,0.7430471193196263,0.37014786103790737,1.35737881023187,0.6339170299725269,0.4706528772214748,0.9092644154463155,0.8324061459783959,0.4885914924710731,0.8578217705495,0.7101520456369862,0.6212571135022575,0.5746272189283519,31976.0,42974.0,4.6976744186046515,34.0,0.0048543689320388345,0.4177292046144505,0.6745598057073466,0.5448214369175156,901.0,19.241575591854374,0.008892300887426367,-0.0005568728068103027,-15.968279971076962,0.011235693322371782,1.268968573462557,0.0448369651616455,0.00434420331113397,10.881807310877422,13.86591462259051,14.991528188002237,15.802550427226654,16.387084608495776,16.887197211094875,17.281315023781175,17.725396724331606,18.02248102979315,18.174070711906644,18.500458872620225,18.80007931919498,19.06637883226609,19.24018924059123,19.30127888423859,19.43098258159847,19.611229422545875,19.644894044076302,19.644894044076306,19.64489404407631,59.74390243902439,175.3212121212121,284.4787878787879,377.73333333333335,473.9390243902439,536.2363636363636,580.9212121212121,675.3636363636364,724.5731707317074,667.3575757575758,736.0666666666667,824.2666666666667,878.6829268292682,835.2666666666667,708.7272727272727,622.7818181818182,559.5487804878048,412.0,247.0,82.0,1648.0,507.0,1.7833107732912965,0.48477133497866026,0.8975382357098806,1.040360412491392,1.236038752956944,1.4075146774238738,1.5671513681432634,1.754030351279631,2.03084475683583,2.311598380878539,2.9078218536079614,6.201980393175459,0.8685737110409195,0.580456888063345
35463,19.27646234432932,1.2819261966949518,1.0,0.6407100054642517,1.1818694780084364,1.1157075593015406,0.7844067366324865,1.27002212065583,1.1001436210542925,0.6327853866788804,1.1980709283729878,0.9860501633089306,0.8067057014266256,0.9433465046689997,0.9325156728285053,0.6687422550936666,1.0780659395031602,0.8358065382404348,0.8525452725771127,0.8488560332685032,0.878801080074065,0.5053391214394648,1.0644874163010396,0.7876625669043734,0.6442309809945301,0.838164468939601,37017.0,52811.0,4.851063829787234,40.0,0.0030837004405286344,0.42177170559717936,0.6795945350374615,0.5559915894790881,1399.0,18.550638698509374,0.0054160283304011585,-0.0004104343459993637,-13.195845774587186,0.007930602092390644,0.4552999813032286,0.03764449439666595,0.00308024951526563,9.962555844659658,13.704371078001797,15.113982589874588,15.999872858256401,16.595261437173537,17.07431827593448,17.49618175043363,17.81524383504853,18.08734189757571,18.35400268329382,18.55293178303238,18.649721554161392,18.775348469471812,19.06418735606289,19.232272984477,19.27646234432931,19.27646234432931,19.27646234432931,19.27646234432931,19.276462344329325,69.11061946902655,206.8590308370044,361.6299559471366,513.7929515418502,689.2775330396476,829.4405286343613,947.3392070484582,1076.4625550660794,1187.3480176211453,1297.47577092511,1370.273127753304,1287.4933920704846,1201.5770925110132,1258.726872246696,1203.0220264317181,1021.0,794.0,567.0,340.0,113.0,2270.0,663.0,1.8954705992117709,0.41193578218656324,0.844610177975553,1.0473986272533677,1.1998032685701123,1.3491915958308154,1.5530254314349214,1.7716921570879163,2.146505434604205,2.69920508140535,3.4338712080894513,8.034202688110707,1.246298556132401,0.721444504701067
35464,33.82336343053579,1.9396914908951146,1.0000000000000002,0.6710318001606577,1.0488700261343227,1.049671542597176,0.6969276431729603,1.1993384256326998,2.6422572360370524,1.6453865082052288,8.028622091755151,2.517222891933777,2.3609143995410213,6.694209007369815,0.9139765845830057,0.6457037811945202,0.7628593005559037,0.8707262676871055,0.9265004588636648,0.636066755014094,0.9507746199811208,0.6506626270112951,0.8943294327873771,0.9057829820065836,0.9336157539238498,0.7456856327400516,1144791.0,1838819.0,212.3913043478261,1302.0,0.00014587892049598833,0.3905404091159594,0.6483288488345706,0.596321387740371,25828.0,32.13589568895992,0.00029426367860051634,-6.553516029493609e-05,-4.490164932476012,0.0005168034483035738,1.0967889237851804,0.008973583840611329,0.00018655196040824157,23.5172311094537,27.016128874366608,28.323340156592952,29.169030174212338,29.830418734864736,30.350825290139568,30.78056107050064,31.139525885993052,31.467079698068442,31.75031711396003,32.005178228257094,32.241475027813856,32.45865191287911,32.691207119105,32.896843176308565,33.06405503373677,33.194472051355774,33.39614685353292,33.730840370904396,33.82336343053578,1915.744204895445,5741.376398119631,9400.775202593193,12494.500567352894,15797.78265802269,18747.81244934349,21193.371961102108,22964.813421948453,24497.55802269044,25228.251418382235,25531.75230993678,25319.16677471637,24437.087534446426,23632.371636952998,21941.56881180094,19277.404376012964,15070.610958015886,11662.489627228526,8447.20473334414,3084.5,61695.0,15512.0,2.4417618607248777,0.2595325093269584,1.305491877219703,1.5748220738742924,1.8031784685908727,2.0302997020176936,2.2427588340966382,2.488612584379326,2.783158829532185,3.184540148220435,3.812276366741686,10.076734918589281,1.1603844597172337,0.0243437897972763
35465,28.826936041180197,1.3744688906892886,1.0,0.6767492803473888,0.9992740867614733,1.0581611289976542,0.7077634483801821,1.122543366524617,1.174631685078801,0.9401962901122635,1.198010101015012,1.1100688287344989,1.3284046982986153,1.0672283465751877,0.8636040472871345,0.6115372228391472,1.1817975012298865,0.8161366200487685,0.8640418267413182,1.0527856085317395,0.9494686330923299,0.6634853644738332,0.8221326314276656,0.8972817154904531,0.9374394312002328,0.7323838489848102,39665.0,53021.0,4.909090909090909,34.0,0.0038022813688212928,0.42880434782608695,0.6728260869565217,0.5455534394360427,562.0,27.409525923134762,0.022390816912052462,-0.0035407133997410207,-6.323815114120843,0.014919819103527668,0.5245744758958882,0.04475435007506754,0.0059647472385388105,13.288712308517447,18.55427097999951,20.049077440883273,21.204422039511165,22.234631883995295,23.048744864436333,23.795614364935012,24.400882189211526,24.897809445757726,25.358489544875837,25.832721515100562,26.271790234336514,26.64838182473198,27.03330531084315,27.4125587681898,27.558838900029652,27.872624740906534,28.28709071309688,28.745840675106745,28.826936041180197,30.641304347826086,107.83695652173913,165.4891304347826,214.2608695652174,276.7173913043478,316.7391304347826,344.64130434782606,375.0217391304348,417.4021739130435,453.70652173913044,510.04347826086956,519.6521739130435,517.2934782608696,521.6304347826087,532.4782608695652,421.60869565217394,381.0869565217391,339.29347826086956,261.4782608695652,92.0,1841.0,374.0,2.357804332207483,0.43715363820602543,1.3369970254797177,1.5972541741382262,1.8069014491482744,1.9705424578993889,2.1587793127197275,2.40096571710459,2.593395916580146,3.0201911430208406,3.6179758022259,7.428530650342001,0.9722062338867885,0.194917101275641
35466,24.674494621232338,2.259930552006602,1.0,0.7021786900630269,0.9435630659499901,1.0763125912507483,0.7179896417887718,1.207571822188754,2.3680326534184766,1.9386080258452576,2.857501015048173,2.200134675249559,2.700050130271356,2.366319719077977,0.8751442963973431,0.7329740006628882,0.47068956308977117,0.8130949163944705,1.0208698816835087,0.38978183694004603,0.919158631889705,0.6818631140323967,0.6627019006102657,0.8539885525464125,0.9496837758461657,0.5487888077821342,14531.0,22283.0,7.0,46.0,0.005454545454545455,0.42311191992720654,0.6706096451319381,0.562569754694431,431.0,22.025411435675753,0.0220033598140774,-0.00538213726700127,-4.088219739207221,0.020395417715401033,1.114524628503488,0.05378337349591591,0.008437464299154254,11.434695440779258,15.429297807594416,17.126116804024882,18.180956075460692,18.97659001001863,19.568489791420035,20.07900045774571,20.5859073015255,21.009089585221894,21.342622608813453,21.68824148768532,21.92777183586291,22.16416671402625,22.42041787415997,22.654427758025903,22.87484135442423,23.232456944851027,23.51385859523802,23.671647247704207,24.262492653985287,25.779816513761467,77.5,123.2090909090909,170.46363636363637,206.66363636363636,239.4090909090909,273.7,323.93636363636364,363.57272727272726,384.3909090909091,399.3181818181818,418.57272727272726,411.6090909090909,373.3181818181818,346.5,293.40909090909093,260.3181818181818,199.57272727272726,112.24545454545455,45.93636363636364,1100.0,256.0,2.5385923545518088,0.8713935061932496,1.5197160566325627,1.7572654246733315,1.971696209899665,2.2178992051359714,2.4260835155978278,2.6179186520064213,2.8754292249543383,3.1764648409107776,3.5475112752249487,7.543588012447405,0.9736943596012335,0.492242749722209
35467,23.88524091725243,0.7594727173844698,1.0,0.8713352182791556,0.6632279571327144,0.9045955623838299,0.6728400070330905,0.7331181708816951,0.7813766404575642,0.6539966241507174,0.440324236804758,0.8637856219396502,0.9719942591323253,0.6006183645335046,0.9784397038252931,0.963234679297434,0.4834488430554912,1.0816322172163502,1.4315954301600584,0.6594419048078763,1.1946663998262856,1.2955058541211575,0.6176851033381847,1.3206635644752096,1.9254292856837272,0.8425450737298148,40819.0,68571.0,21.483870967741936,132.0,0.002749770852428964,0.42267726161369196,0.6558679706601467,0.58051705663515,716.0,17.87688465151109,0.01602128865816326,-0.009210617905748958,-1.7394369001197316,0.007067777567196809,0.05282178144848483,0.006564975969414888,0.004168272356274532,6.357120727994226,10.29898362392957,12.10899639882549,13.385591053554009,14.33029363790381,15.16029176635544,15.833380942265192,16.416790756051874,16.995615229855165,17.526320529311402,17.98655490119264,18.489887962789528,18.97885088955583,19.507897985115207,20.02955822447497,20.59848706255803,21.198542936859734,21.81561833990347,22.468124706811356,23.537707134341463,58.296636085626915,167.6269113149847,278.6697247706422,378.5060975609756,434.4954128440367,500.04587155963304,566.4097859327217,603.469512195122,659.1957186544342,689.7553516819572,703.5137614678899,671.1341463414634,647.8532110091743,623.605504587156,569.302752293578,542.4329268292682,491.262996941896,420.0428134556575,287.697247706422,124.10365853658537,3273.0,360.0,2.6020145127705705,0.2319903083255174,1.035083676232837,1.5004527359975879,1.8951970444818809,2.1416245236113727,2.4696834268432903,2.971293692448776,3.2372358990567704,3.685632644950566,4.294181089721948,6.667374526079769,1.5462752014007888,0.076941468110308
35468,19.09586011573288,0.4616970727576009,1.0,0.7874443533252146,0.7364644265851064,0.9715095112795411,0.6608501003759891,0.8577855294234756,0.5042362225230702,0.46681056228636764,0.1337630756597143,0.5190234543961987,0.7063788929150149,0.15594000023481103,0.9401270703635567,0.9790155164910682,0.39539997219418127,0.9676972375961078,1.481448691517274,0.4609543512116982,1.4471322272689944,1.4160516171003381,0.8540656244190696,1.4895708281466307,2.142772795668305,0.9956633623711207,24752.0,36694.0,9.333333333333334,68.0,0.006905210295040804,0.49309045226130654,0.7003768844221105,0.515324897289843,368.0,13.81545870466966,0.03335139851745433,-0.013908574189431375,-2.3979020468393415,0.011704876283275928,0.021478326143586125,0.008325981376175923,0.011921071395417891,2.2206872032492724,4.373452686198261,5.916465060428266,7.084545302227937,8.236150038352633,9.172794471465323,9.88043441508712,10.476684033526011,11.176231552591457,11.758652372928873,12.286765229887406,12.84804166999192,13.404160186940306,13.961893483668963,14.493457894874432,15.01898677841345,15.717110211908775,16.384018176606155,17.29075123118995,18.324712513069336,35.9559748427673,72.71698113207547,116.9748427672956,132.3625,153.42138364779873,194.50943396226415,230.52830188679246,249.15,264.0188679245283,301.8616352201258,310.685534591195,326.45,347.9874213836478,363.9433962264151,343.67295597484275,316.2875,283.55345911949684,225.77358490566039,160.22012578616352,61.7125,1593.0,194.0,2.180883310269605,0.166714036191209,0.814742738953322,1.109372002553935,1.4206973588807874,1.7962339416485185,2.162776817200811,2.4540808912809604,2.744734326629727,3.0504791156013744,3.6188100508995085,6.834828748991555,1.271272327526115,0.166416667220183
35469,20.79199296046334,1.8021890875464144,1.0000000000000002,0.6125844104554384,1.2404933393505233,1.1519995999205537,0.7369899043402335,1.5371710306505195,0.7157625616683722,0.44261782177222425,0.6248889625580407,0.6213218838945204,0.6005751492192605,0.406518825880808,0.797177405158287,0.5136129801953786,0.7457557218201787,0.691994515634609,0.6969063988131209,0.48514817606508,0.8519055649664199,0.5311545005393876,0.9085495211857717,0.7395016153001881,0.7207079736253464,0.5910529817890727,588935.0,828691.0,57.43396226415094,338.0,0.00035803795202291446,0.4108847867600255,0.6656985996180776,0.5671261735023564,12977.0,19.903965180089408,0.0005203983281342963,-5.797847433799175e-05,-8.97571614424654,0.0007554823310358421,0.07624970320718687,0.004414395186846737,0.00029519998999557,12.148416706954528,15.379658756491219,16.59565657110398,17.37659532325465,17.944063713525022,18.388175285914464,18.765639864175892,19.079054427081726,19.33686769757092,19.564127894317348,19.78151806896711,19.99000826013406,20.176023044545634,20.335646311450606,20.506368519209953,20.677171685579623,20.791992960463322,20.791992960463325,20.79199296046333,20.791992960463332,895.1762833267012,2739.073587907717,4541.444090728213,6321.947096260938,7886.590692124105,9356.800636689217,10719.026650755768,11714.200079554495,12284.33386390768,12484.578758949881,12634.021877486079,12673.408674890568,12447.776849642005,11823.811853619729,11135.213290887386,10271.762529832935,8797.5,6284.0,3770.5,1256.5,25137.0,8009.0,2.0863831854326333,0.16591262863149833,1.0689840128641976,1.2816150741245622,1.4649097702010077,1.64297789860559,1.839219045114756,2.055816670048873,2.3417059830567295,2.721042313978373,3.396602387982997,12.273669503141354,1.127727857392722,0.0608817917155102
35470,49.49931156348689,0.7740278761963064,1.0000000000000002,0.7212144911964311,1.001339863658437,1.0456353997595764,0.715373002477613,1.0987495379260637,1.3493364208800087,0.8504759057360025,2.5866627095052968,1.2904463842657417,1.1888565864108318,2.3541877563723324,1.1994337141094065,0.7629578641943189,2.389068407205941,1.1470859865543888,1.0665175531532516,2.1743521382638384,0.9093291597916129,0.7168987907155348,0.6292930534978515,0.8696426689462651,1.002132856890933,0.5727356706658269,146837.0,191751.0,14.791666666666666,104.0,0.0021417097983223274,0.45019635844341305,0.6858264905390932,0.5353743349099902,1382.0,44.675684336543895,0.013526056043219171,-0.0030213319343009863,-4.476852043186229,0.008697837145178612,0.13602613106171535,0.023432392994413753,0.0034120412759299683,17.244225481994498,29.712447814829538,32.84693852555783,36.581722556257084,39.13168115270255,40.569753390514315,41.54207439014536,42.29048352062464,42.94887785980124,43.49666856478329,44.00467082991093,44.465688436609256,44.86842132506843,45.29267115448711,45.697001543776544,46.113852091424896,46.50869300773184,46.97548764117635,47.58608667812957,48.527162073713534,45.31071428571428,164.67142857142858,178.47142857142856,202.20677361853834,393.40714285714284,579.6892857142857,770.7642857142857,929.2067736185384,1088.3357142857142,1207.6642857142858,1270.1,1338.7058823529412,1323.942857142857,1270.8607142857143,1178.557142857143,1102.6755793226382,933.3714285714286,749.4714285714285,534.1321428571429,170.06773618538324,5603.0,1033.0,2.4690528367391344,0.405328559334439,1.4952020344702635,1.770872738058951,2.053685300298714,2.2127593347773624,2.3850299832762456,2.5525549744827822,2.7705801452928482,3.0541385473512253,3.536022426576694,7.556592318346733,0.7412062773560637,0.146610007067211
35471,21.30083103399412,2.235290966436075,0.9999999999999998,0.6859205879806076,1.0737447844501051,1.0962420704060474,0.7685743002579841,1.1760723537661921,1.6129671322424433,1.4695115796822686,2.282421239019121,1.4713603644539943,1.911996770109284,1.9407149838273263,1.2306277294572538,0.8155559537938083,1.5756552580189909,1.1225875768491809,1.0611283170931607,1.3397604772981828,0.8823906096959976,0.5775777443856477,0.9033213168206896,0.804923140168449,0.7514923985771766,0.768083114893349,13110.0,22086.0,9.714285714285714,54.0,0.005649717514124294,0.401453957996769,0.6615508885298869,0.5821683533503975,757.0,20.111984418963047,0.009433513814360821,-0.0013747820349958482,-6.861825056063749,0.015400274691080811,1.0955944296441509,0.10621502953673195,0.00604081967089861,12.433803495602014,16.129545236011225,17.304059695107167,18.03617047691763,18.605984571728563,19.08630331585765,19.417840446744226,19.716707004225405,19.987346498399994,20.1252205166671,20.18447616653991,20.38911885380138,20.688727450575136,20.947219435126684,21.01560215984022,21.078444684104785,21.079950693390764,21.10268179811256,21.30021126770813,21.30083103399411,44.707317073170735,145.91935483870967,235.03225806451613,328.9516129032258,414.2258064516129,497.1774193548387,569.7560975609756,654.758064516129,718.3709677419355,704.016129032258,605.2096774193549,609.8064516129032,639.1774193548387,685.4227642276422,606.0645161290323,504.93548387096774,381.5,262.35483870967744,185.41935483870967,61.5,1239.0,374.0,2.2826375979702744,0.33924459113237787,1.1083441486725123,1.3207070375429317,1.5108865097731148,1.7946625792624953,2.081806620133948,2.369558069014778,2.7103038109840387,3.150594808493442,3.867909195145472,6.270573018702217,1.2578542701229696,0.966125542484224
35472,17.37455730395274,0.7260469791399274,1.0,0.7300267630153592,0.9103023728483843,0.990013231147499,0.6816066493520968,0.99292861775646,1.1227061661820708,0.9057646473578619,0.7388475419875928,1.134031476408422,1.328867093973979,0.7441094241568261,0.8533080264020015,0.5440450117922982,0.7960302735564045,0.8619157800678624,0.7981803175034191,0.8016993964329976,1.0428776802342037,0.8089290499912376,0.8293390178311157,1.0533977197713114,1.1867974744086893,0.8352453570177302,5768.0,10436.0,7.25,32.0,0.00744047619047619,0.4113263785394933,0.6676602086438153,0.584691535807235,298.0,16.099526224554612,0.028874330341195735,-0.004565202278569987,-6.3248742507507,0.02481149079703847,0.5351614565315413,0.045128991353979096,0.010665685383142623,7.0090537884710855,10.510612955973473,11.568644444616032,12.335759205601576,13.008819690777875,13.592727762333572,14.153170157090344,14.605708718178168,14.938283831483455,15.309823118981353,15.5949756290413,15.842968795561722,16.107559837341817,16.29793764288922,16.453659420627016,16.55941587118312,16.890691536996247,17.13317656459849,17.157001675054946,17.34863583443073,19.238805970149254,61.940298507462686,102.1044776119403,130.08955223880596,151.1492537313433,177.40298507462686,204.23529411764707,231.62686567164178,242.0597014925373,255.83582089552237,270.0,285.8955223880597,287.67164179104475,281.29411764705884,252.9402985074627,203.82089552238807,186.13432835820896,161.91044776119404,99.0,33.23529411764706,672.0,136.0,2.4514210081387584,0.40426517153720576,1.421602224942268,1.6489199414165303,1.839366150322446,2.083600643317586,2.2869974238184634,2.5137123543259414,2.7541847825650345,3.053404744287014,3.487705803841786,6.773353113169027,1.0635878270578558,0.58000218140427
35473,35.68773830068771,1.4747513847872493,0.9999999999999998,0.7066554105465035,0.9574471349555947,1.0038933952779436,0.6743542323469438,1.060783186425697,1.3518477235200737,0.9120175226572192,1.697952466953073,1.3466048585226456,1.3524309315641718,1.6006592946427767,0.9696799220140622,0.7273091123407037,0.8565325687129332,0.9659192166968994,1.078526800090602,0.8074530023416141,0.9973273125172405,0.7307967377235495,0.852333894811597,0.9934593824487856,1.0836986003337885,0.8034949136812126,739635.0,1164599.0,113.51020408163265,692.0,0.00020344845124866488,0.3934030161999949,0.6486101574222426,0.5971829326548947,9911.0,31.712116189765123,0.0010576086501108272,-0.00035004866559634306,-3.0213189023562896,0.0008700945275018556,0.20802563483354183,0.004765722878595268,0.0003234087069925466,21.12723335897545,25.33135076795133,27.2028098101562,28.395665869122258,29.272216130307463,29.904817688709795,30.536555044729422,31.07030984747785,31.543615864407627,31.916029217999313,32.35215859377489,32.760453498659096,33.25214134924892,33.73331077020648,34.156576188225856,34.56239968284414,34.90089357051387,35.172729613685156,35.63255771054724,35.68773830068769,918.9364191251271,2270.9247202441506,3788.4659206510682,5401.659715157681,6790.468463886063,7395.320956256358,8378.769895753878,9136.54069175992,9497.128687690743,9031.554425228891,8861.863173957274,8623.654628687691,8974.57426246185,9552.554030002542,9592.726856561547,9547.587995930824,8607.776703967447,6682.604272634791,5535.257884028484,1966.0,39322.0,8222.0,2.548145772991476,0.256870446823167,1.33151889761385,1.6699078380732628,1.9311072334694994,2.169882469579595,2.4139471776905514,2.6584662967314427,2.947206949769846,3.321068270333345,3.9222504946313324,10.174109156008749,1.1489292639884183,0.0257853140728548
35474,10.517671650327342,0.2680143238766663,1.0,0.6701964651982274,1.0971873221347253,1.1740998007826597,0.7932600997299233,1.488459266337582,0.4785571605832429,0.33884958679221666,0.2074407484795256,0.4075949593588507,0.4271607596393451,0.13936609027262295,0.6967190047502861,0.5072686432777431,0.37674527100718197,0.5934069695658328,0.6394732868203632,0.25311090436097716,0.9550412306512863,0.7167419923859317,0.8276351264322533,0.8134242336253289,0.9035396998159327,0.556034783853162,10474.0,17306.0,5.925925925925926,32.0,0.007,0.44144144144144143,0.6796796796796797,0.5520296428374586,448.0,8.620316055086608,0.014811965216466324,-0.004154313564357702,-3.565442277527359,0.010259917243694372,0.04244904585512702,0.010077896299119262,0.006155997797965971,2.316247345315137,4.046758158816258,5.11516849378889,5.903512660591448,6.498110087951292,7.016123639263741,7.38553696504242,7.7937867624339665,8.193135884825208,8.533179521749407,8.761167225436346,9.110761479201443,9.321162958900665,9.560104389394517,9.82918961601551,10.133462391997186,10.352303449653421,10.50840224649878,10.517671650327346,10.517671650327346,37.60606060606061,93.3,153.24,206.72,258.86,311.14,338.76,359.08,392.5,432.96,415.26,424.44,406.88,387.28,372.62,356.12,300.24,246.12,149.5,49.5,1000.0,279.0,2.073299868497402,0.3616876652663901,1.0829089531207226,1.4050198885664877,1.5855703507897343,1.75834823253596,1.9390962908943938,2.08980726008097,2.3669710431240527,2.6232028072782465,3.1951896704034968,7.927178433611395,0.8764581382936002,0.90892057930585
35475,24.01432748069663,1.2846805582361276,1.0,0.6906002736801149,1.0466791287834334,1.0668232578518806,0.7264335603080501,1.121300254562045,1.0657305684399607,0.7371585448735359,0.8494524483970128,0.9989757540399709,1.0147638891586146,0.7575602029349312,0.764334857192367,0.4677002095465645,0.6886093380939463,0.7164587494384084,0.6438306750974341,0.6141168124169399,0.9805221351442789,0.6852705829525749,1.0457953076556066,0.919104573252954,0.9433355235707728,0.9326630431062116,11138.0,14122.0,1.0666666666666667,12.0,0.011363636363636364,0.44212523719165087,0.6869070208728653,0.5169284842523117,149.0,23.161372614479088,0.12267081158414249,-0.003934203545407499,-31.180596064313804,0.04313025981491556,0.3922573749180485,0.06189409334103074,0.020900257358958757,6.4759220598135085,10.81510664884999,13.494805897768781,14.958529551701274,16.05402612863652,16.86227564721913,17.739366679966846,18.796272675245785,19.69003790135023,20.33570170817103,20.848804457892626,21.30491749543206,21.78681355592353,22.29647856972332,22.735296944210845,23.18491857774275,23.581653186111986,23.94667546923542,24.014327480696632,24.014327480696636,10.576923076923077,22.264150943396228,31.71698113207547,54.60377358490566,59.80769230769231,73.64150943396227,82.0377358490566,77.98113207547169,79.84615384615384,91.43396226415095,101.22641509433963,104.18867924528301,115.5,120.13207547169812,124.79245283018868,142.96226415094338,141.23076923076923,124.0377358490566,79.0,26.0,528.0,95.0,2.017486993755882,0.34918330253593466,0.9745984153137889,1.176266362548591,1.4535546381764066,1.6544622526876551,1.851652758021269,2.1119607481303158,2.365624401828429,2.6754312348537193,3.2674876464701343,4.904933224236066,0.9460947680899497,0.747392058526166
35476,14.991656199880719,5.69463502092294,1.0,0.6442308674467216,1.117635089161036,1.0740788885271728,0.724165475663598,1.2757383708190957,0.7818805105711615,0.47768860765437504,0.515758618208996,0.7279544537397179,0.6596401288208875,0.40428243753290105,0.8696515981452249,0.5385260265246012,0.9851789766895465,0.8096719965678981,0.7436505116888046,0.7722421769418178,0.9382026029162419,0.6017968228228552,0.9465415660014016,0.8734950597555727,0.8310211450931034,0.7419558646602976,14784.0,26672.0,10.642857142857142,72.0,0.004413619167717529,0.4069400630914827,0.6675078864353312,0.5809448859037216,900.0,14.367692670501741,0.007835166877766331,-0.0004751236085652135,-16.490796787444648,0.005865628504074309,0.28948449647010405,0.0199456290213619,0.0037714295350177772,7.004120317780672,9.40916771036465,10.619071592932528,11.440016656340836,12.058349267000182,12.549557463903872,12.996150045105942,13.333332814649477,13.655370556932533,13.920414617951272,14.151613300330835,14.357401225671845,14.473006657893132,14.690559710146761,14.932920776690002,14.991656199880712,14.991656199880712,14.991656199880712,14.991656199880714,14.991656199880717,64.70253164556962,172.71069182389937,272.5759493670886,371.8867924528302,449.10759493670884,542.3584905660377,629.4367088607595,685.874213836478,755.3860759493671,812.8490566037735,853.4213836477987,877.2215189873418,804.8993710691824,796.5253164556962,823.6477987421383,713.5,555.0,396.5,238.0,79.0,1586.0,431.0,2.2420206476826627,0.4468342755219741,1.1211698413055344,1.3644064801978535,1.565903763285183,1.743109710563882,1.9849355049412598,2.235174049814707,2.4638958235089663,2.833394873567775,3.5222158276634428,8.325532981606148,1.4362684320232886,0.656660372274928
35477,27.21965813024346,1.0152603369864512,1.0,0.6781174445024725,0.8814456255492416,0.8062107444018739,0.5732859132856939,0.5737120301893551,0.8008602343272012,0.6274286113526794,0.4909648972995895,0.9933633853036252,1.0944427497907205,0.855768872647738,1.2048785308550856,0.706927553942405,1.297154272095946,1.494495749680169,1.2331151656784414,2.260984960813558,1.3068158316002518,1.0135202056890293,1.08261510106872,1.6209357673219498,1.7679140237027717,1.887035732388948,16355.0,25417.0,5.828571428571428,42.0,0.004618937644341801,0.4645608628659476,0.6941448382126348,0.5290543644866259,219.0,18.57924861785431,0.07196095353767744,-0.04271422495513091,-1.6847069942921524,0.020188287976315108,0.04957886623969995,0.017097260836680835,0.015094896596308482,4.30489640264903,7.410195699156525,9.454404437279086,11.467677138572942,13.064610638684501,14.596882194150167,15.778764663597903,16.66079055491536,17.45004906653592,18.209390454907478,18.89731631737589,19.5371645951072,20.144177932736866,20.825168686815733,21.443431227156676,22.240463738460832,23.05664204488918,23.980190592853102,25.062574412843418,26.321845513007588,25.829457364341085,55.73076923076923,65.77692307692308,78.57692307692308,95.62307692307692,126.77692307692308,147.27906976744185,168.9,192.77692307692308,207.02307692307693,207.9,201.56153846153848,198.33076923076922,200.2015503875969,185.02307692307693,154.6076923076923,144.54615384615386,119.3923076923077,95.28461538461538,45.05384615384615,1299.0,137.0,1.921999061320818,0.2403076740224309,0.6948695827584661,0.9471500445001078,1.1417688465013718,1.4900716157079574,1.7688945281037327,2.1373540048931448,2.4895359392077347,2.896001189261859,3.2619225573912334,5.197301682563271,1.1302637977707892,0.365665079357568
35478,14.320354657050665,0.27353372610553106,0.9999999999999998,0.5777414145530032,1.3923599301354037,1.2222957756281376,0.7425192929947987,1.8543120439678433,0.5897140066920491,0.3233299586977944,0.32675707323600783,0.48246424347576194,0.4354499091783994,0.17621471763555796,0.6633501433464144,0.41759384652727133,0.5492083190529484,0.5427083661526351,0.5624013415772573,0.29617901735554525,0.8083788894537117,0.5023301672853183,0.9035671938605472,0.661361108802234,0.6765213672216825,0.48727893279876494,18376.0,26390.0,4.756756756756757,28.0,0.006108202443280977,0.4585152838427948,0.6986899563318777,0.514527707277056,605.0,13.359891619009192,0.012498472240445039,-0.0013997167423562518,-8.929286806561583,0.012267965878554702,0.1831344980034295,0.023445462335258946,0.005216942586982585,5.208967862069242,8.216437410595555,9.496581814666593,10.348773677943157,10.971057163213935,11.53375584607319,12.021966795577562,12.376168501984322,12.726939083773203,12.99283676136712,13.266489214639861,13.411602503424144,13.588011797277954,13.801410667485523,14.070807072409023,14.265037271178539,14.311186686307048,14.320354657050654,14.320354657050657,14.320354657050666,34.06140350877193,103.19130434782609,169.1315789473684,242.4,303.3421052631579,373.53913043478263,442.86842105263156,467.8086956521739,507.85087719298247,547.7304347826087,585.7391304347826,554.0087719298245,519.4347826086956,503.46491228070175,509.32173913043476,489.37719298245617,398.7913043478261,286.5,172.0,57.0,1146.0,389.0,1.7874413039690027,0.5114313434142707,0.930118349149349,1.0930686714782072,1.2550223578774882,1.4296856488573764,1.590008549824228,1.7907165665778682,2.101719784786116,2.3813146761189685,2.794692465442871,5.790991437934068,0.6872428983106235,0.662823576498777
35479,20.864270014171094,0.8119804323657328,1.0,0.7767524077454301,0.7127024116748413,0.8718961294545589,0.6250189960842818,0.6440335601998998,0.7253546944903193,0.5914144609787316,0.3858577511679992,0.8319278753354336,0.9462343779691799,0.5991267769465832,0.9375836641939564,0.9387340595537064,0.44607172766127146,1.0753387158404872,1.5019288460588183,0.6926218682188184,1.51896528749853,1.6451986568611265,1.021727446810514,1.7421401887043184,2.632237847438603,1.5864506292084886,10424.0,16600.0,6.0,40.0,0.007760532150776054,0.42064372918978915,0.6714761376248612,0.5666426758392422,220.0,14.364565709203498,0.05426086341580617,-0.026358530342103254,-2.0585693781695293,0.022255593320538693,0.06303365996684734,0.015286172108920644,0.019480118078272584,2.5112993656714986,5.7861191173147795,7.727199355555426,9.047916969129616,10.119219718391145,10.919673538244757,11.590451123112457,12.286645930804461,12.88595023543352,13.416272945589384,13.949139622439246,14.441813408203805,14.954735840817365,15.49986443963625,15.993445385911802,16.571891212518807,17.164688883659284,17.857682456439473,18.48993662209926,19.77028071294137,20.211111111111112,32.166666666666664,59.81111111111111,77.43333333333334,102.9888888888889,117.63333333333334,139.04395604395606,154.34444444444443,173.5888888888889,184.54444444444445,196.87777777777777,212.98888888888888,203.96666666666667,204.83516483516485,186.16666666666666,168.9,146.12222222222223,123.92222222222222,75.0111111111111,33.285714285714285,902.0,100.0,2.49550072698676,0.3816147741138024,1.167050526347016,1.3470122649139191,1.6996859942918774,1.9928791957960312,2.2214035403385806,2.5877953224960772,3.17802080811758,3.6029175873796695,3.9649825705045227,6.332226089713879,1.5202596337637053,0.426232239061501
35480,15.362107179443965,3.2611114225411537,0.9999999999999998,0.6663115527401919,1.0551283007545207,1.0958390741469308,0.7874283580685693,1.1995160736920922,1.0940599694328685,0.7693785304073384,1.0694676802668395,0.9983764908953924,0.9770774985733254,0.8915826171257832,0.8288630006862854,0.5592866763699571,0.6705900290576671,0.7563729202953671,0.7102699193381786,0.5590504735743983,0.9121171534242779,0.565655691186399,0.9192519275229016,0.8323458936106348,0.7183582930310743,0.7663523213102582,24506.0,38006.0,7.944444444444445,70.0,0.003711558854718982,0.3957559681697613,0.6636604774535809,0.574291558683994,1239.0,15.19227138624849,0.005391565887721441,-0.00013472235414998531,-40.01983131707344,0.006419626396234913,0.2626209941385309,0.020657496961381645,0.0031153779501619217,7.321764349519522,10.178440398671794,11.27104164468121,12.022465693580378,12.63304064590262,13.141698550786984,13.50519847816941,13.838637162989789,14.142898758126915,14.38198881693592,14.55838192077014,14.804481286302769,15.039068179515652,15.186400079736455,15.192937964493767,15.192937964493767,15.19293796449377,15.204430938013504,15.265578314032407,15.362107179443964,70.62765957446808,203.97883597883597,335.48936170212767,454.968253968254,581.063829787234,710.8994708994709,829.0106382978723,949.994708994709,1033.3510638297873,1113.4391534391534,1096.3756613756614,1168.372340425532,1201.3121693121693,1179.3829787234042,999.0,810.5,622.0,435.1808510638298,260.1216931216931,94.0,1886.0,555.0,2.00093484509332,0.38176999579460064,0.9919722994369063,1.2037856209757956,1.4002893407011348,1.566683264918864,1.730136646458365,1.9389092433286532,2.1671253582734704,2.504323683573497,3.4649286060993685,7.705222637886537,1.1277348321697707,0.847347773401998
35481,22.973145108707246,3.441035211829546,1.0,0.620002793380644,1.26879583445585,1.0499370533863193,0.6837541513552996,1.2491857772443982,1.055776829740677,0.5182253505257244,3.0537889439316004,1.0055620252047712,0.7579118159626919,2.444623529630644,1.4750959409637598,0.6348782101795957,4.042795750287301,1.4049375019256563,0.9285182531194512,3.236344684619591,0.9265222542754041,0.5454285501828183,1.1284403493427555,0.8824550493642734,0.7976968755534428,0.9033406959147444,22285.0,33163.0,5.25,44.0,0.006238303181534623,0.40574282147315854,0.6722846441947565,0.5511164216322879,1182.0,22.946509216724657,0.007035006800603293,-7.022173727669455e-06,-1001.8275071838897,0.01219232827520456,0.32161551428705015,0.08834692898676186,0.005052971692845836,12.043794578519556,17.366125937697518,18.78459364355573,19.760438426765464,20.433895599607155,20.94900644372949,21.377701761753222,21.757916695751778,22.095880408974402,22.361367089486208,22.59108817137353,22.76798344067944,22.932678229126772,22.97314510870723,22.97314510870723,22.973145108707232,22.973145108707232,22.973145108707232,22.973145108707232,22.973145108707236,38.6875,141.6125,239.775,349.8633540372671,451.0625,562.95,663.625,762.4658385093168,870.8625,977.55,1042.4625,1128.248447204969,1154.5625,1041.5,881.5,721.0,560.5,400.5,240.5,80.0,1603.0,491.0,1.9188126611332645,0.15811938137141704,0.6596910589302083,0.838509579844092,1.0554902954907668,1.265424365344142,1.527562139123784,1.9340751666058247,2.3133507010316228,2.7725975517544255,3.7007213036342836,7.558795771657496,1.692349318902905,0.857448992040008
35482,21.377451789514737,1.0928483674300526,0.9999999999999998,0.6009244781810706,1.2829338435074809,1.1797745954270829,0.7516902581184103,1.5842708413663742,0.6750878752684097,0.46244609333016495,0.5409722870993826,0.5722176743634876,0.615208309986263,0.3414645229680642,0.7760110746256633,0.4735220900584613,0.8223356360562472,0.6577621501883115,0.6299430981635384,0.519062533112718,0.8247829261194997,0.5003695717165051,0.9267199178025957,0.6991021245214432,0.6656592476919985,0.584950434992122,401110.0,568798.0,43.28,260.0,0.000578469370046856,0.43069536040726597,0.6805507346986001,0.546850775857819,8556.0,19.90721558170844,0.0008318692225119813,-0.0001918000411522466,-4.337169155514738,0.001173470057970883,0.09928410231647034,0.005083414031677667,0.0004505428616822831,11.843113013142089,15.145086647368089,16.474489702124405,17.306954100178235,17.92551955096994,18.395932242654524,18.77215843288523,19.108682337926513,19.405007963181106,19.660366113962187,19.88733852179193,20.081377185537676,20.23763301404659,20.34276851304012,20.566680353923715,20.73743346453197,20.809338129019288,21.115632708859124,21.368795963628223,21.37745178951473,571.0185185185185,1682.9681897050318,2811.962962962963,3939.9832272990166,5042.923076923077,6051.5625,6729.72064777328,7416.57027183343,7970.611111111111,8330.703875072297,8411.27009832273,8165.490740740741,7693.803932909196,6706.136495083863,6423.826388888889,5702.212261422787,4238.330827067669,3553.446759259259,2568.152111046848,864.0,17287.0,5618.0,1.9405200737750639,0.2800018387404282,1.0243161596272452,1.2178502130958475,1.395943915148185,1.5668361585743933,1.7372336816867424,1.93444567322862,2.144955676648134,2.481216548713461,3.051672356366962,12.131581295129784,0.9431577224827727,0.0986246295808814
35483,13.069920965854191,1.9348381342479308,1.0,0.6140420759340538,1.2370923537880385,1.1186600859957267,0.6895007406067415,1.5015573328344465,0.701639024511478,0.42382709734311824,0.4693189589540959,0.6272137830741895,0.6146869356081651,0.3125548047294179,0.827022538566641,0.5619232409683308,0.637784219773944,0.7392974406792236,0.8149711927413652,0.4247484966624731,0.9015626442004256,0.5568849598357161,1.0327159164222426,0.8059308233903231,0.8076640488386898,0.6877632267779044,18984.0,31442.0,8.533333333333333,42.0,0.004093567251461989,0.4008191925102399,0.6647162083089526,0.5688560357316184,982.0,12.19341978144809,0.007289610641593572,-0.0011692390112273126,-6.234491469748262,0.006515554611823441,0.07478082329607637,0.014086774808388436,0.0032420375192955715,4.356894513817772,7.366807697639122,8.688761007907784,9.507385649576554,10.037346922023614,10.510553922212505,10.95774637295361,11.345953331133758,11.598859426502177,11.87852950303249,12.0954090217705,12.245701639887988,12.256514848283588,12.326145447481506,12.598002012233145,12.752461005048854,12.962526353392132,13.069920965854182,13.069920965854182,13.069920965854188,61.71176470588235,182.05263157894737,302.4795321637427,421.7368421052632,516.1754385964912,605.1052631578947,708.8654970760234,806.2982456140351,842.9356725146199,906.0409356725146,961.3450292397661,923.46783625731,760.0,641.140350877193,677.0292397660819,606.906432748538,545.6959064327485,427.0,256.0,85.0,1710.0,509.0,2.1302149381855133,0.23027125644147453,1.016603450800785,1.28963361093303,1.532063989102909,1.695003715291954,1.8776724340347157,2.134738741702958,2.4031365182679987,2.778562533715034,3.528217327634852,8.04489570107174,1.1830997620919497,0.808193055014126
35484,43.530029877551506,0.3411301451570387,1.0000000000000002,0.8161594085881112,0.8562960847388862,1.0329623659720997,0.705958189014955,1.1326724370408707,1.8099812826650703,0.7333346147256277,2.669820534536423,1.7522238392119291,1.0387791035455964,2.3570985284248485,0.8533899301998298,0.6322319814282615,0.6011749135976732,0.8261578139845609,0.8955657590861494,0.5307579613822462,0.9749841865498365,0.8751717433231974,0.5705901566865843,0.9438719344167964,1.239693450605554,0.503755664945165,160474.0,203732.0,15.307692307692308,156.0,0.0019293845263360988,0.46719413353917405,0.6974141258201466,0.5190944031862699,1296.0,39.64042627947198,0.01044193541421446,-0.002756850106957611,-3.787632627490913,0.008334407513005493,1.9786012901699308,0.03680166033638427,0.0030220253746347865,23.71830691643915,29.841349275172295,32.08495753711717,33.504925278055,34.64174095521168,35.590040908270005,36.39981576844389,37.1180455496253,37.7583589196977,38.31590955484975,38.84267172846738,39.308981068791894,39.76106781605671,40.17525187507506,40.55554899086799,40.96453597022642,41.36527857310526,41.85330314901615,42.308617214965714,42.92374098068329,71.33011583011583,190.33783783783784,351.7007722007722,480.4219653179191,582.507722007722,720.3146718146718,827.9787644787644,956.2312138728323,1046.0019305019305,1144.7432432432433,1203.6737451737451,1265.7822736030828,1267.0135135135135,1246.3803088803088,1158.542471042471,1067.364161849711,923.6467181467182,780.0559845559845,560.3996138996139,193.27745664739885,5183.0,841.0,2.5162428600530253,0.2635480824465182,1.393939985968792,1.7497873659458005,2.008985898749382,2.258848579443525,2.469858911478741,2.7196473420626504,2.9690083843011896,3.301439222499648,3.7049543575990898,6.975154137358515,0.8081964623891205,0.110573305550497
35485,15.19104988516014,2.5523992090160523,1.0000000000000002,0.5987233718573521,1.2242630328768522,1.1567149414627456,0.7659287961375801,1.4381110373916808,0.6363479056362175,0.3827205945990453,1.1393470989651413,0.5501337302961712,0.49968168911917893,0.7922525238604585,0.7928136898330994,0.4266594108252749,0.8702303039333628,0.6854010970330616,0.5570484005521528,0.6051203845230962,0.855796683846005,0.5015297694389097,0.9700351451481354,0.739850980712492,0.6547994695695216,0.6745203394777497,46582.0,63074.0,4.346153846153846,30.0,0.0035195776506819184,0.4080105633802817,0.6690140845070423,0.5517014326445417,1318.0,14.4401998325098,0.005319192448603506,-0.0004315380525058817,-12.326126091814364,0.005562786389147927,0.12005803681527454,0.016523756530984594,0.0026278483461794973,6.263007237093605,9.527276956025537,10.94274821715363,11.765417501248539,12.325914276709025,12.808263707622348,13.253025096615088,13.608480581700467,13.940959076905445,14.161335614793277,14.397193096846578,14.508830197955216,14.70336976829485,14.936413785564563,15.071388271245144,15.1664488109577,15.191049885160139,15.191049885160139,15.191049885160139,15.191049885160137,66.87665198237886,213.62114537444933,360.48017621145374,513.4649122807018,656.8546255506608,796.4273127753304,937.3744493392071,1081.8070175438597,1204.2334801762115,1232.431718061674,1294.2775330396476,1192.4122807017543,1179.6387665198238,1242.6387665198238,1153.5859030837005,1006.0175438596491,795.0,568.0,341.0,113.5,2273.0,726.0,1.7888579169095067,0.40519562223565475,0.9146172857607604,1.0521666844874802,1.1920597983051653,1.3418902414448264,1.51257535065445,1.665757933646925,1.8986790043503847,2.308586470797328,2.9851360657476134,8.541037251737217,1.0724686983298535,0.555786628134083
35486,51.29953731464715,0.42420381831152837,1.0000000000000002,0.534717260588032,1.8325986781794417,0.788780207404557,0.5055792623190519,0.8150378283232423,0.7920211450802309,0.46174621851040415,1.0589623779482338,1.0041087969059697,0.9133013414996709,1.2992800348013436,1.2803206303170507,0.5984884465958846,2.6944082137630443,1.6231652598508823,1.1837677911286664,3.30586890587175,1.268739551090198,0.5802190664149975,3.2420215336599587,1.6084829958714657,1.1476322500918625,3.9777559040783315,72512.0,92606.0,3.838709677419355,38.0,0.0035511363636363635,0.48312611012433393,0.7190053285968029,0.4868671485625969,210.0,38.34743525734836,0.17529481819484788,-0.060534683647764057,-2.8957749116992813,0.01807294262747269,0.0466465760420767,0.014916060848254673,0.013106755175706378,7.395247245200088,13.758420708356041,17.769857129179297,20.62214831107678,22.640038072592024,24.589133600963994,26.717935650685558,28.73409601978531,30.560831495913526,32.50618349697892,34.75185120633046,36.53388547560405,38.261027039483196,39.936576437333024,41.61480279338438,43.265674547971585,44.76006306032085,46.16211113950903,47.4972084730462,49.73674430512679,29.9288256227758,58.47163120567376,84.1459074733096,125.54255319148936,142.60498220640568,146.2872340425532,149.9608540925267,164.30141843971631,165.66548042704628,150.25177304964538,164.93262411347519,177.38434163701066,190.08156028368793,176.1423487544484,180.68439716312056,184.53024911032028,179.41489361702128,180.34875444839858,128.17375886524823,66.90425531914893,2816.0,329.0,1.5222274256763635,0.19456627232971144,0.680418962181597,0.8820363653002069,1.0592185788439692,1.241680469867106,1.40990066811155,1.5887283571987472,1.7909921145317913,1.9761563891261125,2.4062018775432223,6.027294155608534,0.6247327604213347,0.126612788327038
35487,16.87009491693116,3.8730807897198454,1.0000000000000002,0.6638257010233187,1.0130514178086218,1.0492355294521907,0.6697134912758811,1.1667945393434163,0.8171377354661306,0.5949132498258125,0.5470278002897413,0.7787934286715975,0.8883100871873351,0.4688295855391706,0.7464001862592446,0.5359962652756893,0.48593477456103773,0.7113752492244927,0.8003366697220851,0.4164698738087042,0.9828358997829587,0.6755977672890713,0.9054764064901478,0.9367161825868597,1.0087862587357768,0.7760375764182796,15282.0,27386.0,11.703703703703704,74.0,0.0037429819089207735,0.3938826466916355,0.6510611735330837,0.591869202807985,975.0,16.869047543276356,0.008621541176407871,-6.590350536442703e-09,-1308206.7681731465,0.008112992588771108,0.3960073629631156,0.025908195573022305,0.004048220677605562,8.195145561492238,10.96819330850791,12.277886057520309,13.06391786036978,13.745519617054455,14.310425267023508,14.706583366438332,15.094975908301489,15.461835108775983,15.752732060918692,16.027519581572307,16.22290742253662,16.452453171699876,16.741344213536042,16.87009491693115,16.87009491693115,16.870094916931155,16.870094916931155,16.870094916931155,16.870094916931155,54.6125,159.4625,263.0875,348.0869565217391,429.0375,509.1125,576.175,632.9751552795032,701.35,739.1125,804.7875,809.0062111801242,844.6125,926.875,881.5,721.0,560.5,400.5,240.5,80.0,1603.0,408.0,2.3761700242113593,0.5376604422053437,1.143749185023771,1.515940463364223,1.7328238290118074,1.9513016830777432,2.1711655069061147,2.3893121425632398,2.6987522348305464,3.107791732996739,3.9170984389008314,6.2626708489454685,1.1928016421041616,0.632008487530984
35488,18.33369669622228,2.450307153451277,1.0,0.6724627531501967,1.0514806566535253,1.04026604872225,0.705295972691584,1.1257146795751343,0.8717991362395376,0.5768759520798417,0.648358600492629,0.8380540125387743,0.8179203829540388,0.5759528699912944,1.148110126380298,0.86596874673074,1.235931513474397,1.1036697081390978,1.2278090053825048,1.0979083207308449,0.9438015501549912,0.626369341612081,0.950517775873557,0.9072693964339745,0.8880943119832382,0.8443682872042676,48167.0,84347.0,19.757575757575758,118.0,0.0018181818181818182,0.37576721982268696,0.6444646510570584,0.6050987332851209,2395.0,18.33065360191351,0.003063186206297725,-6.449471302193448e-09,-474951.5212597261,0.003610681869236418,0.14504723537891798,0.01681195126010712,0.001526103071750994,9.405196772666528,12.963004716152636,14.18702952478822,15.04246228708253,15.623957271087539,16.110657508127307,16.464480888232167,16.774886410479535,17.06053773300389,17.28202235513113,17.44805892443068,17.574523151354978,17.83349044570057,18.068771224683083,18.287132250086884,18.333696696222265,18.333696696222265,18.333696696222265,18.33369669622227,18.33369669622227,150.43963553530753,463.2318181818182,766.05,1075.418181818182,1357.8,1665.6272727272728,1888.6227272727272,2071.509090909091,2241.5454545454545,2298.327272727273,2247.7954545454545,2089.240909090909,2198.4590909090907,2247.3545454545456,2315.2727272727275,1979.5,1539.5,1099.5,659.5,219.5,4400.0,1145.0,2.4262587511150016,0.29974974937113763,1.1343752005044692,1.4105060881797806,1.6445628354801145,1.8554651134431277,2.133857847536407,2.4820974246705227,2.8809722636392667,3.3682991831472426,4.029767255057878,8.692735604985593,1.5291272494771597,0.245109588890336
35489,28.74684277057057,2.5007295912473886,1.0000000000000002,0.6726498717973184,1.0451605379528897,1.0685513568833822,0.6909690496231831,1.1806905307959026,0.6783877036449052,0.5805924903870122,0.262433783625409,0.6348667280003669,0.8402583164957038,0.2222714392809626,1.2592390090566123,0.8901691681255569,1.7532215641875586,1.1784543634190912,1.2882909424249998,1.4849120226328174,0.8947344313207461,0.6307021115493643,0.7871751431513604,0.8373340462833685,0.9127791062324933,0.6667074246972458,37625.0,51451.0,9.421052631578947,96.0,0.0037593984962406013,0.4449220849005911,0.6851155292853305,0.5372113058168808,576.0,26.744203398916017,0.022515176538227488,-0.003176484336272963,-7.088080454583644,0.014103231154929168,0.243585835501892,0.045384776951059275,0.00594696651582947,10.500358504235825,17.586362218319227,19.933820408504975,21.372160462381604,22.41533441046488,23.194941561838316,23.783080872743746,24.27491600048521,24.851126576993313,25.333233153910225,25.744869305228598,26.086186184985877,26.40628542404077,26.77591919131492,27.124987696051882,27.427659199578333,27.625544794312553,27.798470586140628,28.20421548593024,28.633692788783723,28.553763440860216,77.52150537634408,148.38172043010752,213.81182795698925,264.36021505376345,334.71505376344084,381.7700534759358,388.98387096774195,438.14516129032256,493.26344086021504,543.1774193548387,535.3817204301075,536.5967741935484,551.8716577540107,541.2311827956989,510.76881720430106,412.47849462365593,292.1236559139785,200.43548387096774,81.47058823529412,1862.0,391.0,2.2297754386994932,0.4549960091419335,1.2141853457485259,1.4808414135206853,1.706906138646149,1.8599185750526674,2.0609078759013673,2.2553671336292735,2.4770030796501343,2.8211078785282293,3.3972885225311877,7.554109770862702,0.957290031200499,0.279819737931248
35490,17.699550421902742,0.6425513500476702,1.0000000000000002,0.677371943584538,1.0453104254847796,1.0597728341631905,0.7197142779572607,1.172219686819007,0.7943560608680993,0.6582521271581236,0.39313037766571324,0.7495531450335132,0.9146020126576022,0.3353726115388244,0.8038034747616529,0.4975660578792025,0.7277387324765547,0.7584677101072759,0.6913383173270182,0.6208211145569329,0.9560492357695863,0.6523644234584502,0.9319662941443255,0.9021265736864207,0.9064214000450747,0.7950440558402113,72099.0,113305.0,19.72972972972973,118.0,0.0009948269001193793,0.38845771144278607,0.6479601990049751,0.5978988713825655,2807.0,17.697296587703775,0.002589226345420783,-5.83102410185916e-09,-444043.1560890369,0.0033944276759910593,0.2335835431279191,0.011924814859240664,0.0013097451612083925,9.256884257282174,12.214873572078227,13.440939953245516,14.251879795597546,14.819783033994817,15.326378731680437,15.763518076494362,16.084880533897874,16.39784466935985,16.65285205692193,16.82811535024774,17.061470584995053,17.269860709646128,17.458274123072265,17.673315914983142,17.69955042190273,17.69955042190273,17.69955042190273,17.69955042190273,17.699550421902735,176.80278884462152,533.3061630218688,876.5956175298804,1214.8429423459245,1478.7669322709164,1755.4254473161034,2061.6235059760957,2238.4214711729624,2489.5756972111553,2611.807157057654,2526.8906560636183,2619.874501992032,2682.045725646123,2658.878486055777,2700.337972166998,2261.5,1759.0,1256.5,754.0,251.0,5026.0,1331.0,2.3693740406028883,0.48277826000393603,1.1181053771346163,1.4408464916374706,1.685513633661869,1.9332228448510065,2.1760602848150965,2.4282851685397953,2.711343069247319,3.1047930681206055,3.774737131582338,9.088097753825323,1.3240334309201738,0.323627818140667
35491,22.246348266923345,1.6992420772976862,1.0,0.624527511946912,1.1723002222603904,1.1154945270300767,0.7430319287343224,1.344064875492507,1.961752563631652,1.7809031705926452,1.4997697869916926,1.7586393443405555,2.396805711466839,1.1158462767224167,0.6821805065772657,0.40010519968067493,0.712120411350968,0.6115498463210948,0.5384764560013087,0.5298259216022032,0.8932158405440458,0.554768984884145,0.9819794578122069,0.8007352962297074,0.7466287294398456,0.7306042109406208,78077.0,120225.0,20.05263157894737,104.0,0.0017881978939002583,0.4067965023847377,0.6625596184419714,0.5683264415805607,2961.0,21.692060184777876,0.002322424729590799,-0.00015290417960274745,-15.18875897064797,0.004083288193486816,0.6575558314863028,0.02732130985985898,0.0015570315642795952,13.67747232396721,16.85098175209067,18.11470116511321,18.92797391710078,19.546194999800743,20.03052224586629,20.413374114149512,20.76194424818143,21.053592779658587,21.275405123459635,21.47092465700629,21.6954591782032,21.834905985784598,21.94853963250197,22.09200542750415,22.242819413881318,22.24634826692334,22.246348266923345,22.246348266923345,22.246348266923345,175.60437375745528,520.8628230616303,865.4572564612326,1199.6507936507937,1532.6361829025846,1855.3618290258448,2145.594433399602,2457.7976190476193,2699.783300198807,2791.821073558648,2796.610337972167,2915.753968253968,2810.202783300199,2600.2644135188866,2419.4910536779325,2256.777777777778,1761.0,1258.0,755.0,251.5,5033.0,1565.0,2.096124870709559,0.3873326557498584,0.9932185460808153,1.234762582393049,1.4429276321182063,1.6202828830336173,1.8460231961132947,2.073278287467074,2.3672045614470716,2.8090469358309034,3.563923924338096,10.295345117312245,1.2135284389017977,0.382758218052331
35492,14.84251100791049,0.5975323369192098,1.0,0.6895388412341837,0.9654586697624553,0.9578862046741078,0.6218325313582083,0.9883315625811783,0.4623148429717693,0.34014052955269686,0.14082867893919815,0.4826406735120046,0.546997000639,0.1424913301072796,0.9939733156954083,0.8944238945297918,0.5756280250805225,1.0376736932270343,1.4383678071267656,0.5824240031120551,1.9719535077021546,2.5710576154882525,1.646667824449533,2.058651119600426,4.134646365111426,1.6661087096611682,5496.0,8240.0,4.230769230769231,24.0,0.011160714285714286,0.43400447427293065,0.6756152125279642,0.5563349491805298,113.0,9.373159785851872,0.0766984926802593,-0.053569121300064235,-1.4317668615588683,0.03186796123264269,0.03978975183492508,0.02139719470036546,0.05223911842789769,1.5279470636694923,2.7132941281587963,3.450318010966654,4.298479571792227,5.044495007898431,5.475677937746876,6.0649138898991115,6.577579097945096,7.001594161454418,7.4467288500596105,7.988513517659639,8.604531067385484,9.111289031797043,9.677716443972637,10.320168187905905,11.060510522884051,11.774673522750605,12.488647788393243,13.3563987041369,14.381664921235286,13.227272727272727,29.955555555555556,46.022222222222226,54.044444444444444,66.5,71.13333333333334,78.35555555555555,88.46666666666667,93.4090909090909,99.46666666666667,98.42222222222222,99.28888888888889,107.95454545454545,104.28888888888889,99.86666666666666,85.62222222222222,71.86363636363636,56.75555555555555,48.111111111111114,19.644444444444446,448.0,44.0,1.5896293005851014,0.09727349195921599,0.45608275670671433,0.7313367722304988,1.0844254007391303,1.3718617439696525,1.3926597463386927,1.6076841145451988,1.895184013135307,2.411654968823463,2.7375171929616653,3.7758811112265986,0.8658577061689638,0.524067962167319
35493,30.655118042730834,1.9307682330021603,0.9999999999999998,0.681304499919901,1.0187851136331925,1.0208003777290766,0.6916995031966238,1.0809611575090738,1.1674395690567596,0.7180148354399571,1.7513709256296053,1.1436511922672912,1.038044457342704,1.6201978336255842,0.9497944703416548,0.6593520747082494,0.8882447650104786,0.9304409471855946,0.9532348536627773,0.821717560191817,0.9800948837370476,0.6715716688882839,0.9575480764351265,0.9601239430547778,0.9709008981279862,0.8858302352340433,1172266.0,1954022.0,205.6,1326.0,0.00012642225031605562,0.39204090519602747,0.6507887454522469,0.5933420462598072,29208.0,29.987047534400933,0.0002954203514368327,-2.1038659321842085e-05,-14.041785976834126,0.0004034942169398176,0.2758767361319341,0.004365353704335485,0.00014848672647805846,20.087990898217498,23.81028623506376,25.241581034824797,26.167505056297095,26.817338028231916,27.35425778538707,27.81391403648289,28.19058920833298,28.51204481248963,28.7378887964673,29.017675330157626,29.350414208539643,29.65627678420585,29.922199303945757,30.094697715062654,30.30828783426178,30.561660887251023,30.65511804273081,30.65511804273081,30.655118042730816,2048.066732228154,6048.488973170389,10040.97597977244,13981.295547127405,17231.945497963196,20387.70936929344,23391.238095238095,25574.08666947605,26755.95842112656,25647.033712600085,25397.701643489254,26936.093411996066,28385.412277005198,28682.892400618064,26366.659643208317,24217.88467481388,22926.980474785785,17797.0,10678.0,3559.0,71190.0,16673.0,2.423846568532003,0.13614517809679158,1.152839047796352,1.459076040541555,1.7145092827012363,1.9557908893333582,2.2174454896865035,2.495152115811082,2.825888012808179,3.2680916376143188,3.966634337955261,10.798928730905631,1.3793574323221443,0.0120519527816214
35494,20.826518276392328,3.0730390779132226,1.0,0.6302569004335062,1.1839341331197297,1.0539782753678777,0.7136534201891594,1.3006656498586888,1.0925853319433243,0.5496278297598175,1.445708970723446,1.0366298409347872,0.7701607169683771,1.1115146854847098,1.55310585959618,1.1738587432252225,2.1934524452578956,1.4735653437013094,1.6448582883748837,1.6864076063638676,0.8923738159485494,0.5304076500539385,0.924746794868111,0.8466719256021455,0.743228624776085,0.7109796395165663,12979.0,21505.0,5.875,34.0,0.0050933786078098476,0.421410365335599,0.6771452846219201,0.5454792659973896,716.0,20.557319015231442,0.012989815247068064,-0.00016427141524682945,-79.07532316288835,0.015083669667356926,0.2540201936707008,0.07936986056298145,0.006536352280934466,8.174536474017707,13.939001452686133,16.013535346900575,17.1207085100383,17.850667509897505,18.423239783834592,18.86874261825936,19.276225030769062,19.62550421081492,19.92133019970171,20.117761813681724,20.362148361592,20.58659646977969,20.738711156666827,20.826386109565004,20.826518276392303,20.826518276392317,20.826518276392317,20.826518276392317,20.826518276392317,26.153846153846153,70.22881355932203,138.27966101694915,207.0593220338983,278.2307692307692,354.5169491525424,423.72033898305085,473.56779661016947,538.0,612.771186440678,637.2966101694915,676.6355932203389,707.6666666666666,694.6355932203389,647.4491525423729,529.5,412.0,294.5,176.5,58.5,1178.0,324.0,2.029647061023577,0.35947037679681476,0.8455866550201242,1.069269634268782,1.2664105622530448,1.5040107467293002,1.6692500662233223,1.9599850653373991,2.343754572087263,2.793745830235804,3.690046011386565,7.266953969277198,1.55848078769027,0.737095656271558
35495,25.598106009899272,7.929238119564966,1.0000000000000002,0.6702807990161862,1.0588303677377455,1.044008583045185,0.7102973016169055,1.1809902658047546,1.706689812206201,1.269296176594974,2.214133658242557,1.6347469167620194,1.7869928179447894,1.8748110990853881,1.1927770570960354,0.6387489397321577,2.4155004432870175,1.1424973668481915,0.8992698385283505,2.0453178262574743,0.9456201272594608,0.649000205984225,0.8745349926706549,0.9057589588978829,0.9137021983708159,0.74050990765341,47292.0,82276.0,23.5,132.0,0.0014623446258835,0.38078985860555825,0.6470014627011214,0.603138429107112,2246.0,25.167614965115806,0.003539012778606524,-0.00017526201895256554,-20.192696625070568,0.0043073788128557555,0.7479914129965803,0.061374487873182705,0.002154910575741259,16.540680058088785,19.953261859595436,21.129081564110365,21.939880067753705,22.53497719726437,23.052072859376203,23.351373555278467,23.724054210286194,24.05525429963812,24.349693296762656,24.60554837435238,24.862227451073256,25.112093251048016,25.298003219106516,25.35104160770121,25.406575529062724,25.590794255722898,25.598106009899258,25.598106009899258,25.598106009899254,143.50975609756097,426.04634146341465,701.9682926829269,971.403892944039,1201.3585365853658,1396.260975609756,1424.2219512195122,1584.9537712895378,1755.4853658536585,1897.4219512195123,2012.9634146341464,2123.07299270073,2202.3634146341465,2184.734146341463,1898.5,1566.2043795620439,1425.0560975609756,1025.5,615.5,205.0,4103.0,1050.0,2.3822064287516067,0.4493536511342351,1.1892616374910436,1.4654680069066288,1.707485819713153,1.9064021856112237,2.176938308063189,2.462172763209766,2.7458469429910157,3.148089015607128,3.850687367435247,8.05282433221279,1.192038816547957,0.449076482525561
35496,12.306718616506846,0.04335774702848589,0.9999999999999998,0.6090285250364924,1.2256595648788462,1.190547715604271,0.7263185061747607,1.5870600271678725,0.5078172213515075,0.30754608725416566,0.2703318624216862,0.4265408388892345,0.4234314348864553,0.1703349953965488,0.6714655940459753,0.5085239961464724,0.3798153117416394,0.5639972134213606,0.7001391150346313,0.23932006681525736,0.867308715859171,0.5597331922597906,0.9285492380687858,0.7284955525020367,0.7706442662568097,0.5850750583932184,12155.0,17551.0,6.285714285714286,50.0,0.005875440658049354,0.40588235294117647,0.6588235294117647,0.5655513492686416,452.0,11.372621213926069,0.01540128041527207,-0.0019594391915621766,-7.860045099431379,0.014427483375856894,0.11668413956206103,0.022076301285363403,0.0065316047315618015,3.6963547408763655,6.257808611146991,7.522402726890307,8.35066205211239,8.962364102287633,9.407962334718402,9.896930087268268,10.256521084523985,10.574808236238896,10.849894881738392,11.096917791582653,11.366673506302462,11.553896444751505,11.753149525740882,11.889982271677944,12.04038433071496,12.132929728281418,12.300210704564455,12.306718616506842,12.306718616506844,28.305882352941175,80.34117647058824,130.94117647058823,184.12941176470588,221.88235294117646,262.83529411764704,313.45882352941175,357.54117647058825,393.43529411764706,416.8588235294118,424.5882352941176,444.3411764705882,426.0470588235294,406.8588235294118,376.56470588235294,330.7176470588235,266.6588235294118,211.8235294117647,128.0,42.5,851.0,249.0,2.0171647321857367,0.4182709167820367,1.1809914443227993,1.3970720425421344,1.5286284620124948,1.7200151381738626,1.849043898694549,2.0507094101964314,2.221658390903871,2.5807951714645956,2.9922625725288095,7.168965315472229,0.7546123229940669,0.70197095062118
35497,20.15018172261186,0.07323603180291859,1.0,0.6851777059660321,1.0289308504561696,1.0465841630613848,0.7206314679084833,1.1502854312949833,0.8765012164283663,0.7224218257307882,0.6316203697959764,0.8374875593994224,1.0024844291458728,0.5490988172256538,0.9833553119298574,0.6872087887374598,0.8653564196718849,0.9395855074411069,0.9536202890667161,0.7522971222000723,0.9511072354881202,0.6465781507725635,0.909291724106731,0.9087728145111779,0.8972382966416279,0.7904922546772211,38448.0,53406.0,8.594594594594595,104.0,0.0029182879377431907,0.40340632603406323,0.6579075425790755,0.5892108182189433,1046.0,20.143878207908962,0.008424368687430926,-6.543322703160452e-08,-128747.56556576249,0.009769803255868098,0.4157396113127144,0.03639299010977095,0.00361658166142477,10.100223763688511,13.861318679472436,15.268788860979923,16.16345574520832,16.861746683897355,17.392442951475058,17.7837004042455,18.05329323002155,18.38426173059496,18.710924724695527,19.042388483697675,19.308583155593922,19.45274916861031,19.72210182197852,20.02280105591705,20.150181722611844,20.150181722611848,20.150181722611848,20.150181722611848,20.150181722611848,62.59512195121951,178.43203883495147,299.4780487804878,416.90776699029124,547.6975609756098,662.257281553398,734.1219512195122,750.995145631068,794.2439024390244,857.4126213592233,928.1407766990292,971.770731707317,902.8300970873786,935.0243902439024,1006.9466019417475,925.0,719.5,514.0,308.5,102.5,2056.0,501.0,2.4051488566216754,0.3196883791684517,1.091472368280911,1.3781698027250235,1.681546461338115,1.9646145718265222,2.2030730016912994,2.485170609410587,2.8408715919292824,3.304569791371839,4.007420886902965,7.8086309375182354,1.3748091540644631,0.567035128821153
35498,36.17494357010336,0.4457412560916967,1.0,0.7072645548272384,0.9669160404744346,1.0476790612185334,0.7077985711167587,1.1421382021291313,1.7381188132531857,1.7295956546496938,1.275747390641263,1.6590183746075984,2.443626937421973,1.1169816299490398,1.0674837555670584,0.4466550436057963,2.5584045701107114,1.018903398074493,0.6310482414524625,2.240013130934093,0.9451648567391144,0.711704203414227,0.7176811128050649,0.9021511374292555,1.0055179996920678,0.6283662620400846,25980.0,39224.0,10.25,76.0,0.004759071980963712,0.43273809523809526,0.6726190476190477,0.5666191227795297,624.0,34.36822462127304,0.01677929165045525,-0.003537045207261108,-4.743872545369078,0.021267382329768846,1.9668292919330093,0.17748981520790882,0.007453133412399513,22.047837083291615,27.519597515944593,29.327105511421887,30.483989983073403,31.282877571954995,31.90616353251624,32.384370956929715,32.77783898159704,33.134774575624206,33.481577582536524,33.851199213499505,34.205995421584944,34.47098857421299,34.70795455065969,34.98348396504759,35.24134676917058,35.54628378202272,35.82953627077401,36.077052914384886,36.17494357010335,34.29761904761905,102.54761904761905,171.07142857142858,244.82142857142858,330.5833333333333,418.2261904761905,466.9761904761905,493.75,490.3452380952381,525.452380952381,573.6071428571429,603.8095238095239,581.4642857142857,536.1666666666666,495.0,443.6666666666667,408.0,349.9404761904762,235.86904761904762,84.0,1681.0,355.0,2.428060471043282,0.7728299325260582,1.4193795668037175,1.7071277454786677,1.9037498197301876,2.137774047438027,2.3102901997822722,2.5113981342084917,2.7816744194654612,2.9981924230630845,3.432284037629456,8.032772251447954,0.8275519351785381,0.597343669310212
35499,24.934695618843993,5.515670791941302,1.0,0.6618810849565766,1.059235927519158,1.0142268858238253,0.6657766434938034,1.1008732446675868,1.3748817353355158,1.4980743404593884,0.6877425836184476,1.3555958282635563,2.250115493084779,0.6247245874579451,1.0900859532773302,0.7435554432969111,1.8156418179970764,1.0747949679838027,1.1168241640243597,1.6492741801035566,0.9801458020232343,0.6534111168406564,0.982589605861694,0.9663969824928197,0.9814269143052898,0.8925547156506568,32862.0,52444.0,14.6875,64.0,0.0023210831721470018,0.3715170278637771,0.6362229102167183,0.6105296278452346,1586.0,24.42722045498648,0.004904882877736786,-0.0001877827150947482,-26.119991263636614,0.007515102487191444,1.3575231034235073,0.0707228412461933,0.003345386685578073,15.318541302558268,19.33640111314164,20.67899270274956,21.543142275000562,22.19069195983141,22.723263354271257,23.137263938834963,23.49701202696863,23.796323658539563,24.08748279278944,24.343803499333703,24.488004903558164,24.662393206362566,24.810454369023393,24.934695618843982,24.934695618843985,24.934695618843985,24.934695618843985,24.93469561884399,24.934695618843985,70.53100775193798,239.63953488372093,403.7722007722008,565.7170542635658,732.918918918919,899.6782945736434,1053.949806949807,1192.9341085271317,1312.6563706563707,1438.484496124031,1546.9031007751937,1521.1544401544402,1541.624031007752,1499.7992277992278,1421.5,1163.0,904.5,646.0,387.5,129.0,2585.0,636.0,2.4535572694954606,0.39802315360475804,1.1012361619446605,1.4030176444404756,1.6506954397582763,1.9060355086781575,2.2034989947571493,2.4965062808261873,2.8204163165645157,3.3830787544160144,4.148106789902057,12.451030608613044,1.7015780842006818,0.742608677942772
35500,37.9504575134999,1.3014411251532543,0.9999999999999998,0.605516211631857,1.227487189513656,1.1028415546677244,0.7388948593973594,1.3049028236568612,1.8044305240678404,1.040927775328724,3.0342062190800045,1.6361647930572385,1.4087630494245174,2.3252353846372573,1.0696538760645782,0.6738277574732846,2.682717290359897,0.9699071199641681,0.9119399721130238,2.05587515156251,0.8937874851085043,0.500372135386088,1.1047301406317007,0.8104405218733292,0.6771898992424851,0.8465995479539263,430875.0,588433.0,23.375,130.0,0.0004730368968779565,0.41889894151735557,0.6747087694400095,0.5447168306378102,9423.0,37.38337644519552,0.0008697800062121935,-5.7341073360395346e-05,-15.168533744485817,0.002167170267183883,0.6612134444477175,0.05417478289372623,0.0007587216402430811,27.190730265720358,31.725274670447103,33.20208394573535,34.12853261841543,34.827095210896324,35.38600683664942,35.86041324811956,36.25728417382299,36.582937922264115,36.870436474110676,37.10482434253309,37.31444557604091,37.45167431241773,37.557560428463674,37.70198145393354,37.86334803031099,37.95045751349986,37.95045751349988,37.950457513499884,37.950457513499884,429.91188645771734,1386.5937315198107,2392.3116499112953,3364.1502069781195,4317.300413956239,5217.204021289178,6102.786052009456,7056.606150206978,7870.587817859255,8586.188645771732,9036.263749260792,9311.475458308692,8971.590774689534,8129.262411347518,7532.984624482555,7015.686575990539,5919.0,4228.0,2537.0,845.5,16912.0,5009.0,1.8640585416027418,0.193176837877716,0.8208216145763793,1.0074900001926004,1.1670509383419065,1.3254204811569141,1.4964950398374919,1.7192864516966562,2.0312007327240837,2.5324777303513137,3.5183473335196473,9.341816515977811,1.3789616356362508,0.0941937771975063
35501,13.041504965350855,1.8437036550727701,1.0,0.6876600078337949,1.041098187475914,1.1695601961396536,0.8377928625386517,1.3212657669775456,0.5177824467878058,0.37662723908297985,0.3063725545484947,0.4427155169069887,0.44954696551333306,0.23187806889853477,0.6158818040320726,0.466775185912649,0.31608967066235105,0.5265926508656011,0.5571486781329725,0.23923246826065908,0.953246827930545,0.7062430698620701,0.8741221539940527,0.8150472554357696,0.8429805282919648,0.6615793550707411,9843.0,15105.0,6.074074074074074,28.0,0.01098901098901099,0.4339853300733496,0.6784841075794621,0.5497405656250539,352.0,11.818640827615452,0.021149202476016694,-0.003606312894781043,-5.864494594083403,0.013689243655596681,0.1797418887376497,0.0162502849048246,0.008144439932078239,4.324099927825779,6.066549320944179,7.177584319932001,7.9434746209084155,8.510258223843831,9.047614449231963,9.509614845050681,9.945712465715948,10.328737266276283,10.716182743078754,11.090891009170292,11.341332601094201,11.623617124913645,11.921993288047657,12.117867893950507,12.282485426448227,12.536607489412962,12.738441530895582,12.891506514372528,13.0376916979436,29.308641975308642,82.35365853658537,119.35365853658537,155.6951219512195,183.03658536585365,217.91463414634146,253.34567901234567,266.1585365853659,286.3292682926829,313.2560975609756,334.2073170731707,331.1829268292683,343.2317073170732,340.6666666666667,320.109756097561,278.9634146341463,237.5487804878049,180.91463414634146,115.6951219512195,40.28048780487805,819.0,206.0,2.0753165285250503,0.35597777723907376,1.0662133444039703,1.359684553222203,1.5594213647248512,1.848475646606134,2.0377682168686713,2.205988164171198,2.3819524138714305,2.688232029293005,3.1064299901122814,5.791262580464976,0.7524111175849284,0.886391927194782
35502,38.01065484187453,1.4015864774011626,0.9999999999999998,0.6156235557712363,1.1936459866877163,1.0643086889373976,0.7049453045291677,1.2146948283434464,4.083500416241413,2.185036536740925,16.26019506678221,3.836763204778838,3.099583077867734,13.386238820953269,1.2897962511445875,1.0510817371348582,1.2335233943381196,1.2118629346456957,1.491011757056634,1.015500655436519,0.9284754908823378,0.5340591680724627,1.142367351144631,0.8723742468074039,0.7575895103367776,0.9404562565747869,112585.0,156211.0,11.918367346938776,78.0,0.0013297872340425532,0.41744252327569825,0.6739502185065552,0.5505636802763078,2821.0,36.86656114334251,0.003121233349516306,-0.0004309648769232643,-7.242430918731363,0.006955931667199957,4.199810346144457,0.17571649392876817,0.002438866866392515,26.854507302033078,31.758513287564767,33.24010234031793,34.16121856603251,34.81863896596863,35.36673856269667,35.79601943567021,36.1826005706629,36.514440730107104,36.810914281136675,36.930948418644746,37.055407589951656,37.276148231944994,37.3727976315128,37.642744786109716,37.90547268617324,38.0106548418745,38.010654841874505,38.01065484187451,38.01065484187452,131.074144486692,444.22243346007605,762.3548387096774,1078.0893536121673,1410.9790874524715,1724.853889943074,1969.8346007604562,2248.674904942966,2495.2580645161293,2735.04752851711,2550.7623574144486,2347.024667931689,2374.04752851711,2071.1653992395436,2130.8937381404176,2152.332699619772,1842.5,1316.0,789.5,263.0,5264.0,1508.0,2.0084133781922935,0.1848452474911298,0.8282729848227358,1.0328785363700532,1.203839828097723,1.416704623821057,1.6615032173277156,1.9252697129139844,2.321325741781175,2.8350636876855444,3.7810913930988064,8.532111357760972,1.5345812370233003,0.340104285865091
35503,24.36843790958315,1.4078596571862592,1.0,0.6091125779181353,1.2611912202208984,1.205452464818632,0.7591679052255508,1.6819875689863901,6.548493955752653,6.548493955752653,0.3654150076085646,5.432395010895693,8.625883563672359,0.21725190741378267,0.9898492903141143,0.5253793015466284,1.3629578446259325,0.8211433625157865,0.6920462494927744,0.8103257537434041,0.7744418979776815,0.5050972610200559,0.6601851106995099,0.6424491388751702,0.665330103582277,0.3925029666523367,13801.0,20221.0,5.5,44.0,0.008146639511201629,0.44240570846075433,0.6809378185524975,0.5466070890001902,595.0,23.509146091134212,0.011793574911289049,-0.0019602057800729047,-6.016498385618687,0.023405278544747086,5.943998291906696,0.17521685186003066,0.008606978700380099,15.15121904736929,18.96999550372213,20.143465255215705,20.841842878040403,21.38051146889849,21.826998266126473,22.224083961625947,22.599697338532522,22.90651999204968,23.142666487299294,23.346022196522,23.5063272923166,23.542197218878812,23.67993156169789,23.88378505269899,24.07382615977373,24.346450674275488,24.36843790958314,24.368437909583143,24.368437909583147,27.744897959183675,92.74489795918367,172.64285714285714,242.19387755102042,310.2142857142857,364.7448979591837,411.2828282828283,476.33673469387753,524.0918367346939,549.1326530612245,568.1326530612245,563.3163265306123,480.88775510204084,426.3030303030303,399.3979591836735,350.6224489795918,336.5408163265306,245.5,147.5,49.0,982.0,325.0,2.047160398676415,0.7028651156990506,1.0614595850147954,1.3482293304871478,1.5582161848765597,1.7167093929330162,1.9034989390051524,2.1175751631842337,2.3300351999298115,2.5946186957224042,3.045547440661006,7.888010210075344,0.8081832258590377,0.851748617377598
35504,17.400808656988804,1.7676737589924008,1.0000000000000002,0.5879410827475092,1.3461950944166592,1.2080147057053372,0.7601547040044021,1.7304998709979746,0.49491821658509355,0.2747446800342719,0.22369217495020302,0.40969552294988004,0.361432585481548,0.12926448519247813,0.7098068710703807,0.4329532609799733,0.6715244191925868,0.5875813164508934,0.5695594050779774,0.3880522792557739,0.8023497780525779,0.48708822192134493,0.899169157584149,0.66418875056997,0.6407751203214604,0.5196008232382014,271608.0,397064.0,36.34782608695652,206.0,0.0005750844655308748,0.43932422717469444,0.6849748382458662,0.5431050523725784,7721.0,16.292446512863602,0.0008549469021659737,-0.00011961206324271681,-7.147664533058972,0.0011238774189788932,0.07507049013732438,0.004459618571625195,0.000462837947670946,9.291375254973538,12.194506113483433,13.358749085809762,14.139206508396944,14.709039117385746,15.161250127315142,15.54004243299807,15.84704867180852,16.127298596678365,16.336865478032774,16.524418618227386,16.71187335155695,16.881815768462285,17.036447856088152,17.17942150826214,17.309737569341717,17.400808656988797,17.400808656988797,17.400808656988797,17.4008086569888,535.5866283249461,1555.2624011502517,2580.2480230050323,3609.196261682243,4570.398993529835,5443.916606757728,6225.181164629763,6847.719626168225,7391.519051042415,7540.963335729691,7494.813084112149,7452.112149532711,7290.452192667146,6921.107117181884,6441.43997124371,5781.289719626168,4869.0,3478.0,2087.0,695.5,13911.0,4883.0,1.9263245380049572,0.30391707857517997,0.9551019434378061,1.1900792094670187,1.3562994138002176,1.5297745630507624,1.7110322681434011,1.9199622294479881,2.1789127412555134,2.5416366465687767,3.148376345702627,10.302762374649662,0.9172994040509693,0.146311036546249
35505,21.089156626966183,1.4669711929591542,1.0,0.7006602203732691,1.0318233313555139,1.0595426996634074,0.6541246734801318,1.3803252737186722,0.9862640972756487,0.4924704334591141,1.1340973330912782,0.9308394060843063,0.752869374027782,0.8216160021731382,0.7009373869323337,0.4916624578274365,0.5270891893400154,0.6615470873944066,0.7516341727512746,0.381858681700443,1.0283024100988913,0.8504212667418373,0.6909198798675509,0.97051530856242,1.3000904891988725,0.5005485975100454,12411.0,18655.0,5.533333333333333,30.0,0.010857763300760043,0.44782608695652176,0.6826086956521739,0.5403870744640557,261.0,18.959176724423973,0.043830475499728704,-0.00850049354553051,-5.156227137278918,0.02132846242826851,0.4215869109348277,0.027982002789526752,0.010620706537813279,7.466632996556534,11.365124401443154,12.602755964728555,13.580078588883316,14.303372153742586,14.883637547234443,15.586117345562856,16.27475700921521,16.89909978576248,17.479327181651964,17.97805130135183,18.29757095706816,18.778606527189595,19.117852062759447,19.528061051376817,19.879424336388627,20.135790434420837,20.43698540671136,20.910553591348044,21.08915662696617,21.26086956521739,61.21739130434783,86.47826086956522,128.1304347826087,152.8913043478261,176.65217391304347,184.45652173913044,186.41304347826087,204.97826086956522,223.84782608695653,242.93478260869566,228.7608695652174,250.69565217391303,246.45652173913044,252.2391304347826,240.91304347826087,203.97826086956522,162.95652173913044,121.8913043478261,46.0,921.0,155.0,2.302114808891282,0.5547666439126385,1.214348597965743,1.445266895668983,1.8119930983907937,2.068002406619454,2.2438545133949175,2.479502282372822,2.6730430976544564,3.013244423913293,3.4027411213954837,5.293415163294867,0.7773091047314339,0.651540475566871
35506,18.620313028741737,1.6412845762772512,1.0,0.693920673439918,0.9860548438228652,1.0922545806503214,0.7020094908311874,1.2919238360798646,0.59677097011558,0.3755381799361224,0.298832937915062,0.5463661866817408,0.5349474399434128,0.23130847931548545,0.8071939184480059,0.6143770349731212,0.49609733645139265,0.7390162813209791,0.8751691294738647,0.3839989034931969,0.9498268844064639,0.7217633584145541,0.7192067497894575,0.8696021067185116,1.0281390320805748,0.5566943884027831,15324.0,21234.0,6.5,42.0,0.008988764044943821,0.4341957255343082,0.6704161979752531,0.549261094094827,339.0,16.27039636622223,0.02714424177454064,-0.006925745943090872,-3.919323925189567,0.019099019631568598,0.28159248992954244,0.029035000104556778,0.009368087272333995,6.143448940031011,9.68309016629122,11.251999297011663,12.24461697258865,13.142631908074366,13.786014254690732,14.379354190293794,14.867012554450259,15.222414838760349,15.560799204959022,15.914907285420792,16.232218127289958,16.497225298047844,16.73937768388714,16.94716324284655,17.265254109067936,17.570210545356456,17.71641381236153,18.075004912478054,18.49414582608036,18.931818181818183,60.98876404494382,90.97752808988764,129.95505617977528,167.7865168539326,203.73033707865167,233.7191011235955,263.7303370786517,290.2808988764045,302.0,316.59550561797755,328.80898876404495,316.7303370786517,304.9438202247191,272.2584269662921,255.57303370786516,227.1573033707865,166.3370786516854,112.3932584269663,39.146067415730336,890.0,203.0,2.5514854017708455,0.9198928157319632,1.6821841393689647,1.935901207135866,2.142240105520226,2.317985860731331,2.5185982264307833,2.66167206492318,2.841883165073483,3.117633744961946,3.461341369262848,5.807998101171219,0.5169085897951953,0.968433030156884
35507,13.808266134349442,1.88264457029471,1.0,0.7370765710790855,0.9148658686863113,1.0364203254929558,0.7187954455745698,1.0647582866812073,0.7227095668815133,0.6550204328060052,0.25239828479710325,0.6973131934070945,0.911275157402276,0.23704749514917112,0.9688289832920131,0.7776226507976676,0.5708521169430307,0.9347838511669538,1.081841371679914,0.5361330586328144,0.9873540789932401,0.7582450017007935,0.8954407076403555,0.9526579657955104,1.054882868789868,0.8409802664522055,5097.0,10093.0,8.476190476190476,62.0,0.005594405594405594,0.3851540616246499,0.6330532212885154,0.6047127369227373,276.0,12.308212946678013,0.031018584048565834,-0.007131891220840325,-4.349278906263383,0.016702551210160687,0.09289310108795278,0.022529911818634295,0.01001206258272441,3.13805302531889,5.908065022043834,7.287535053990425,8.29135544074299,8.989302131309522,9.5983550681789,10.16820666848323,10.516796384796532,10.76947214547274,11.155033024506745,11.477292418903994,11.782785893030113,12.08337292584743,12.330082569503888,12.5123045451393,12.598631140968829,12.891166899756657,13.388298953569883,13.807298119968232,13.808266134349438,22.211267605633804,58.50704225352113,94.5,127.70422535211267,157.05555555555554,182.67605633802816,203.19444444444446,233.59154929577466,226.41666666666666,245.29577464788733,263.4225352112676,266.80555555555554,263.6901408450704,266.27777777777777,238.04225352112675,182.30555555555554,150.53521126760563,136.88888888888889,106.83098591549296,35.5,715.0,139.0,2.593040738964594,0.5807631787846554,1.4808818829293433,1.7590710775175362,1.9831485683044712,2.1820378882439613,2.503164183203196,2.674483372396512,2.875229753127352,3.3169546913159182,3.9727136416116533,6.419861132246009,1.1057308893881646,0.699273228484672
35508,17.76131970009736,1.8944857571512277,1.0,0.695456709794487,0.9053716512884833,0.9683862998530579,0.7335166047406945,0.8097002640016957,1.017697552545601,0.6160030935771889,1.2722686975953454,1.0509210556779103,0.8397943408451567,1.5712835405382566,1.1905238113824674,0.7176135881974735,1.3256301113318743,1.2293893579071868,0.978319486647691,1.6371862160206707,1.0070252114536802,0.6661906366668027,0.9342235680797782,1.0399003079726399,0.9082148002665976,1.1537893830769725,5628.0,10446.0,6.75,28.0,0.008547008547008548,0.4108416547788873,0.651925820256776,0.593300943503361,348.0,17.022330437776954,0.026730754959426336,-0.002074928532824465,-12.882735254037643,0.02263457053202016,0.3164107605120015,0.06282955868877786,0.010042731704191316,6.291152580607094,10.368588869880806,12.320189862956955,13.257191511481949,13.90848819617657,14.558981577222116,15.066702820714957,15.511612036987144,15.816839754975557,16.06319312149731,16.346067198373667,16.58187947100721,16.894362119001272,17.11095718240752,17.36098059243619,17.39890959398067,17.490665325663294,17.760534513342677,17.761319700097356,17.76131970009736,18.12857142857143,46.41428571428571,83.81428571428572,121.32857142857142,153.1,179.27142857142857,216.07042253521126,249.15714285714284,264.4142857142857,276.92857142857144,304.75714285714287,302.3285714285714,330.7,325.88732394366195,313.4428571428571,253.5,203.35714285714286,175.44285714285715,105.5,35.0,702.0,136.0,2.410044408363897,0.34831036084689126,1.1436503273888534,1.3875651258818424,1.7116358676629377,2.1113939484287125,2.317385500150044,2.5618451941279945,2.832771864330237,3.3712298565750793,3.7017035229251025,5.804960403437148,1.1771108600481102,0.914225851756055
35509,26.37093387347253,2.2404493867604973,1.0000000000000002,0.6461467727539458,1.1564771986830404,1.092882257270734,0.7437644258791143,1.281270550370518,2.438671556118953,2.574316809975221,1.65373551591457,2.231412889993358,3.461199165222821,1.2906997007277992,1.104458181308441,0.6802866873293263,1.3442252397838823,1.0105921053806983,0.9146534354950379,1.0491345792620919,0.8979801723790963,0.5638967682427363,0.9970805236083969,0.8216623212656333,0.7581658232392896,0.77819670741676,74335.0,103539.0,10.790697674418604,86.0,0.002325581395348837,0.3995864564486947,0.6585681054536056,0.5697435880867401,2434.0,26.270481327605733,0.003031619415042131,-3.2961522877007525e-05,-91.97449481792154,0.006236878905844412,1.6575433395587713,0.06876212269256132,0.0023509480372414754,16.641969721148314,20.592019343477936,22.07111337496863,22.97181144867819,23.615121172262427,24.16049618531113,24.594509206686357,24.958013316572284,25.26328129823561,25.521801070321327,25.782153605716584,25.966474876902012,26.131915320219516,26.283477999213897,26.307545967546567,26.366186047076287,26.370933873472513,26.370933873472513,26.37093387347252,26.37093387347253,118.86269430051813,345.9870801033592,577.5917312661498,824.9018087855297,1044.671834625323,1270.8656330749354,1531.7105943152455,1777.2894056847545,1993.8346253229975,2176.0025839793284,2337.152454780362,2373.3410852713178,2375.9328165374677,2361.708010335917,2030.3979328165374,1734.1007751937984,1354.0,967.0,580.0,193.0,3870.0,1057.0,2.040830933378516,0.08002760510341668,0.9369319244316657,1.1879420321336893,1.3784772736585393,1.5572269081339385,1.7762735904183549,2.0200269359241734,2.2907380682060454,2.73285966767631,3.4426987864160488,9.02111273127365,1.2761146215969779,0.284463635326829
35510,14.375896499105703,2.181153169023285,1.0000000000000002,0.6244645683516222,1.1901469254238661,1.1346676451403797,0.7585796311709699,1.4096559709781404,0.7227350451098643,0.5274046965638197,0.7027813952238458,0.6369574810784777,0.6952529106927107,0.4985481633055444,0.7450862384382766,0.45842683543001644,0.7165697685168304,0.6566559305972768,0.6043226269104706,0.5083295380358747,0.894547399140116,0.546411787271078,0.9819721183731529,0.7883783440651855,0.7203090681826214,0.696604092480647,20991.0,31973.0,5.878787878787879,32.0,0.005161290322580645,0.4144609425435765,0.6733376371852808,0.5585752269474563,838.0,13.46741250235065,0.008423732898918642,-0.0010687951675174181,-7.88152225508763,0.007872655474552886,0.12907970628062135,0.017995839162698198,0.003816028352408664,5.595839738678046,8.465682836608183,9.673825582790883,10.518025554263492,11.211244288014734,11.772143995948399,12.239639576773959,12.602414474086025,12.927399917215734,13.189670822584048,13.389921168409876,13.519665331386648,13.711727442091796,13.928766774809063,13.937070616708661,14.162355697202223,14.36284116572721,14.375896499105696,14.375896499105696,14.375896499105696,53.65584415584416,156.84516129032258,242.20645161290324,330.2903225806452,411.52258064516127,508.6774193548387,612.8516129032258,689.2451612903226,755.7806451612903,805.5032258064516,817.2516129032258,764.6129032258065,759.6387096774193,776.4451612903226,628.2064516129033,583.9935483870968,534.9935483870968,387.0,232.0,77.0,1550.0,421.0,1.9780877483896915,0.34549339844495897,0.8763190040131048,1.0846767049179686,1.2640368448287673,1.456356767745282,1.6979433674102244,1.9894140612524467,2.3101179310345223,2.733807189301686,3.496756096945924,6.307224119744156,1.1870138768630756,0.873864460317418
35511,28.401686697825397,1.126333261067895,1.0000000000000004,0.8447190665174369,0.8342003863833384,0.9778186442288301,0.6671961755681242,1.0344376287453927,0.9018131766339058,0.818670877415709,0.462171887061995,0.9222703841417679,1.2270317297886226,0.4467856487611878,0.9246008861491977,0.8196369477382455,0.5413452590415867,0.9455750221232452,1.228479685214497,0.5233232473359963,1.069059078350742,0.9748164994969493,0.6733781440345344,1.093310180431127,1.4610642794330817,0.6509606044119203,102547.0,147983.0,25.894736842105264,198.0,0.002124782692679158,0.45865533230293665,0.6848918083462133,0.53432559845006,1166.0,23.722602951199704,0.01170860704618898,-0.0032587060236746886,-3.593023415160886,0.005269581421321001,0.04608930115124563,0.006561977614269355,0.0026809746112235935,7.658972094363184,13.28702045054816,15.738604522961044,17.240886243349195,18.374845830954804,19.34623072344072,20.189101180835618,20.866452266618463,21.503649597250444,22.09978150605352,22.650791589076494,23.14171827034,23.58992583703807,24.042058493449364,24.481704626345774,24.90856236078231,25.303771013365914,25.793601947913594,26.3457470533383,27.269385014034608,72.61508704061896,188.9015444015444,331.6924564796905,495.8166023166023,622.530888030888,724.642166344294,853.1911196911196,959.2413127413128,1013.027079303675,1069.4266409266409,1092.1293436293436,1126.36750483559,1153.0559845559847,1114.546332046332,1065.916827852998,969.6891891891892,823.9131274131274,648.2862669245648,460.44594594594594,172.9208494208494,5177.0,685.0,2.6849367937224917,0.26185976318247633,1.4907715163123085,1.797148247842225,2.1370461485090337,2.412837329409,2.62834687737939,2.924308575369179,3.166886859643421,3.5158566652722043,3.914906063564525,6.84884033786525,0.9480116898017985,0.0753748437622562
35512,17.107966374025864,1.4272066852843452,1.0,0.5938406913369226,1.2878923539900138,1.1478464668622408,0.7424920359743218,1.5090115239996442,0.3124471043850272,0.27046741452056106,0.06163448422759849,0.2722028715557528,0.3642697852855015,0.040844276698587374,0.8253566657533256,0.4585605512425427,0.9177360506847104,0.7190479646720741,0.6175965923200845,0.6081703393836553,0.864104036419801,0.49853331139440654,1.0467763236109882,0.7528045443062785,0.6714325369701982,0.6936834523546256,56125.0,75115.0,6.7555555555555555,50.0,0.003487020534676482,0.42403100775193797,0.6841085271317829,0.5390792698274678,1312.0,16.06996275849449,0.005444813056013331,-0.000581802571341708,-9.358523533948853,0.006077813832845549,0.161715484859189,0.019765162860669146,0.002523058944314446,8.009555729396519,11.420215997251919,12.812659477648051,13.689429238019015,14.293545809070372,14.748930876550817,15.121320181300549,15.377324708952955,15.615618206107765,15.91723708826172,16.123999942410318,16.284631315200496,16.472284289177928,16.671101689282878,16.937161599564433,17.10612869522054,17.107966374025864,17.107966374025864,17.107966374025864,17.10796637402586,88.13565891472868,265.1434108527132,439.55426356589146,616.7558139534884,799.7093023255813,980.3527131782946,1124.4767441860465,1174.2674418604652,1175.9108527131782,1271.2829457364342,1257.0813953488373,1203.531007751938,1164.0116279069769,1149.1434108527133,1222.9961240310076,1158.7558139534883,903.5,645.5,387.5,129.0,2581.0,873.0,1.8584511387724958,0.273487451698852,0.8889329038285394,1.0828937909375504,1.258314107900283,1.458436389198722,1.6326120085464486,1.8352845305494956,2.083791621902126,2.3700376047852694,2.986863050851591,8.725807523149243,1.0631406763239808,0.791934934777673
35513,18.648037022582802,2.4349104844225486,1.0000000000000002,0.6443707012743127,1.1159887637253127,1.0940278765442624,0.734626239371406,1.2853959075405168,0.8852931672792287,0.7835184800386703,0.5333264860106638,0.8092053102665262,1.0665538991761303,0.414912232785254,0.8816649526044427,0.6209647515334201,0.8333811041969558,0.8058889279762993,0.845279841984351,0.6483458515062114,0.9084056032302817,0.5697722192030173,0.9405694165198484,0.830331313037186,0.7755947019950601,0.7317351883588449,97924.0,162852.0,34.51428571428571,160.0,0.0010780218299420562,0.3967654986522911,0.6598382749326146,0.5794714394907243,4287.0,17.80099367087149,0.0015989589244693396,-0.0001769716216100762,-9.035114838877082,0.002185057484927258,0.13700589440235963,0.009550657459914375,0.0009224890269132617,9.916123444894403,13.14199300445669,14.426663252556077,15.281158111178739,15.88810071351321,16.369305158312553,16.775970105555803,17.10604601144871,17.37788288527368,17.61904987913416,17.813365396596854,17.992498770211366,18.171841743360183,18.2429323479034,18.313806239273966,18.51502624510584,18.648037022582795,18.648037022582795,18.6480370225828,18.648037022582802,265.6590296495957,747.855795148248,1220.766846361186,1726.6536388140162,2239.855795148248,2739.3382749326147,3190.823450134771,3617.653638814016,3919.5377358490564,4149.028301886792,4234.556603773585,4219.915094339623,4180.871967654986,3703.8450134770887,3164.8396226415093,2963.257412398922,2597.5,1855.5,1113.5,371.0,7421.0,2166.0,2.1956941747331973,0.5109210028540517,1.086544789721274,1.3242868594306907,1.5049477228331258,1.7166828311474553,1.9310014595385998,2.1839719623486795,2.4594720711313984,2.91780935396218,3.6061993692283085,10.734039442564404,1.2920178602960057,0.155322731949855
35514,14.898068149683537,0.23334775326461749,1.0,0.7441854360211236,0.8820286690570802,0.9495148730769581,0.6727132372884748,0.9835071082465686,0.43409185943368267,0.32619762356620297,0.15159880313149118,0.45717225895259833,0.4848984760297232,0.15414103452873554,0.8520835376831506,0.7903291775613079,0.3263299788305784,0.8973882999030066,1.1748381535450547,0.3318023592248063,1.5442259044319298,1.4946066524716746,1.110936426712834,1.6263314543223277,2.221758945157717,1.129566240444821,4593.0,6639.0,2.642857142857143,26.0,0.0169971671388102,0.4147727272727273,0.6789772727272727,0.552140224140182,98.0,10.946273282734776,0.09824771568793757,-0.043982189795271076,-2.233806823745303,0.04166113748982648,0.0867669414136728,0.03149933162765227,0.03531677974375257,2.105373107615533,3.891661906144569,5.051890130825432,6.085882276761943,6.814269503779082,7.552883314144471,8.146168304777625,8.668271539422763,9.183463067325464,9.74151422365365,10.270079636340146,10.817187955229109,11.34396566239256,11.932567629655392,12.528588997232154,13.074023315742927,13.458041585532849,13.99060628483833,14.308788990099655,14.724277463462974,11.0,22.97142857142857,33.285714285714285,44.22222222222222,48.114285714285714,52.885714285714286,66.74285714285715,74.33333333333333,77.91428571428571,83.88571428571429,88.82857142857142,93.83333333333333,87.14285714285714,78.88571428571429,76.74285714285715,73.27777777777777,66.08571428571429,55.2,41.457142857142856,14.722222222222221,353.0,52.0,2.107933064312914,0.5121028078799768,0.8945741801636703,1.124198172232902,1.3590426329570109,1.612927902776141,1.8487768069387753,2.1477813930668512,2.4166538417228542,3.056898596674714,3.5435575416860954,5.2113800035889035,1.2987356909485612,0.925108886607923
35515,15.985064781448235,1.4522301925831007,1.0,0.6728983682431423,0.9378444470729755,1.0195206251304965,0.6682888573685063,1.0818596739362152,0.6166512957042425,0.4173755145857807,0.40060420606329333,0.604844355772903,0.6245435786992817,0.37029220675704044,0.8637462391003384,0.6181924959841564,0.5915717910106802,0.8472082053168671,0.9250378622477528,0.5468100949343255,1.0147825177207526,0.6948300604093189,0.8382201974114946,0.9953526124994897,1.0397151662012185,0.7747956760064196,12851.0,21579.0,8.222222222222221,70.0,0.005016722408026756,0.38744769874476986,0.6418410041841004,0.6079592906288995,577.0,15.384218525285263,0.014196732227119382,-0.0013899968050001953,-10.213499898740693,0.012161367856790907,0.20965538075341952,0.025888722246351633,0.005479208161568978,6.054782470773074,9.276270465478012,10.67359925076889,11.62665800680941,12.375171824778118,12.891851049208913,13.263747580513485,13.705531945037807,14.041691517273225,14.349744011621526,14.596063577929625,14.862992512365464,15.15029318921183,15.379059442612675,15.388146866169222,15.562156758870698,15.852780087870315,15.985064781448227,15.985064781448237,15.985064781448237,33.05042016806723,89.23333333333333,162.48739495798318,246.35,317.0840336134454,371.05,388.43697478991595,453.85,497.3193277310924,520.1333333333333,516.1,524.3361344537815,544.5,539.655462184874,425.51666666666665,378.9579831932773,371.43333333333334,299.0,179.5,59.5,1196.0,280.0,2.522442037334079,0.3578753708609187,1.3137254101592681,1.6285961788588337,1.8785827538775695,2.0768748295431463,2.3426829323887963,2.644112827238559,2.9489908316877558,3.339331310703165,4.1527605215686245,6.618186947353887,1.1452074905883944,0.618667463806924
35516,31.398204345416442,1.4671596769098088,1.0,0.8336126906593246,0.6984317041573549,0.9298767714797976,0.6965921623690599,0.7495829044403317,0.7997563785022174,0.5183524254232211,0.647354521564517,0.8600670573042621,0.7441261234699251,0.8636196446447209,0.9023161837206171,0.7529952015709386,0.6106574031193983,0.9703610321232985,1.0809699595385283,0.8146629272119531,1.1535545378735208,1.069770774847319,0.6212447127669662,1.2405456005076505,1.5357203721745958,0.828787194967863,12834.0,16296.0,3.0526315789473686,30.0,0.009884678747940691,0.47194719471947194,0.698019801980198,0.5192320828756214,144.0,27.750027503925562,0.13006505710787367,-0.023878721732872983,-5.446901997639921,0.04939116281931788,0.24016473441649877,0.06768811846055547,0.024433549078314246,4.50283872845176,12.115313516678802,17.596706455346936,19.385562098768045,20.410142386606108,21.326466279976934,22.381225425263406,23.452106320305184,24.301468628444148,24.97570148215495,25.60057988880035,26.210825544340196,26.73817200438677,27.250178817662043,27.84841704113267,28.383199692585563,28.875020924295224,29.419960862236135,30.021223754871762,30.787870286743317,8.033333333333333,10.918032786885245,22.2,45.721311475409834,58.52459016393443,55.3,59.721311475409834,73.37704918032787,90.63333333333334,99.19672131147541,107.27868852459017,120.4,127.0327868852459,135.672131147541,140.33333333333334,124.73770491803279,118.42622950819673,95.9,67.62295081967213,23.311475409836067,607.0,72.0,2.536711843915851,0.7232893471099257,1.1805903638168886,1.3615464747345465,1.5529358783516756,1.984703822785347,2.2180823515561303,2.5627904924781566,2.9870863825469507,3.8312920113835895,4.397548752914945,6.382487173602273,1.6568739972873834,0.462645998145454
35517,35.625243640056595,0.16532260811646507,1.0,0.8071968563128845,0.7821511361215079,0.9199685848695953,0.6418008641893274,0.8387131812468934,0.8180303360005801,0.6166278461278059,0.5294593370988786,0.8891937718900859,0.9607775254504868,0.6312758031437457,1.119216391181138,1.0110900128232818,0.7806616566727342,1.2165810980815022,1.5753952187341032,0.9307850098553888,1.0992125141410618,1.1632886284741295,0.6934245855596674,1.1948370109799717,1.8125382706417896,0.8267720134417952,93245.0,123507.0,8.6,76.0,0.0028720626631853785,0.47114129015408723,0.697310002611648,0.5022974954523566,566.0,29.271373507526263,0.04280723826172674,-0.009913710938770795,-4.317983298697474,0.009260883006513483,0.03437875288878507,0.00993400989404644,0.0050942686970105715,5.536271683508599,11.741446135812431,14.62640044200086,16.98236689336409,19.21044720915606,20.974689758060794,22.647423038063838,24.137784428523066,25.312586458197853,26.366627450123342,27.23774583351925,28.096858400758258,28.850124890784233,29.5371984957905,30.192246153733354,30.886893905388675,31.46630645652674,32.208719049524674,33.09779445072651,34.44690610508383,43.99738219895288,108.59268929503916,174.01566579634465,203.088772845953,212.5378590078329,257.9190600522193,299.3524804177546,349.21409921671017,390.3237597911227,452.4569190600522,476.3289817232376,497.62140992167105,541.0913838120105,545.7780678851175,542.2558746736293,541.5639686684073,458.8041775456919,390.7075718015666,273.20104438642295,118.39425587467363,3830.0,394.0,2.3955021957354368,0.040797094494402456,0.999918920325635,1.2677449560986322,1.556820514250489,1.8508667851798712,2.170893042237691,2.5595473104643345,2.9687454803123603,3.4973153188696675,4.082134067958366,6.503772152482653,1.5151167686245504,0.118103686212562
35518,19.07344033432973,5.648829132436553,0.9999999999999999,0.6102837042187246,1.2944884205321028,1.1359201953650344,0.7362073232647028,1.5824708094383502,2.4068729396457607,2.2849809256712765,3.259235820800198,2.118875031420934,3.1037193647280703,2.0595866927598903,0.7363570188749115,0.5011632801697978,0.5703346826565276,0.6482471408462624,0.6807366136313275,0.36040771131756333,0.8690353697729133,0.5558488286175375,0.9842264190293697,0.7650496692627635,0.7550167066426782,0.621955497162498,16964.0,26810.0,7.806451612903226,56.0,0.0043541364296081275,0.40232389251997097,0.6579520697167756,0.5685594893037313,720.0,17.446732151493684,0.009540303822175475,-0.002424666928001108,-3.934686332378232,0.009749172986124313,1.2286599690184112,0.052047973434435506,0.005091209576389395,10.38908088855089,13.274401901539536,14.360807484344162,15.196600989838192,15.882008763306695,16.343491775772105,16.761323313109312,17.085572366231418,17.358249300788472,17.473372927721925,17.58020407586689,17.785812634297056,18.116521631369377,18.39190103594749,18.577787604736642,18.7478767098558,18.91662276656032,18.94803222914263,19.03833324164335,19.073440334329725,52.496350364963504,144.3840579710145,238.8913043478261,323.4710144927536,420.2846715328467,492.90579710144925,581.2536231884058,642.4855072463768,697.8686131386861,632.5,556.572463768116,540.2536231884058,575.9635036496351,594.0072463768116,562.731884057971,506.9492753623188,449.4744525547445,324.5,200.8913043478261,68.5,1378.0,453.0,2.19453628224099,0.27895644873329506,1.0854792987858648,1.3885071770596695,1.5825788855535776,1.7348563008828215,2.012019047293066,2.251004215933522,2.5301307553137047,2.934237479131619,3.4940306392601133,7.687465047944431,1.0228449942433322,0.924106396215502
35519,26.601406823152644,1.9398372553147603,1.0,0.7062261179159012,0.9422917088805214,1.0131455085530017,0.7149566747009269,0.9857071465910502,1.0343981033269791,0.8614935518561486,0.8766477164132572,1.0209768434983548,1.2049591007965894,0.8893591970445158,1.0149069771091308,0.7988676394172729,0.7247731312390769,1.0017386135962296,1.1173651043281003,0.7352824150110079,0.9793671006553221,0.6746992181733731,0.9369034849338915,0.9666598651304068,0.9436924530505377,0.9504886803084057,26053.0,36705.0,6.578947368421052,50.0,0.0059210526315789476,0.4470046082949309,0.6965108624094799,0.5390384701246388,474.0,26.587619137851554,0.03433745675791031,-1.2819509498237275e-06,-26785.31246662115,0.01623539800384324,0.26712289017928226,0.033027403253234465,0.007260741629614659,9.4328844549097,14.496558454351089,16.60761891862867,18.294361928571977,19.497351732064974,20.53391286609356,21.335757028883755,21.943833510068302,22.433911969553527,23.020658999826853,23.6643251881835,24.139163826041557,24.685027351083352,25.208006789052167,25.62621851624919,26.00117495588068,26.424642717477386,26.601406823152633,26.60140682315264,26.60140682315264,27.31788079470199,76.4342105263158,109.1842105263158,147.8684210526316,177.57894736842104,212.8815789473684,246.60526315789474,269.0394736842105,266.92105263157896,255.57894736842104,322.11842105263156,336.14473684210526,342.0921052631579,386.80263157894734,417.25,442.35526315789474,450.92105263157896,379.5,227.5,75.5,1520.0,306.0,2.249964600299433,0.3989990993634207,1.0842518221873352,1.368811323904456,1.5837926106980178,1.7860567868926183,1.9517011120319618,2.233282842434196,2.6240061704947313,3.0221462952452045,3.8729021672111914,7.939838531741186,1.311888876558212,0.477500974589493
35520,19.532678770446,1.0904448421350474,1.0,0.7803496094209965,0.7520906243699139,0.9388486118531073,0.6711114563615799,0.7715486203534905,0.9001518683250959,0.53600958827555,1.0387425599313214,0.9587827653580576,0.7986893729716931,1.3463086220741527,1.129803781767134,1.0284249658502937,0.7389722170660791,1.2033929299177615,1.532420518382868,0.9577778996319295,1.0862284276887777,1.0687167601870708,0.5639810577274527,1.156979319109575,1.592457929389407,0.7309728030737204,5596.0,9692.0,5.52,40.0,0.015503875968992248,0.4409937888198758,0.6708074534161491,0.5392737748530753,143.0,16.745514611848595,0.1291027446987885,-0.02210813717743151,-5.839603023206293,0.028637009205451792,0.04870058455861219,0.03218417291984031,0.02117218559885846,1.2273470854965467,2.983857032846793,4.64790912706152,6.549120780229908,8.092876007601426,9.608195822645,11.016731730887795,11.95078916454617,12.642733198684684,13.450079898389838,14.163860938120653,14.748012323469053,15.263102623716577,15.870885198113287,16.400509819557982,16.82538970052706,17.27649346783566,17.848557368611225,18.53987937362416,19.392367685799936,26.53125,49.875,44.83076923076923,46.71875,52.47692307692308,49.875,64.52307692307693,75.125,88.6923076923077,99.875,105.9375,111.1076923076923,115.71875,122.23076923076923,134.46875,137.72307692307692,120.34375,96.26153846153846,61.0,27.692307692307693,645.0,72.0,2.1466625744791354,0.3077982304345308,0.6794709011130009,0.9824507454550844,1.2284238048226188,1.6327063766410845,2.095689831224228,2.3513094369721887,2.563074694138689,3.1150527588030257,4.062082410233168,5.4652628377644845,1.6193241300204915,0.555688194415998
35521,20.103478512808753,3.983795535231143,1.0,0.6018607936282561,1.2132299338487587,1.162261132835178,0.7611710408465129,1.449938739751686,1.6525658548925173,0.5990266953965171,4.546565079596662,1.421854184232512,0.7869804068351419,3.1356946020873258,0.8220484001852421,0.5040906987896849,0.7887253366473899,0.7072837393950934,0.6622568013479283,0.5439714899834083,0.8350026618125197,0.4994648055847759,0.9133485866204017,0.7184294804521634,0.6561794639865851,0.629922190213926,52605.0,78635.0,13.675675675675675,76.0,0.0027820710973724882,0.4168212739641311,0.6700680272108843,0.5533400227021719,1804.0,19.306051140321692,0.003799940230810138,-0.0004861956719786808,-7.8156603396847215,0.004984441242293634,0.4820713874609978,0.030592234959623633,0.0022233950194983417,11.259753806567783,14.61433259262173,15.808282004443411,16.590961568019168,17.202466547417842,17.69632912274884,18.088764805288097,18.419125041635287,18.718452081838308,18.977451796298162,19.16195411266885,19.308233021427796,19.446652652201728,19.610260193843455,19.78305241662346,19.926292083069043,20.0146918266356,20.092524642955855,20.10347851280875,20.103478512808746,107.12383900928792,329.08978328173373,557.104938271605,783.0557275541796,1000.395061728395,1211.1021671826625,1357.9197530864199,1519.421052631579,1656.1975308641975,1768.0557275541796,1759.7616099071208,1671.0493827160494,1552.0495356037152,1479.3395061728395,1388.9009287925696,1263.1728395061727,1046.0,797.4691358024692,485.0,161.5,3235.0,1096.0,1.942881561170863,0.31540747317931106,1.021144161052438,1.1992272470037646,1.3948313739705505,1.5778041843819828,1.7448303965372478,1.9358714441419373,2.184375813601516,2.5216866506429634,3.034721512902192,8.736646387524342,0.9077758200340184,0.537767018026207
35522,15.083578219917287,2.262219278833173,1.0000000000000004,0.6366163855833111,1.1206771007715204,1.112025395563633,0.7647285079948932,1.2527637072848568,0.673595903781044,0.5380907584093356,0.30599996059167095,0.6057378783509078,0.7036363268582749,0.24425991814120446,0.8997043673708466,0.5457045724006108,0.9554217216263073,0.8090681840182518,0.713592558268084,0.762651181599932,0.8895804380640651,0.5469546388942675,0.9742568040292546,0.7999641389603147,0.715227212240818,0.7776860060392263,22073.0,30447.0,3.55,28.0,0.005335365853658537,0.39359267734553777,0.6674294431731502,0.5622002707271487,803.0,14.303965627576881,0.0088509952284876,-0.0006083200309636332,-14.5498993588405,0.009779831381452414,0.28993616384328535,0.030273474666538427,0.004436213248127377,6.506339916017394,9.681198600675787,10.965974332262107,11.878578018627636,12.503823006606765,12.986854764590687,13.367101356224065,13.676274689803908,13.965482011873117,14.214041544828673,14.376987940913303,14.547619912123023,14.748687732175199,14.948620225309035,15.08146229698234,15.083578219917282,15.083578219917282,15.083578219917282,15.083578219917284,15.083578219917285,47.94656488549618,132.25954198473283,218.26717557251908,308.21374045801525,394.0687022900763,471.1145038167939,553.4242424242424,641.2748091603054,714.824427480916,779.4885496183206,769.9847328244275,742.3435114503817,754.2900763358779,763.530303030303,719.763358778626,590.0,459.0,328.0,197.0,65.5,1312.0,398.0,2.050804296800549,0.5079502419414988,0.9717531254571057,1.2533546698153308,1.4250399701120933,1.603924411496095,1.7697265087257832,1.92096213076899,2.1600944749598394,2.649344185015099,3.4057475576126364,9.110641039508065,1.3895247017010388,0.725085591536481
35523,13.58260348599784,2.3480283831193485,1.0,0.6672568156359139,1.061655195645137,1.0390523398456675,0.7032561314259691,1.1118125136322523,0.5621243963644456,0.39376773825546724,0.43088651641025283,0.5409971902358056,0.5599208036153733,0.3875532170460663,0.9037137037981988,0.6783188524105963,0.6068930756018867,0.8697480089717418,0.9645402607940178,0.5458591877322808,0.9932292038684915,0.6424564376223967,1.1258207334604708,0.9558991070806094,0.9135454479717213,1.0125994442916046,12149.0,21035.0,6.620689655172414,38.0,0.004862236628849271,0.38929440389294406,0.6585563665855637,0.5842324780490675,705.0,13.581106858150255,0.011738225831928973,-1.7990405713034023e-08,-652471.435006307,0.009111577536803318,0.10756219484226962,0.018793360433457248,0.004756419053279744,4.607005111089206,7.075476519089826,8.486336470102453,9.45996238903369,10.273213926715611,10.836390551249522,11.258462996063225,11.538837534032433,11.971651330247417,12.32119549307477,12.65313962248445,12.910064481459782,13.18845314270413,13.395340228784997,13.56899265354614,13.582603485997831,13.582603485997831,13.582603485997835,13.582603485997835,13.582603485997842,44.75609756097561,110.47154471544715,163.91935483870967,226.1382113821138,294.2764227642276,368.7741935483871,446.739837398374,446.2276422764228,506.43548387096774,544.9024390243902,585.1219512195122,607.1612903225806,647.3739837398374,678.0162601626016,671.7096774193549,555.0,432.0,308.5,185.0,61.5,1234.0,279.0,2.2062089504875324,0.44508572713444855,1.113797109600611,1.3775064322986537,1.5942428324936346,1.7960491028711438,1.9862142340124898,2.198636740447053,2.427072630808858,2.9459657439418874,3.5611690774104243,7.224295342770997,1.0785163044063275,0.819054453533609
35524,24.399416881198675,1.113742388293764,1.0,0.8670814598738463,0.7300176757208434,0.9524144065086768,0.6962051864284001,0.8563372578286287,0.7700504607217953,0.686927371995994,0.31800640096308636,0.8085245828489889,0.9866737355405204,0.37135649308245583,0.9061355097008514,0.8476064996410059,0.5103770350690318,0.9514088652045146,1.2174665115456969,0.5960000343359685,1.1274211191726655,1.157567959944287,0.6358768519394369,1.1837505937205648,1.6626821840881745,0.742554228636271,58853.0,89041.0,21.314285714285713,154.0,0.002200825309491059,0.4383599339570721,0.6719867914144194,0.5633015679570716,894.0,20.354542221295326,0.013156216671017764,-0.004389617546855501,-2.99712139624606,0.006407725507128485,0.053899184817081704,0.007579652786378785,0.0033599589607064173,6.597132126526876,11.664262936024866,13.315488463754393,14.650742312373291,15.693367999146561,16.486136224232123,17.17902477940823,17.860200748252883,18.405959918860976,18.882462969673348,19.312824208027408,19.79452092747974,20.252559684906004,20.698984658543647,21.130307228148222,21.549188826292774,21.987905708727986,22.46286189462692,22.949182477581584,23.90899709331683,51.33057851239669,161.03581267217632,290.93956043956047,409.06060606060606,510.86813186813185,596.3030303030303,669.7032967032967,741.6225895316804,807.3076923076923,843.4214876033058,849.9090909090909,863.054945054945,876.396694214876,821.7692307692307,762.7575757575758,715.0604395604396,616.0055096418732,503.81868131868134,317.5564738292011,129.14835164835165,3635.0,460.0,2.707401798955996,0.6031304971491307,1.3271430669505142,1.7050465377381752,2.0188570141238307,2.2914385905291357,2.558558332445047,2.9014033730399107,3.2114401101023806,3.630433592490296,4.343146270608632,6.040889921753844,1.252596801401134,0.094675794695504
35525,23.92254271794535,0.1405768957392223,1.0,0.671670203926097,1.0693223889435506,1.0617683524071493,0.7186620832899818,1.1963903280491797,1.8200522083268644,0.8054044558569872,4.5945215104846095,1.7141707079520685,1.1206998039605836,3.840319837737558,0.9965985321852574,0.7489533722762483,0.904485821967433,0.9386214327502374,1.0421495577554267,0.7560123153471804,0.9333939506333435,0.6194705685535771,0.9256915534594047,0.8790937764506105,0.8619775315231418,0.7737370753981493,28009.0,45707.0,11.777777777777779,74.0,0.002172024326672459,0.3867883528900478,0.6445023902651021,0.5924721318983985,1451.0,23.404771741772667,0.005323115319379685,-0.0002281295045649165,-23.333743390763118,0.01033549144815564,1.9586477020946071,0.06802073569289473,0.0036166264264500076,14.643370442422892,18.20933425667651,19.54810206729514,20.437473141798254,21.129532042954754,21.645851121945974,22.054612923175895,22.433067514444737,22.76996406202624,23.0738824112196,23.310177179235392,23.495364615962195,23.616032792832097,23.78368890127458,23.92091544051264,23.92254271794534,23.92254271794534,23.922542717945348,23.922542717945348,23.922542717945355,70.40434782608696,218.77826086956523,356.38695652173914,476.59565217391304,617.0304347826087,756.6739130434783,880.5238095238095,1019.8739130434783,1173.4130434782608,1302.6913043478262,1406.0217391304348,1410.0565217391304,1327.9173913043478,1327.012987012987,1264.0826086956522,1035.5,805.5,575.5,345.5,115.0,2302.0,614.0,2.290143731805198,0.21390204014411981,1.0172564930391907,1.2816784879787728,1.5711998188319287,1.8075012286302878,2.074156102076617,2.395689964621546,2.718292242299842,3.1395844076102564,3.8179719460238863,6.675808185074461,1.304559616929218,0.747135005777236
35526,22.600907276140514,2.611003897906029,1.0,0.6757246728625639,1.0973251243165207,1.0310419235646024,0.7064927300899215,1.1452884126392815,1.0827598709453141,0.5886603657165076,1.2042304459669335,1.0501608578649335,0.833215036256047,1.051464794960967,1.0726767093436205,0.714125777949455,1.6726754479852495,1.0403812733773956,1.0108041421156053,1.4604840401123251,0.9621526470415124,0.6478659882555705,1.0093743308112113,0.9331847959344656,0.9170172043711065,0.881327637363535,35202.0,55180.0,13.090909090909092,74.0,0.002296211251435132,0.3832312404287902,0.6424196018376723,0.5991290506235085,1669.0,22.599682501356984,0.00479736906545246,-2.6333862684231963e-09,-1821749.100379794,0.007653102365327138,0.4653610826475345,0.04688278471928154,0.003067465135760881,12.997494779758684,16.92941796658428,18.26009317329615,19.09858981578256,19.86101466095807,20.368204361440576,20.845453398129667,21.217059768866363,21.42221560251854,21.62863650024821,21.8990429517343,22.13543885334863,22.375276868531312,22.554005902240764,22.600907276140504,22.600907276140504,22.600907276140507,22.600907276140507,22.60090727614051,22.60090727614051,79.95402298850574,236.4712643678161,399.7701149425287,556.2251908396946,724.5708812260536,911.0727969348659,1081.2375478927204,1255.3473282442749,1274.704980842912,1302.655172413793,1411.6091954022988,1483.0114503816794,1583.8122605363985,1624.2758620689656,1437.0,1175.5,914.0,653.0,392.0,130.5,2613.0,678.0,2.3738209646391097,0.4818548540462893,1.083857099789683,1.3859709865116643,1.613396546300957,1.8871766365861755,2.162297454584815,2.4264568941929627,2.788858662367121,3.2332533915696593,3.9123054390047436,9.13769017488804,1.4178628548549725,0.734367165761068
35527,19.697939773297403,3.5977762475200126,1.0,0.6370006256276384,1.178762176342696,1.1116624817064615,0.735667223925668,1.3382473039276408,1.0092487398583674,0.5671386517898156,1.4885600756727393,0.9078733486706473,0.7709173840360183,1.1123206236275938,0.9138317534887066,0.6525179021815325,0.7518658215341288,0.8220406539995178,0.8869742744546454,0.56182875865131,0.8843770827780209,0.5422143290373161,1.0188936403619777,0.795544598591161,0.7370374965788902,0.7613642391593934,51200.0,86876.0,17.444444444444443,86.0,0.0018744142455482662,0.41481134286383875,0.6704944926177643,0.5630787027856102,1890.0,18.75700520837793,0.00416696772029315,-0.0004745780876312206,-8.78036266084659,0.003773181046584811,0.2337470789027019,0.014677170915233247,0.0017308656582172971,9.957040745787928,13.351876915657144,14.771240769936796,15.67075308747586,16.347820529420478,16.824196836792968,17.252935348625655,17.553074617389015,17.78406130489503,18.052611161970223,18.239309610628084,18.534310638180745,18.749657332531804,18.93034770953761,19.174414509511152,19.418578848604238,19.658450852211722,19.697939773297385,19.6979397732974,19.697939773297403,139.17136150234742,413.2576112412178,682.1498829039813,929.0327868852459,1189.5704225352113,1420.6042154566744,1626.377049180328,1721.967213114754,1677.8474178403756,1762.3067915690867,1645.35831381733,1762.6768149882903,1758.218309859155,1629.8548009367682,1583.969555035129,1526.72131147541,1438.8755868544602,1067.0,640.0,213.0,4268.0,1257.0,2.125468726980172,0.34666470159775575,1.018820263924057,1.2480090901153227,1.4102020334816072,1.5983959783303174,1.807422442998629,2.077138671784948,2.3807720232369434,2.804268508743015,3.593215309488667,8.16080860422475,1.3706476603244084,0.252383922485169
35528,17.976543651710728,1.573544588271432,1.0,0.6236911424087073,1.1560520766720048,1.1167738413335748,0.7270912101828442,1.3629431457083554,1.1071776595766207,0.5686254994020942,1.5123223480200298,0.9914072291078245,0.7820552517188317,1.1096004648337978,0.9776327621417056,0.6324486252395205,1.192187455771011,0.8754080064897325,0.8698339580813753,0.8747154710928178,0.8713452599306827,0.5447637841933245,0.8868848107514646,0.7802343032051877,0.7492372023811578,0.6507129908860054,23181.0,36897.0,8.705882352941176,52.0,0.0037095919448860626,0.40668080593849415,0.6670201484623541,0.5626909180038696,1099.0,16.91280522518369,0.006624221482067518,-0.0010872768998362915,-6.092488015762048,0.008697242345407898,0.3601883641353768,0.032300009757921244,0.0035227262530979986,9.257784719143595,12.45844960353607,13.572007388319596,14.376251290277223,14.982525091698456,15.481412357765105,15.932473970949024,16.33930930636507,16.656441189436727,16.885056509818856,16.966711914772574,17.186987323148223,17.266908631322135,17.501533685657964,17.66901206276804,17.79298194727409,17.903265533963513,17.974977088067032,17.976543651710724,17.976543651710724,69.07446808510639,202.02116402116403,323.9574468085106,444.69312169312167,556.3809523809524,662.7553191489362,779.1693121693122,899.0370370370371,1011.5744680851063,1055.4761904761904,949.925925925926,964.3510638297872,843.9206349206349,859.2698412698413,806.9255319148937,725.2645502645503,622.8783068783068,470.74468085106383,283.0,94.0,1887.0,562.0,2.074110877263968,0.3626224139761806,0.9480978666874672,1.1644253196957426,1.3795382957271147,1.575709679417049,1.73687429065036,1.9669087237355438,2.295511397959426,2.7917255216419767,3.8015079738925497,10.456178558181877,1.4878706607630159,0.499096514284611
35529,21.007661973748313,1.340362217646773,1.0,0.6383616891703127,1.1663390315431406,1.0649226950671942,0.7076352305705689,1.1905730963140835,1.2508692569066537,0.6896587325736083,2.8090736159316014,1.1746103850549703,0.9745963778789447,2.3594297776661195,1.1460806838276183,0.7152914420280285,1.5085390898334776,1.0762102161371472,1.0108194322819208,1.2670696948417453,0.921459789204485,0.5766269310953916,1.0979921791536105,0.8652832674829444,0.8148646452077509,0.9222383594530265,39021.0,62789.0,12.4,70.0,0.0023171135385633896,0.39403973509933776,0.6589403973509934,0.5797824907012616,1916.0,20.982955832431394,0.0036214921954049765,-8.67894608940101e-06,-417.27326775628336,0.0065123509126164035,0.3492098190310595,0.04526914989626614,0.002454387684819896,11.99163960835513,15.794390559818355,17.065611619564812,17.937228893883486,18.577723099449013,19.038846148891643,19.43228228445298,19.753803971698304,20.03002088718207,20.253642454113063,20.43467088804688,20.594660997207903,20.75331210294524,20.943679931228186,20.99745488651761,21.007661973748302,21.007661973748302,21.007661973748302,21.007661973748302,21.00766197374831,98.40066225165563,307.5198675496689,515.3013245033112,720.3476821192053,942.9966887417219,1159.9172185430464,1363.4337748344371,1559.4205298013244,1711.4271523178809,1802.4735099337747,1861.5397350993378,1836.9900662251655,1824.7649006622516,1858.4006622516556,1644.3079470198675,1359.5,1057.5,755.5,453.5,151.0,3021.0,854.0,2.1812589023819045,0.49826315428507056,1.0147290310212551,1.2985059577389046,1.4978109366185914,1.737217658651742,1.9296082320085342,2.1576647304997065,2.470592568957556,2.9595824886465585,3.690245357077792,8.97132723904614,1.2072273500402004,0.41897233998403
35530,27.4591387313476,3.9992830971770372,1.0,0.6114577172687189,1.2610074292130122,1.1563375544438506,0.7458705543678626,1.5780618787118557,2.1312315328022566,1.0433918047117041,4.339559787425265,1.8430877079204513,1.3988912668579543,2.7499300540531224,0.9566295280026593,0.4473682558156823,1.8316121525184603,0.8272926225791893,0.5997934268833472,1.1606719465358186,0.8374764958541614,0.5340852065897566,0.862381644365335,0.724249154267892,0.7160561621076493,0.5464815138106511,64085.0,90557.0,11.073170731707316,78.0,0.002673002673002673,0.41651812240047537,0.6678550207961973,0.5657456809322252,2150.0,27.087827371870272,0.0033750161490813946,-0.00016649129042932165,-20.271427654734563,0.006969654080264577,0.9045331265076552,0.16091267857564934,0.002770948791005157,18.481951284622372,22.14996615794148,23.354847433898573,24.173212273205092,24.790489553529593,25.311324780743504,25.70771906582358,26.05063151354472,26.351170522844974,26.619642786617117,26.844662955388547,27.02399946548252,27.105816622036073,27.187259480131633,27.361771314044567,27.431027341112486,27.459138731347586,27.459138731347586,27.45913873134759,27.459138731347597,115.89285714285714,354.1364985163205,584.0892857142857,822.0682492581602,1035.3590504451038,1224.0892857142858,1380.994065281899,1601.1632047477744,1786.2916666666667,1945.759643916914,2072.913946587537,2129.5178571428573,1972.080118694362,1776.4629080118693,1707.4166666666667,1495.59940652819,1178.0,841.5,505.0,168.0,3367.0,1068.0,2.009500010988866,0.2963075664039662,0.986588839480544,1.2134496683655818,1.4126047756439273,1.580967689157462,1.7451027371259753,2.020592606178045,2.251063227180738,2.629238938735285,3.351120528927421,7.94261285328363,1.0539635200843085,0.494974320435431
35531,26.757177349927332,8.168691861966408,1.0,0.5684510341556802,1.3085489733640558,1.1791548546570145,0.7667970756705882,1.4938636579810816,6.460745288865173,6.468272477612636,0.08592275624370871,5.479132162623743,8.435442286938729,0.05751713403339038,0.9419205116543261,0.6696534984876757,2.194410006656479,0.798809849218919,0.873312535656246,1.4689493214007012,0.8041774774414883,0.4272793928672284,0.9574227827854266,0.681994798448591,0.5572261637716329,0.6409037248281138,19143.0,27459.0,4.27027027027027,30.0,0.006384676775738229,0.43450479233226835,0.6924920127795527,0.5283916852600676,755.0,25.811667345097785,0.009353801683154047,-0.001268018034897862,-7.376710287805559,0.01484703313734898,3.4079634359868236,0.14210883916528366,0.007246155397721277,17.90067469563043,21.320242386711737,22.65587730315808,23.41742422123811,24.005705441291546,24.519133766391413,24.882643588325056,25.188718438830495,25.470927282858337,25.726608888778717,25.818324983474582,25.94625097014866,25.999001928044382,26.29923187825288,26.60030297013876,26.754242333511662,26.7571773499273,26.75717734992731,26.75717734992731,26.757177349927314,44.112,128.408,222.352,298.3412698412698,386.84,481.104,565.224,619.8492063492064,693.024,733.736,660.704,627.7539682539683,535.896,574.336,609.88,561.8333333333334,438.0,313.0,188.0,62.5,1253.0,436.0,1.7681721090086766,0.25846433433539245,0.7480078366706462,0.934773208188676,1.056028253736366,1.2817605594282813,1.4358406533156285,1.6770810421768405,1.9154651164796643,2.3159351777099433,3.2186421809650874,7.44806189504545,1.3173981550655975,0.831230129357427
35532,21.788247699625913,6.097696746381267,1.0000000000000002,0.6382685750257611,1.1461723763662766,1.0907091156797861,0.7412081288337996,1.276110741372088,1.9398706945858195,1.8914964909492062,1.858736366760867,1.7785408288045637,2.5519100740641427,1.4565635304991897,0.7819675469424051,0.49961090380418466,0.7458375687205622,0.7169350065026665,0.6740494125317559,0.5844614770020896,0.9159516957922913,0.5592052718540634,1.0121827733171294,0.8397763277346618,0.7544510780445765,0.7931778493054761,54522.0,80354.0,10.820512820512821,70.0,0.002080856123662307,0.4088611358905739,0.6669640202200416,0.5649768891235311,2028.0,21.688996354157805,0.0036319818997854877,-3.8409043682269964e-05,-94.56059176662215,0.004665641080358206,0.9593432301235075,0.029822896541739908,0.002320999259742522,12.507775200809936,15.925489814384445,17.381609537647225,18.325655226126816,19.004796402993488,19.49519189832419,19.900506457215243,20.26366546017586,20.589447460542285,20.85240880094444,21.107566508058127,21.271859440549463,21.474693924023683,21.664140047996106,21.725598103010988,21.788241577302035,21.788247699625902,21.788247699625906,21.788247699625906,21.78824769962591,105.08928571428571,292.3095238095238,507.0682492581602,710.6309523809524,928.827380952381,1141.1899109792284,1321.422619047619,1514.75,1700.8842729970327,1800.3869047619048,1924.6190476190477,1929.207715133531,1947.095238095238,1970.1488095238096,1743.9821958456973,1513.4642857142858,1177.5,841.0,504.5,168.0,3364.0,958.0,2.080590002797772,0.4036119766657091,0.9740013171672631,1.1718723638851696,1.382800273925782,1.5778657685617723,1.7689049019036531,2.0144031800205426,2.3184285749272093,2.807510130364681,3.609982902901164,8.120465901689231,1.353127134355788,0.37723348709289
35533,17.604303827593924,1.5004771458464004,1.0,0.6289569432891787,1.1491462492603948,1.1657820306646705,0.7684566082506548,1.426943314496917,0.5806917888018159,0.3902934467321746,0.3812451127437006,0.49811351824554595,0.5078926286035254,0.2671760741092314,0.8287654356372292,0.5725720636475735,0.7413322583026253,0.7109094271805757,0.745093551802488,0.5195246726139148,0.8411698707735106,0.5345925348841838,0.8407281761285393,0.7215498683694049,0.6956704245164232,0.5891812012342945,45048.0,70758.0,14.17142857142857,98.0,0.0021793275217932753,0.44004982871379633,0.6807848022422921,0.5460876133907582,1372.0,15.234738623802823,0.005468629884648231,-0.001642505049953589,-3.3294447921501087,0.005015206067190135,0.09903938629762865,0.010600796234133873,0.0022513644110300378,7.2634021135443145,10.515138275205828,11.841206918397853,12.719695103786249,13.344808153908136,13.855734680037193,14.22960753499,14.54506884664995,14.887718500593058,15.201666873998297,15.444899244325805,15.674529656956182,15.905422769466913,16.109298919255632,16.309773669476666,16.484104839912845,16.548104060153335,16.905907087319548,17.349276636242216,17.604303827593924,104.75389408099689,297.7102803738318,480.34890965732086,663.7788161993769,846.0373831775701,1021.3239875389409,1134.6739130434783,1187.1526479750778,1278.214953271028,1332.7352024922118,1304.2959501557632,1295.3208722741433,1288.98753894081,1226.083850931677,1096.6542056074766,932.4080996884735,655.7881619937694,546.7943925233645,408.98442367601245,160.5,3212.0,989.0,2.0563349791215138,0.6436132040120546,1.1835172217685075,1.4075520722063304,1.5728185439020996,1.711026840250933,1.885617822857025,2.0503951884769958,2.2180437102848654,2.511391812276038,3.1786586722142087,7.218497344025533,0.7836050370989295,0.206136511876248
35534,17.981936694881075,3.7888791176727703,1.0,0.629442999596821,1.1409238734382832,1.2067232015662497,0.8348571519748633,1.4453705057185608,1.2732831222383678,0.572281783768316,1.621920058649937,1.05515757100363,0.6854846753298782,1.122148301928719,0.7195044724640263,0.47633974207980956,0.5942118897134328,0.5962464892778687,0.5705643665542338,0.41111388904260393,0.7990357147296469,0.4743854633622212,0.7619783349049073,0.662153270685895,0.568223512537513,0.5271854738215324,16421.0,27419.0,7.733333333333333,42.0,0.004067796610169492,0.42130257801899595,0.6784260515603799,0.5549012748441794,824.0,16.030069609038303,0.008042393287081829,-0.002800604975272922,-2.8716628578788015,0.009628940011674561,0.6997751198913491,0.03281397480285436,0.004598664439297856,9.2789139272662,12.11178762712083,13.21385803486274,14.043323856622456,14.64420911870257,15.161606447371472,15.532689949739297,15.894955746619601,16.056598091708203,16.280180517410546,16.411103332763076,16.572763703055127,16.586978770249832,16.657210757998957,16.932503098255523,17.374174010811384,17.65378538905731,17.97249809830144,17.981936694881067,17.98193669488107,51.857142857142854,158.34013605442178,271.0810810810811,387.16326530612247,480.1621621621622,596.4353741496599,701.8243243243244,781.4897959183673,753.2702702702703,783.047619047619,728.5102040816327,693.1081081081081,554.0,429.5945945945946,382.3333333333333,444.3918918918919,404.21768707482994,365.35135135135135,221.0,73.5,1475.0,527.0,1.9488573354920342,0.4398324702508829,0.9521652199147153,1.1592557572911562,1.3463125137915821,1.5195624965589145,1.6903650823195842,1.8980259622648363,2.1118382841551218,2.4816233336818114,3.1525467083536403,7.0493654856285,1.1464380829821548,0.878561009056866
35535,25.54662744610075,0.08907690113039851,1.0,0.6326387956785131,1.1404973623931414,1.0731930717562916,0.6954298511102945,1.206823366811871,1.8119747205045647,2.0832465344423174,1.7886158540356878,1.6883958424547496,2.995624261909799,1.4820858654409126,1.3013439864837728,0.8400865927627741,3.93378037941787,1.2125907450689277,1.2080105440132123,3.2596156882592893,0.9098539294638193,0.5749253704910328,0.9513178326777001,0.8478007857196038,0.8267194305408816,0.7882825762570761,29457.0,45671.0,9.575757575757576,62.0,0.0032258064516129032,0.4149377593360996,0.6689718764407561,0.5737865450512317,1144.0,24.443883579684197,0.006633996819049036,-0.0010126703657710875,-6.550993337301469,0.011736998868128332,1.0408139425254297,0.11496924755946096,0.004068258495536343,15.81511775205454,19.59779373981796,20.781664360038675,21.57472084106688,22.162671516865014,22.648521703167546,23.094062885427977,23.48122362984837,23.82440531137366,24.123080075801713,24.39373180182834,24.577601061389917,24.72694008160424,24.85288763997204,24.977769930868135,25.16912825842565,25.26400989104997,25.345762746030996,25.546627446100732,25.546627446100732,66.93518518518519,204.8663594470046,334.66820276497697,470.8110599078341,594.6774193548387,705.0046082949309,821.6082949308756,923.2073732718894,995.2027649769585,1065.0230414746543,1121.147465437788,1101.2165898617511,1043.6728110599079,957.4654377880184,832.5852534562212,776.0092165898618,632.1152073732719,456.7096774193548,325.0,108.0,2170.0,584.0,2.2390639845590052,0.39748907373624565,1.1451867366337067,1.4063376348738006,1.6157556357994023,1.8409645933900374,1.9928409552303175,2.231405185887626,2.493752154198494,2.816647273514803,3.5072552816632085,7.127820550066123,1.2359225794580158,0.573133128313348
35536,22.259325480736706,1.0935913506546824,1.0,0.7709383676722023,0.7990239367979652,0.9321635507636544,0.6238685262762471,0.8387304650012848,0.6847309591606648,0.5863793243844808,0.3392954322135142,0.7345609669029798,0.9399084898295282,0.4045345273263616,1.0826754888532168,0.8505172177729334,0.788384444657408,1.161465161308076,1.3632956014779418,0.939973540434352,1.1475705342330667,0.9594126160674122,0.7775492880722377,1.2310828215638177,1.5378442342555156,0.9270550200785261,10921.0,15461.0,2.5,18.0,0.0125,0.46870653685674546,0.7079276773296245,0.5227246250891076,146.0,16.88779639857335,0.10375018180591203,-0.03339445806438361,-3.106808369397236,0.029437738706650934,0.08663208664523929,0.02725640385364889,0.019726180136480285,3.332391141201697,6.414929257445619,8.241209740052694,9.507776060616608,10.829058965496028,12.15064854939856,13.309731928100755,14.227517609150462,14.89610113980772,15.574695050805676,16.196855702508618,16.746601916827778,17.298816046743227,17.75669195706494,18.263766857297497,18.889632304006753,19.461569115189704,19.99259450723371,20.805188339504536,21.81077279677389,16.802816901408452,26.72222222222222,48.94444444444444,69.02777777777777,69.58333333333333,66.16666666666667,83.91666666666667,98.47222222222223,107.38888888888889,114.41666666666667,132.30555555555554,141.41666666666666,141.83333333333334,142.33333333333334,135.61111111111111,137.36111111111111,133.25,99.52777777777777,65.36111111111111,27.0,720.0,75.0,2.2780606345896457,0.3189813237397147,0.747067274872903,1.019220194787842,1.4705996498115101,1.7936326953199229,2.200083695971668,2.434861277318539,2.826623944463034,3.1498184927051343,3.813287842070053,5.954748631443424,1.671755686805262,0.598845430761576
35537,25.97597437439552,3.6691587654565607,1.0000000000000002,0.7399520441585798,0.8478106139785155,0.9745582501291086,0.7049149278013835,0.8242863672878507,1.6520645731912251,1.0752937787020187,1.4790442987196972,1.6951932559930216,1.5254234749373798,1.7943330830354463,1.0294210694873869,0.6869232681779928,1.1118538761530423,1.0562950643032474,0.9744768355530412,1.3488684518844767,1.012820176095851,0.7883994062020903,0.815783028990525,1.0392607891438748,1.1184319910220843,0.9896839998393954,13192.0,19094.0,5.935483870967742,28.0,0.00772626931567329,0.4408839779005525,0.6806629834254143,0.5537622221314564,307.0,23.470239691236372,0.03935168780194976,-0.00725337144446996,-5.425296098954351,0.024648415037501613,0.6074242420544458,0.07544914891046066,0.01108674574243113,9.67580512786484,16.07800575270393,17.908958158125344,19.00865308199913,19.951799168733825,20.578583185758873,21.223827732342123,21.834211052996828,22.369576833388344,22.83029065498993,23.166201828702903,23.46714539160043,23.781654132129596,24.090157383392224,24.325335485172147,24.692515605685468,25.024575775113444,25.277344115977638,25.423953026670745,25.70415452316934,12.3,45.857142857142854,82.83333333333333,114.0,151.4777777777778,183.06593406593407,202.38888888888889,214.6153846153846,242.72222222222223,261.3076923076923,283.0989010989011,290.25555555555553,289.15384615384613,286.3888888888889,259.3626373626374,254.38888888888889,230.25274725274724,181.25555555555556,116.0,35.02197802197802,906.0,163.0,2.4426495884719257,0.35968053671668276,1.2409261784307117,1.6497890052283228,1.8942757833880655,2.0388742191242306,2.2146713744658033,2.5254346097948046,2.856231802133719,3.243650500569627,3.9149424378377726,5.902051650511648,1.108093220866735,0.793211284535937
35538,15.310452247599947,1.5934006768936275,1.0,0.6464073569636576,1.105489175807929,1.0808471059264892,0.7254475521025338,1.24680374584815,0.8466599219858246,0.5396693256098211,0.5442398909155678,0.7833299616045859,0.7439122567106615,0.4365080653052927,0.8076287368956195,0.5354512159435273,0.7756485884206484,0.7472182998568793,0.7380977637758261,0.6221096070681166,0.9365476817782884,0.6044942823826731,0.9796627473865536,0.8664941383874002,0.8332708279608816,0.7857393360012155,32283.0,54305.0,14.3125,88.0,0.0020826102047900035,0.38333333333333336,0.6458333333333334,0.5881412298823673,1797.0,14.989349465449815,0.003743045901146089,-8.976296483159271e-05,-41.69922315031085,0.004762865128717472,0.1769315748104449,0.013645053314734612,0.0020496589364431355,7.332966196905493,10.055695178083532,11.281912078606645,12.141893355634583,12.77298059883195,13.241907677153781,13.635198007504028,13.932355317017548,14.207725851690695,14.482805422020988,14.66705596522313,14.862440026099145,15.036005152018683,15.22489992581127,15.310452247599939,15.310452247599939,15.310452247599942,15.310452247599942,15.310452247599942,15.31045224759994,118.38194444444444,320.5625,515.4513888888889,691.6111111111111,879.8541666666666,1058.9166666666667,1254.263888888889,1406.4652777777778,1550.326388888889,1681.0347222222222,1678.375,1739.8958333333333,1724.3194444444443,1731.5069444444443,1584.5,1296.5,1008.5,720.5,432.5,144.0,2881.0,787.0,2.2462831865314192,0.3988206953679506,1.0615539854671914,1.2536497675087728,1.5527402812994893,1.7804330030970061,2.026744125690373,2.304343867917306,2.6437789108686367,3.1060592600010724,3.6736545920682397,7.817340217779164,1.2733277358868713,0.273273970361333
35539,39.71203875932526,1.0128789474731894,1.0000000000000002,0.652563377902278,1.2167960777754168,1.0849141295453026,0.697914030920762,1.263954896865092,1.0134112350992033,0.2673047884968255,2.104179386947487,0.934093498739788,0.3830053225096632,1.6647582854153666,1.6291362901986262,0.8546641146692536,9.610314194639992,1.5016269452416589,1.2245979831379668,7.603367982889145,0.8792142790486978,0.6298186360393863,0.707393055123645,0.81039987876016,0.9024301104943583,0.5596663748668149,28972.0,41922.0,6.594594594594595,50.0,0.004055619930475087,0.45217391304347826,0.6852173913043478,0.535016797847879,497.0,36.9180033170602,0.025401640917045106,-0.006545015761048994,-3.8810664243494335,0.02243429554310265,0.7105336157362809,0.1653636235516082,0.008114948352563968,20.271937700888863,29.01993639192903,31.364495453051674,32.807200037360545,33.783299896132554,34.47409105758599,35.054116291164455,35.563442940315824,35.95529019287985,36.330087125764486,36.69420748721039,37.0227218171295,37.36682775686066,37.69129685749254,38.01529848139609,38.35350640469657,38.72145444811618,39.10410710703463,39.47232225073288,39.71203875932525,24.476744186046513,74.57803468208093,152.7093023255814,215.46242774566474,266.3720930232558,319.73410404624275,379.9767441860465,441.28901734104045,462.36046511627904,481.29479768786126,481.33526011560696,472.2674418604651,469.71098265895955,438.5813953488372,421.8670520231214,386.8139534883721,354.4508670520231,298.3837209302326,215.85549132947978,86.0,1726.0,383.0,2.2464388708932552,0.2918065637225359,1.3598899588810232,1.5967023670325846,1.7711048140936718,1.9366947361501703,2.110939814032831,2.311930017908653,2.5263934594234123,2.7944739936056515,3.2986259070012225,6.874058465579498,0.7025742895640265,0.345918964562006
35540,11.796846024773394,2.169490253719052,0.9999999999999999,0.6078704010756784,1.2335063438173721,1.200967693791416,0.7630785669940562,1.6415032318491922,0.4785799616061571,0.3976300432632653,0.14704641023521733,0.39849528349534175,0.5210866357177643,0.0895803355011163,0.6429581236003212,0.4007570923953814,0.46004997725586105,0.5353667104653942,0.5251845743408267,0.2802613898832254,0.8634304784499258,0.5581678793186557,0.8462444158042534,0.7189456326873406,0.7314684273172666,0.515530155155978,19843.0,34217.0,11.933333333333334,74.0,0.003723404255319149,0.4326769558275679,0.6774880255455029,0.556969838833811,1036.0,10.856950767197414,0.006239749894591517,-0.0009316701995555921,-6.697380572618815,0.0051236592714498895,0.07109089782043915,0.00870665917911091,0.0028635343990021274,4.010444424492951,6.236839982549775,7.300927952675857,8.088557815263567,8.721192011667776,9.213296573022946,9.595949295644825,9.959062736981084,10.26084135709675,10.552980962755932,10.777656807341796,10.964402518105114,11.122366222847878,11.233819001790222,11.38764996199765,11.557001918294912,11.77251234060719,11.79684602477339,11.79684602477339,11.796846024773396,71.32085561497327,203.81914893617022,334.4574468085106,449.1170212765957,560.4787234042553,668.7127659574468,746.2659574468086,857.2553191489362,924.6489361702128,996.7021276595744,1018.2021276595744,1017.5851063829788,974.8617021276596,870.3829787234042,793.5425531914893,706.7553191489362,642.936170212766,469.5,281.5,93.5,1880.0,584.0,2.004318806778248,0.49070580436912714,1.0840012267945935,1.3275901437109718,1.5025915721866627,1.6442600801257026,1.8253348577108266,1.9986238552099886,2.234871762907634,2.5544330306938168,3.149462999696414,7.484944085550426,0.8090389352561943,0.613834992218763
35541,29.70116261094792,0.1889502123368234,1.0,0.6576483746020538,1.1514171939640554,0.685210528655583,0.4722338051071445,0.45697080751610186,0.8696488665566589,0.5322149143817786,1.00673597894505,1.269170320927428,1.1270157041405051,2.203064095969799,1.1638845671937272,0.9642570171257958,1.1662748744619194,1.6985795146454135,2.0419059514534688,2.552186825240088,1.5561715714582656,1.351094184978119,2.0803037368034234,2.271085318130694,2.861070449354152,4.5523777505855705,12228.0,18342.0,5.548387096774194,40.0,0.007900677200902935,0.4632768361581921,0.6937853107344633,0.5348036766578624,119.0,24.107117649445666,0.18260977532202946,-0.05357964792409855,-3.4081928940764272,0.03334713265379785,0.08720539908668908,0.028379986296844815,0.023068980666856143,3.5896000952509284,7.997481523109253,10.63703903029017,12.474349176287234,13.76149690057495,14.879494260189475,16.072212572627976,17.283339031980262,18.541256806150407,19.901637073645375,21.126627776837292,22.116713338214662,23.042908777610826,23.882800798892557,24.61894908512733,25.372824824684212,26.098798313284288,26.87932881371736,27.813303868376583,28.993874285661864,16.386363636363637,27.59550561797753,44.29545454545455,57.60674157303371,72.36363636363636,88.67415730337079,92.56818181818181,93.76404494382022,90.04545454545455,94.31460674157303,103.38202247191012,111.11363636363636,103.88764044943821,111.56818181818181,107.0,93.1590909090909,85.3932584269663,77.22727272727273,57.60674157303371,26.089887640449437,886.0,76.0,2.3447826286000977,0.5436280616971058,0.9120484219492464,1.362256278730487,1.4370428777272268,1.6842631349118553,1.9907093213386484,2.230078853201577,2.524423560162462,3.2843136941872926,4.117596952072935,7.081449653925577,2.1711745761399404,0.611154121647123
35542,38.4435296726307,0.41240439883105395,0.9999999999999998,0.6418434780703215,0.9829375702679656,0.7209135910985497,0.5015981813170063,0.4717605526313891,0.7356767830691481,0.48924837016219547,0.4769747939123858,1.0204784486696967,0.9753790750947603,1.011052728448601,1.2511084526569392,0.9157664246316266,1.5889217173723962,1.7354485587523225,1.8256972587643197,3.3680682043246266,1.4810600692466942,1.2762971391503222,1.3105069812598746,2.0544210672874272,2.5444612574137544,2.7779070843251312,42763.0,58939.0,7.7727272727272725,90.0,0.004271476032273375,0.4886039886039886,0.7193732193732194,0.49238424838095113,244.0,27.421288434175274,0.09890536919281152,-0.04503317839815656,-2.1962777825351147,0.01805846404263991,0.037110419407733665,0.01757168688801192,0.012396605553761715,5.404949022083799,8.244239511484455,11.0232024635506,15.203799368971525,19.046860428195938,21.21497687935158,22.58429943658813,23.780467471895378,24.927027647818385,25.96045726067594,27.016234453846145,27.91573984701913,28.854868533665393,29.971194139093775,31.152341568070344,32.25736819342686,33.256497011340386,34.47351179585054,35.4481054043579,37.344273934024656,33.86190476190476,73.62559241706161,67.45238095238095,67.0521327014218,87.2085308056872,131.26190476190476,158.49289099526067,183.60663507109004,201.96666666666667,217.38388625592418,232.28909952606634,230.07142857142858,221.87677725118485,218.33649289099526,218.82380952380953,221.85781990521326,195.11374407582937,174.85238095238094,129.85781990521326,51.30331753554503,2107.0,165.0,1.7631506038516986,0.24532868402793054,0.6492544507519515,0.8305737629349565,1.0418903586330286,1.180334685881327,1.376466672498151,1.5430290655624788,1.7341278970264544,2.2932958682703886,3.2758623989981173,7.994460104771618,1.925800205777873,0.250837385263294
35543,14.630213204792062,4.196023562648475,1.0000000000000002,0.6507595206950767,1.0932288080167412,1.105997214248892,0.7421375985077631,1.3118973244951646,0.7051957476893493,0.4264215171293714,0.5861854880494246,0.6376107811159939,0.5745855188940556,0.44682268734330755,0.8500920907355188,0.5903349680852138,0.6135854789262744,0.7686204628578887,0.7954521766209082,0.46770846122610255,0.9057733662714554,0.5872342475566572,0.8992928794490136,0.8189653234222536,0.7912740827811792,0.6854902915478338,16727.0,29147.0,11.407407407407407,54.0,0.0041592394533571005,0.39179548156956007,0.652794292508918,0.5884083303816923,941.0,13.316019089921767,0.007113232113153712,-0.0015325696534200883,-4.641376068800394,0.00620344211780237,0.1728750586300222,0.019273095355726372,0.00348363723593675,6.123935479920793,8.97554174530123,10.254784505436774,11.03595252919726,11.632896518265568,12.096082633389834,12.47237974370906,12.754423595340782,13.020291193017082,13.279275778718372,13.410259959680033,13.614616200214844,13.787476441887893,14.023839789934156,14.197331073104518,14.268764960682361,14.444417341526663,14.630213204792058,14.630213204792058,14.630213204792058,60.166666666666664,176.04761904761904,286.10714285714283,402.28402366863907,525.7738095238095,621.7142857142857,722.9166666666666,806.8579881656805,864.5,911.0,839.3333333333334,819.1005917159763,779.0119047619048,779.202380952381,729.452380952381,610.8816568047338,517.3095238095239,420.5,252.5,84.0,1683.0,470.0,2.2446215455203316,0.40559356543941943,1.2158400561532818,1.4463248220991647,1.651586952747478,1.8054838060533844,2.02633230597392,2.2351118022934666,2.534359292072341,2.905720133711552,3.567765335275332,6.775376409277303,1.038371720178557,0.998341351973358
35544,35.44833487346665,0.4787395231076726,1.0,0.7261577556812036,0.9808515401395814,1.0020884985475345,0.6839176457720182,1.0340677747577902,1.1732263514218286,0.8383124135668614,1.2924037589615,1.1707811766349459,1.225750525299811,1.2498250022966046,1.2809877578814888,0.8874944150473223,1.8223861545705937,1.2783179926106343,1.297662694527355,1.7623469167651524,0.9302477190607369,0.7294683969324863,0.702105786129865,0.928308947172903,1.0666026844636385,0.6789746313236763,60674.0,85044.0,10.372093023255815,64.0,0.0022712524334847503,0.4475819539110678,0.6877637130801688,0.5323592587987821,614.0,32.056847764134645,0.03375260869778257,-0.005472214111500829,-6.167998548676207,0.011350079633352475,0.08368196426570744,0.023647345423158633,0.004826098420024322,8.620214881942625,17.761747469443034,21.938975800505688,23.843452573568612,25.166047359423015,26.165701287723515,27.0661592836662,27.740352111396355,28.383173245088262,28.844399289734422,29.773254518951738,30.5528979214292,31.218912869145054,31.767495223959855,32.29408805627085,32.82054396015364,33.28156755594215,33.824526194598924,34.30586776551468,35.13988510785877,39.63636363636363,78.54545454545455,164.9090909090909,246.2012987012987,315.43506493506493,354.34415584415586,428.93203883495147,455.1233766233766,464.61038961038963,359.94805194805195,436.88961038961037,499.06493506493507,555.6103896103896,584.3462783171522,584.6233766233767,555.6428571428571,484.6168831168831,392.62987012987014,262.038961038961,106.57605177993527,3082.0,505.0,2.397119306390324,0.18809139632883387,1.3363167226610453,1.6808511990208876,1.9184257452794975,2.11492508887894,2.298508864559934,2.523701920232433,2.787177569201123,3.0547970188242117,3.4466336540682083,7.759239394818673,0.8546510073663629,0.125717660852242
35545,28.209873440317928,2.243979585293522,1.0000000000000002,0.6750390094623149,1.0317720830711028,1.0434655880895647,0.6996615153534442,1.1490303628517684,1.8604290561388195,1.7241735548205015,1.7235347384609527,1.7829328320687579,2.4642966877340826,1.499990595708304,1.144161625795487,0.7028492067024201,1.5493283884427143,1.0965015414550299,1.004556047858893,1.3483789798186443,0.9462130363032057,0.6551659902212977,0.8797253069458538,0.9067985059627942,0.9364042123859436,0.7656240734687562,50047.0,79611.0,19.176470588235293,124.0,0.0019696117051209903,0.3861525471432592,0.6428370391218688,0.5954279788093492,1473.0,27.231286954752026,0.005766413134823712,-0.0004942980078514615,-11.665863594895455,0.007308160387003773,0.7546112357228454,0.07353993188215305,0.0027519529768922904,17.697202568035113,21.709829177365616,22.98155877144364,23.861269506809105,24.503276989163634,24.999711291063107,25.43225956884426,25.815558526270753,26.118735419323517,26.374759084266366,26.613787581952895,26.958508560269653,27.256349921780323,27.494438183515964,27.719227662203696,27.97951176511595,28.20895709059532,28.209873440317914,28.209873440317917,28.209873440317924,105.87323943661971,319.656338028169,527.7471910112359,725.6253521126761,889.6732394366197,1015.2528089887641,1172.4140845070422,1287.430985915493,1358.9494382022472,1336.5492957746478,1261.6169014084508,1378.8820224719102,1449.6478873239437,1435.0084507042254,1379.8483146067415,1320.8140845070423,1242.5239436619718,888.5,533.0,177.5,3554.0,905.0,2.501265553642348,0.3088496707847065,1.2576525323118521,1.5312645748867988,1.8202500956317116,2.0492890246927917,2.2823839965648474,2.56569388564542,2.8589521092094765,3.2281323237277073,3.90063751088022,9.299219863688986,1.435891806724849,0.365813787479419
35546,29.60559877559686,2.1097876606927803,1.0,0.6688758539813173,1.0555976742029753,1.0287780770375305,0.6771119511655692,1.1575064605851664,1.0925424340708263,0.76063423946344,1.4260110879387713,1.0619806724662249,1.1233507814388697,1.231968145748288,0.9585947878444226,0.6312862201782202,0.9855339908271523,0.9317799525868516,0.9323217808983206,0.8514285011670043,0.9724982962787104,0.6654519140163303,0.9444306633035853,0.9452945372622215,0.9827797498934002,0.8159182652217227,148982.0,243676.0,42.42857142857143,304.0,0.0007909827961241843,0.3964204489271235,0.6566795214080886,0.5890782184331963,3032.0,27.93922216848836,0.004327604880819729,-0.00037883651116357996,-11.423410239756665,0.002718858015910618,0.22398490260166284,0.0074251251914989646,0.0011278662308107285,15.128216830280714,19.263814140459555,20.661934702880032,21.574636363164913,22.19604972705661,22.80229513288085,23.25920809977776,24.11187913123851,25.415737817883873,26.278964979379115,26.945657357681398,27.440306759431845,27.859430386433797,28.10401838030804,28.59121612385179,28.99497601732969,29.28080557040783,29.594085643336552,29.605598775596835,29.605598775596842,267.69436201780417,815.9940652818991,1263.4822134387352,1592.517309594461,1582.658753709199,1515.4822134387352,1204.4223541048466,954.9455984174085,1544.0395256916995,2012.7586547972305,2427.4342235410486,2661.320158102767,2874.582591493571,2538.5697329376853,2827.699604743083,2956.1058358061327,2715.9090009891197,2498.314229249012,1517.0,505.5,10114.0,2302.0,2.4412408801594294,0.29780963829311397,1.2609239112695965,1.541863938843951,1.7562107977466137,1.9725764369211638,2.2251114993019736,2.497260334637598,2.8055119545987717,3.191559942261694,3.955033425483712,8.53995711803717,1.2258175680799013,0.107746852007695
35547,27.736424762751497,3.683346105556722,1.0,0.6723956047591185,1.0340449477824347,1.0311474861663572,0.7029827095302184,1.0963348003424398,1.7816158563287228,1.5745742653015955,3.7974300626470394,1.7277992529977335,2.2398477856643657,3.4637503629921382,1.0195547826352938,0.8040747330286332,0.6586944623749107,0.9887574729254655,1.1438044238185765,0.6008150632171556,0.9654430483843085,0.6334404840006765,0.9755174218377191,0.9362802715775147,0.9010754822461925,0.8897988292746126,38999.0,63039.0,17.5,122.0,0.002723867892407218,0.3858991825613079,0.6467983651226158,0.5973312520044859,1332.0,26.1216353666206,0.006562360680961679,-0.0010404541412124583,-6.30720799795602,0.008192465482695768,1.745692983040863,0.07173161923704792,0.003271192023079018,17.601266252689214,21.375413044371715,22.60045594223385,23.525818592026425,24.15296140106855,24.639819888318286,24.883981015182485,25.356424130084545,25.756388833647428,26.068573950373978,26.197758529028057,26.41466631042342,26.55882495427593,26.916531721358375,27.252698678101673,27.580431179204293,27.736424762751483,27.736424762751486,27.736424762751486,27.736424762751486,90.78498293515358,286.5,477.8532423208191,645.6972789115646,816.5884353741496,928.9829351535836,871.7448979591836,1001.2142857142857,1155.3412969283277,1291.2823129251701,1161.7857142857142,1109.9044368600682,961.452380952381,1044.7448979591836,1116.0921501706484,1165.8945578231292,1027.5,734.0,440.5,146.5,2937.0,716.0,2.3814950557541246,0.4606399194897577,1.1773125723410214,1.4393022653942174,1.6774143386830775,1.8913892083858537,2.126095965788229,2.3305762783503203,2.662982000071324,3.1001048719239748,3.9874158440550165,10.985806835279229,1.5327983289966358,0.50943415571237
35548,21.683580030869106,2.928483391079117,0.9999999999999999,0.5939986392233229,1.361748911490219,1.1468239863539307,0.7535054390349936,1.5893626032542711,1.2145528056222217,0.95454529471045,0.7601060679031068,1.0590577281903735,1.2668061108263877,0.47824584921449964,1.2577971451595247,0.8782540589056442,1.896539620629236,1.0967656415684226,1.165557689975556,1.193270570696712,0.806950537694697,0.4587287326565441,0.9884262152527558,0.7036393965391455,0.6087928618591435,0.6219010144248526,11376.0,17664.0,3.9375,22.0,0.00857449088960343,0.4656652360515021,0.6984978540772532,0.5361936023664772,400.0,20.780162821658678,0.026168324736074142,-0.001925685035971241,-13.589099072411834,0.020123494248701707,0.9703044244428403,0.08279267376180359,0.008643879164810233,10.135411856437411,14.90697309799364,16.620223708557738,17.561225323870683,18.207845887296603,18.732920714578995,19.122523888956497,19.423393750644554,19.608387716616654,19.788525780018386,20.18340600910433,20.49364898042421,20.748419230627082,20.913607939704768,21.203437279478713,21.453190387503312,21.60540805524509,21.683580030869095,21.683580030869102,21.683580030869102,30.06451612903226,84.46236559139786,141.18279569892474,191.0744680851064,237.88172043010752,280.9032258064516,303.9462365591398,310.4574468085106,298.38709677419354,261.86021505376345,317.2043010752688,357.0744680851064,381.73118279569894,345.48387096774195,355.5376344086022,348.86170212765956,301.59139784946234,233.0,140.0,46.5,933.0,311.0,2.1543273280830126,0.4000188200482401,0.9371402425072137,1.1290561744060996,1.2593246917224337,1.4664007823528902,1.7062023283897627,1.9587344156032145,2.3652294403535667,2.9750442870732225,3.896912888054601,9.54524228681174,2.2515923435092717,0.940672342872713
35549,12.468478285855687,2.591570316576799,1.0,0.5951091922225586,1.2521464545560204,1.1478650774333825,0.7530818302446608,1.4192578032266459,0.45620371687182404,0.2644589480430165,0.2618395803527162,0.3974367073627608,0.35116893997707954,0.1844904990181704,0.7069070566896479,0.4105425606645579,0.7408885568982551,0.6158450767317416,0.5451500012039608,0.5220253538249809,0.9223840633955851,0.5367271737608139,1.163304662890697,0.803564880166952,0.7127076397347714,0.8196570490899919,18535.0,25851.0,2.9743589743589745,24.0,0.005366726296958855,0.423455684870188,0.6786034019695614,0.5263891951213718,573.0,11.502342448311964,0.013331887011831417,-0.0015293528703181677,-8.717338732334442,0.008842352703024966,0.08757765406579367,0.015874712091290055,0.005140920524159564,3.659604875951067,6.219878667283685,7.432152895099565,8.304337147939675,8.998955592804519,9.543528209758795,9.991666860085221,10.449677748778283,10.82401799891902,11.155573759608574,11.447292584473129,11.62391720654134,11.862094679696312,11.94893945319006,12.121185116898124,12.346379048177612,12.467672722824544,12.468478285855683,12.468478285855685,12.468478285855685,39.21621621621622,105.26785714285714,163.23214285714286,225.85714285714286,280.14414414414415,346.32142857142856,389.5,434.9107142857143,477.55855855855856,521.3214285714286,561.9821428571429,533.75,553.8378378378378,486.2142857142857,435.9642857142857,439.07142857142856,390.3693693693694,279.5,167.5,55.5,1118.0,380.0,1.7968983239026575,0.16143160128554046,0.8793730068283405,1.0474233116309142,1.1640492740623776,1.3212796292142481,1.4940434291559586,1.6876480135000935,1.9460211160512464,2.2292683921327754,2.972700156219229,9.194178754303781,1.3428522336440827,0.597431201420259
35550,17.717622997241723,0.30498239577009906,1.0,0.6518348372355551,1.0766144093183105,1.050848881805946,0.7030099119538137,1.1739279718877864,0.8644938127364571,0.4848782890280725,1.5861312933337726,0.8226623520317909,0.6897175712366457,1.3511316974440302,0.9167767882459582,0.6135843554059683,0.952400374224348,0.872415438716957,0.8727961654206087,0.8112937054330503,0.9538750900644933,0.6169069041269286,0.9683540645966987,0.9077186135700145,0.8775223416301677,0.8248837132992873,39201.0,55229.0,6.604651162790698,42.0,0.002215330084182543,0.386968085106383,0.6538120567375887,0.582846926835468,1440.0,17.711173376072704,0.005569053006797197,-5.994408816433489e-08,-92904.12411528904,0.007718369060936003,0.23617530983052135,0.025994017417700948,0.0029437305660312447,8.314685270216136,11.968679030417807,13.389540189043101,14.205405630156454,14.850894528342081,15.41813421267634,15.862135322686685,16.208867119575633,16.506760819870745,16.78647978615261,16.998638494293505,17.206131462087505,17.443462031800077,17.666838352598063,17.71762299724171,17.717622997241712,17.71762299724172,17.717622997241726,17.717622997241726,17.717622997241726,69.44,209.92477876106196,347.41777777777776,484.7920353982301,621.1637168141593,752.2222222222222,873.6681415929204,997.1637168141593,1083.8355555555556,1177.6681415929204,1208.8805309734514,1272.7911111111111,1330.8185840707965,1399.5442477876106,1241.0,1015.5,789.5,564.0,338.5,112.5,2257.0,584.0,2.174761889042116,0.2865934947305582,1.011992125652118,1.2678992254046062,1.4891726359915063,1.691372814604045,1.9633382359644695,2.2088001230475633,2.5176987218606897,2.902148627594211,3.4877676205118697,8.305384982279538,1.2940188988539363,0.652074206494726
35551,14.978442527492891,4.482746874053679,1.0,0.6499395286356913,1.1132905975811271,1.1005496348916595,0.7468111671582695,1.21413917366336,1.197269158811233,0.4151371666373693,5.89568856544586,1.0878829276328776,0.5558796987691409,4.855858943795628,0.7759186931134081,0.4776616969110576,0.7990366890275059,0.7050283499387933,0.6396017064509537,0.6581096355013515,0.9156574071081098,0.5803098994726709,0.9639944581308957,0.8320001007480677,0.7770503776487953,0.793973606190701,34349.0,57227.0,13.272727272727273,66.0,0.0024021962937542897,0.4092001373154823,0.661517336079643,0.5774236498798926,1791.0,14.764106475379643,0.003923195522089554,-6.815334276885824e-05,-57.56424208560179,0.003603053777356407,0.18445075154376803,0.012521052405822969,0.001997923546569203,7.11271468861718,9.700887646766148,10.857088566140922,11.674956643042009,12.237805131463277,12.725437078797576,13.104440500504598,13.427020363353268,13.732555879820099,13.988037592732786,14.175062951237996,14.443333272797839,14.694252531967425,14.858360455839483,14.92350467584774,14.978442527492884,14.978442527492884,14.978442527492884,14.978442527492888,14.978442527492891,108.09278350515464,310.93470790378007,524.0410958904109,720.5738831615121,905.5601374570447,1081.7739726027398,1240.979381443299,1341.9175257731958,1484.4520547945206,1575.6048109965636,1542.343642611684,1641.6986301369864,1751.0618556701031,1729.5189003436426,1530.958904109589,1311.0,1020.0,728.5,437.0,145.5,2914.0,814.0,2.1457260716720654,0.1936826007939051,0.985701477195807,1.1959264789476929,1.3843368706076848,1.5866868846170232,1.7998186615071445,2.0737926981185577,2.4444652458136193,2.840925432230166,3.7561225597531256,8.5928238258162,1.5831841862614155,0.50957648975309
35552,16.234963240315547,0.4924855921173804,1.0000000000000002,0.6895294047478081,1.0117978521062156,0.9918879366783003,0.6452013519186,1.1038072780498052,1.0260112136069248,0.563003781890082,0.9000578738017577,1.0344023509781748,0.8726016773150095,0.8154121572671367,1.067309824907574,0.7488889474067252,1.0962733494726493,1.076038719133788,1.1607057939041745,0.993174597842418,0.9904471077732029,0.7325351358368527,0.8696975377772139,0.9985473874095873,1.13535895989454,0.7879070514137089,3712.0,6806.0,4.521739130434782,20.0,0.010141987829614604,0.42276422764227645,0.6727642276422764,0.5854656887900479,191.0,13.5770830127929,0.04586562596800766,-0.01492076965584177,-3.0739450461290634,0.03199690578902066,0.2552612876540446,0.052887554026688634,0.014762213953689872,4.645423741570206,8.280347511846577,9.863046624114096,10.856789577196981,11.607776464275261,12.33336928998509,12.841709123462064,13.2261432411255,13.590340865273477,13.891228975928879,14.126428067648883,14.416228060687413,14.742731607891134,14.937179790139279,15.035102629459086,15.444263278630348,15.697422825295922,15.905304401671396,16.233139762521212,16.234963240315547,14.857142857142858,38.183673469387756,58.816326530612244,79.58,100.71428571428571,126.0,148.3469387755102,174.74,185.14285714285714,179.9387755102041,172.53061224489795,169.1,180.22448979591837,165.75510204081633,126.55102040816327,122.06,111.95918367346938,91.61224489795919,73.83673469387755,24.5,493.0,95.0,2.9622998371924467,0.6925452613909593,1.3441441468927036,1.8147926230495723,2.142156119351511,2.3771233763764625,2.5965098525960393,3.0197475201113564,3.58852827678246,4.026276773702486,4.78617352752116,8.272207719599452,2.0810262939226876,0.964838843862526
35553,27.57734657326242,6.496524401193173,1.0000000000000002,0.6062431489616782,1.3459703853330915,1.2120901783325333,0.7966041082736917,1.6840380571717668,1.9710332679290212,1.5958610388512395,2.5864851123049744,1.6261440800061282,2.0033301639751837,1.5358828152902964,0.986613439137642,0.48087457264566186,1.7675957954209713,0.8139769274386179,0.603655652351276,1.0496174880925995,0.7787651614889518,0.48856927187171384,0.8858652029122165,0.6424977080173154,0.6133150291309503,0.5260363322192195,38545.0,50927.0,6.380952380952381,54.0,0.003791982665222102,0.43902439024390244,0.6834688346883468,0.5383797379863555,1087.0,27.1214788893651,0.006851013469054287,-0.00033540643009520593,-20.426005151748612,0.011425919876460298,1.4740812724137904,0.20250436115060416,0.005101526826480862,18.41269246690366,22.018093119541483,23.22460561071573,24.104233865375832,24.734727957898247,25.200824116151086,25.58628118931089,25.961947251094177,26.226928795219,26.474653677774413,26.744333571236997,27.008357518123763,27.211452850495306,27.293819046323552,27.425851326372733,27.55604772290266,27.577346573262393,27.577346573262393,27.5773465732624,27.57734657326241,54.72826086956522,177.5243243243243,301.95652173913044,408.1459459459459,525.5326086956521,636.7243243243244,749.6304347826087,865.8648648648649,913.6086956521739,928.7567567567568,991.6702702702703,1059.7608695652175,1059.6432432432432,944.8804347826087,873.5837837837838,813.2826086956521,646.0,461.5,277.0,92.0,1846.0,628.0,1.8402349901725987,0.6000437571160369,0.9847432109206797,1.1965321166475429,1.3461739492657554,1.454305198110935,1.6388177682436726,1.8176184208183457,2.0527944810654852,2.409550020768603,2.970405307709742,5.962258979064924,0.7038665206866581,0.781991173208226
35554,23.420461374027642,2.6794591072164,1.0,0.6418273208078077,1.124815418951747,1.0849268094895772,0.7250296651296392,1.2363500797705134,1.2754146418014929,0.7832793393368288,1.8642504848519972,1.1755766662283273,1.0803410908666395,1.5078661904547557,0.8797185228410154,0.5489473613458817,0.9144121921392763,0.8108551794889227,0.7571377941449154,0.7396062062850403,0.9164900452798315,0.5705629862311359,1.0018204759549045,0.8447482698957456,0.7869512292702067,0.810304858103668,238702.0,347666.0,27.02127659574468,214.0,0.000816926721673066,0.4065359477124183,0.6631535947712418,0.5669088041979153,6337.0,22.623368654599744,0.0012000287124223608,-0.00011568928343447733,-10.372859756729484,0.0016945263289878467,0.2727293739244528,0.010278605422349495,0.000679728167044078,13.62654582440859,17.244431266038056,18.651163415426133,19.566996725960163,20.233557379793567,20.778622905607584,21.226518542433723,21.578818820078347,21.891066000763573,22.137743742413214,22.36155338206626,22.6143125708682,22.795741660789357,22.935213981386084,23.086888308696686,23.21066331068757,23.413628488875574,23.420461374027635,23.420461374027635,23.420461374027635,359.86764705882354,1078.9607843137255,1779.001633986928,2473.985294117647,3194.87091503268,3906.197712418301,4608.351307189542,5167.359477124183,5701.272875816993,5897.867647058823,6010.759803921569,6258.591503267974,6134.101307189542,5722.106209150327,5325.942810457516,4651.8022875817,4256.070261437909,3060.5,1836.5,612.0,12241.0,3334.0,2.1127213271334244,0.2322412320308084,1.0459130450657295,1.2619783762569488,1.4515990324479997,1.641700238314331,1.841519848526337,2.0793754202771475,2.3924053961360823,2.8254883638616635,3.53049117002373,8.767782068104946,1.212272748896054,0.124891078548972
35555,18.876197874118706,2.32409016632387,1.0,0.6342654291273817,1.1520269858924357,1.157701541111887,0.769812095034009,1.4299792568718355,0.6023390736432517,0.3835567209713996,0.31707839767254387,0.5202887378596296,0.49824720012284907,0.22173636166315566,0.8084920520444319,0.5297776400972968,0.8476381091350156,0.6983596577645866,0.6881908500981555,0.5927625208978725,0.8462044084921213,0.546610804177638,0.8251593174473528,0.7309348553508915,0.710057438307058,0.577042858126794,133004.0,210364.0,34.0,242.0,0.0009417304296645085,0.4068754414881093,0.6614080527431128,0.5745939166057197,4991.0,18.26848058696436,0.0013163300150982136,-0.00010673461644657126,-12.332737577757973,0.0019486823296203009,0.13623656369392728,0.010819675905082685,0.0007992585153250436,10.626619573366012,13.70677543992675,14.807269535800295,15.548598433918151,16.11298127878063,16.55903416671927,16.947002963522305,17.29141261253594,17.582470100300526,17.84841075557475,18.062702958376445,18.258166376212717,18.412499497007893,18.528733534855398,18.682492260284164,18.830848297275462,18.876197874118695,18.876197874118695,18.8761978741187,18.8761978741187,285.13074204947,905.3085983510011,1544.2011764705883,2137.1425206124854,2713.2223529411763,3161.4852767962307,3639.7023529411763,4106.167255594817,4436.935294117647,4762.0200235571265,4886.9234393404,4918.02705882353,4731.2261484098935,4311.309411764706,4017.4840989399295,3661.1423529411763,2973.0,2123.5,1274.0,424.5,8495.0,2577.0,2.060022951427722,0.3932626819417239,1.0933572298677363,1.3184933636815015,1.486421499559268,1.6554764540196785,1.8508897242065205,2.0954533983599113,2.335406738027383,2.6781641406021466,3.2941303984224124,8.82600074834075,0.8973548446283902,0.245538747592364
35556,39.59397379524408,0.5669743707615189,1.0,0.6579677678543859,1.2982105107400381,1.0096847538100409,0.6570199390056288,1.2761866670870694,2.07093215526374,0.3508987570880996,7.629990006244395,2.0510680659969234,0.5340762680949526,5.978741357375291,1.861260845455558,1.1651320035391497,2.656603364621858,1.8434078938323062,1.7733586674744246,2.0816730288254988,0.9354865927145303,0.6436660219958097,1.106632984195814,0.9265135372050294,0.9796750201675314,0.8671403743166615,12733.0,18135.0,3.5428571428571427,34.0,0.007594936708860759,0.44866920152091255,0.6932826362484157,0.5448732348738303,283.0,39.09934279446747,0.04776675085946232,-0.001717403049268879,-27.813360922933757,0.04946387759756979,1.1909902414611244,0.4123720921540518,0.017560146563881208,18.568130051206506,28.57112449837378,30.77330137932843,32.04967827863142,32.59205704364038,33.55585260746843,34.86496963851958,35.775275289798685,36.45858039685875,37.04566644363005,37.45592751133278,37.785053341245195,38.174990950181076,38.51386758297499,38.83791540222339,39.14135276355728,39.2274401398712,39.448983615956465,39.52867527551126,39.539420601543235,9.115384615384615,35.81012658227848,64.35443037974683,93.65822784810126,72.15189873417721,64.56962025316456,108.12658227848101,143.60759493670886,184.9873417721519,223.65822784810126,245.2405063291139,239.63291139240508,247.41772151898735,264.69620253164555,268.43037974683546,266.72151898734177,204.48101265822785,177.43037974683546,118.0,39.0,790.0,189.0,2.2065090219129333,0.26994607851584684,1.1389511246614425,1.5194673609903016,1.7857582820386082,1.9824287594539745,2.1945962608129808,2.309566137710209,2.508736105706927,2.8010884771689253,3.2616292611426574,4.933040573831785,0.6820886301702325,0.75467076221481
35557,20.90793568957561,6.380876172556049,1.0,0.654522464671738,1.145960573132551,1.091939338692961,0.7444072945825322,1.3561974352215405,2.1548539766641714,1.5822078921519396,2.2755635375537895,1.9734191271499635,2.125459951382194,1.6778998975042796,0.827819546695626,0.6857909423839432,0.7421229942725989,0.7581186219433367,0.9212576869877916,0.5472086696221852,0.9125913142325874,0.5893395145258845,0.9277371643206128,0.8357527583216746,0.7916896016667723,0.6840723483369979,19062.0,28474.0,6.9714285714285715,44.0,0.005124450951683748,0.40586080586080586,0.6615384615384615,0.5702743387609911,802.0,20.561979393543115,0.010169530917053382,-0.0005055151123781762,-20.117164982884923,0.010642534444702974,2.901552367650134,0.05947157982532921,0.0055981387089479185,11.140659264382222,14.521891818787214,15.911045377842633,16.82793052177408,17.644254255414005,18.24015408555593,18.681699297303787,19.076350918877655,19.43063880232212,19.742453852853973,20.037584077613637,20.221183499962514,20.46757018660998,20.607488024116606,20.652769553219148,20.65276955321916,20.70446966563926,20.881162503921654,20.9079356895756,20.907935689575606,42.76470588235294,117.03649635036497,187.05882352941177,250.7080291970803,331.69117647058823,405.1970802919708,483.1470588235294,549.07299270073,620.1029411764706,670.2627737226277,723.1167883211679,721.4558823529412,773.3868613138686,750.2941176470588,653.0,516.5,402.84671532846716,332.38235294117646,205.0,68.0,1366.0,351.0,2.318274805801437,0.2031141135459198,1.0930729170984406,1.390023992054276,1.6315015090229257,1.7969436852348135,1.9870405554173263,2.183148006862371,2.629567573343577,3.1108906475317983,3.9528803417989153,7.9013006347215216,1.4592022711365888,0.956362905041315
35558,40.021531862430685,0.26628748008661896,1.0,0.24444181299872192,2.643817293738652,0.697973937160001,0.20926601098579,1.836808601176715,0.670733954008576,0.2589518229591777,0.8092868554416397,0.9609727789231469,1.2374289629707786,0.4405940036012386,1.130124349924266,0.27797558619185125,2.3966620949272013,1.6191497844785576,1.3283360488518459,1.3047968598316815,2.2068329755917766,0.43600835513728353,6.113656899376862,3.1617698858086305,2.0835125259155927,3.3284126040460986,124828.0,180384.0,12.491228070175438,104.0,0.0015915963711602738,0.482489652976759,0.7117160140082777,0.5014592848221078,702.0,25.667468161352666,0.028744812567113504,-0.019099200621919134,-1.505026997523897,0.006328437501169065,0.012205156395329934,0.0035874044310022567,0.009023861766958456,4.345372999843057,8.326517532163393,11.521654940151311,14.031538154003407,15.800537423412534,17.23563622749815,18.529130440995505,19.521174399557225,20.455175886941813,21.42251748675358,22.418794937545798,23.48616282203739,24.631587020501673,25.792459722456123,27.039565849734267,28.59488090295645,30.211152029174148,31.842835433692724,33.70326294143163,36.89100164329067,54.859872611464965,107.87261146496816,157.62738853503186,231.2464228934817,307.11146496815286,375.31847133757964,424.984076433121,496.1255961844197,539.4012738853503,578.5605095541401,608.140127388535,626.127186009539,652.0222929936306,682.031847133758,674.0828025477707,615.1971383147853,573.4968152866242,503.8248407643312,373.6624203821656,153.7965023847377,6283.0,506.0,0.9512624354860779,0.08449910813190716,0.22505979742538218,0.31581710310297045,0.3914153427039559,0.4688359843492623,0.5443829195834547,0.6406416779925983,0.7527661473929196,0.9495783761624237,1.9210674398926675,11.519623193566614,1.9853975661745304,0.0640954834222794
35559,18.681732130780514,0.10387686832656504,1.0,0.6670063577496356,1.0113458523927943,1.0535130958639405,0.6743840583720626,1.1195494402922515,1.0301997341280589,0.5861342241242218,1.08842520310931,0.9778708382198483,0.8691400943538425,0.972199318705553,0.9243786868623047,0.6698384282845841,0.7950372370351884,0.8774249608205029,0.9932595825315748,0.7101403550589501,0.9484599776846885,0.6577349688314935,0.9098218030191656,0.9002830448034417,0.9753121543519885,0.8126678199952136,12212.0,21312.0,9.172413793103448,74.0,0.004830917874396135,0.4246575342465753,0.67767929089444,0.5702488136537265,521.0,16.739608902663853,0.014167219016436737,-0.004601812584603795,-3.0786171222695504,0.014970068704636541,0.34967157431122914,0.036545115633872784,0.005887870809033574,8.327618828393218,11.844922569634617,13.07167021596226,13.960838629843144,14.613675447953668,15.101311409145403,15.47823213445902,15.849462456226597,16.168174725877105,16.463782090626008,16.71303603557383,16.85759464837749,17.125084538489595,17.4789664225542,17.726236722163318,17.999208422338356,18.36467207796146,18.674537087844115,18.681732130780503,18.681732130780503,35.33870967741935,111.06451612903226,177.9516129032258,242.0,309.06451612903226,373.85483870967744,416.448,464.6774193548387,495.88709677419354,503.7741935483871,498.7258064516129,438.741935483871,426.1774193548387,436.408,396.5806451612903,341.5967741935484,331.66129032258067,307.56451612903226,186.5,62.0,1242.0,302.0,2.446344402570184,0.5990425878080897,1.3684560253618172,1.5954546198670068,1.798264779418775,1.9665798531333818,2.1540645620818273,2.4315686126958194,2.69325569243007,3.1264829845346833,3.9946320140943614,7.7656534511027715,1.2772562209033784,0.539006887793075
35560,26.163277638298492,0.13896180582426385,1.0,0.6569282198872279,1.054925448735346,1.0337137190583279,0.6896091697953834,1.1065892634731553,0.9890256752327837,0.814050887630683,0.9899721321708692,0.9567694198097195,1.180452527729907,0.8946157032680129,0.9998292076337083,0.6299595901135098,1.2146061937065744,0.9672206039255365,0.9135023397389386,1.0976124871249842,0.9645052286074992,0.6187618206023698,0.9903562046502781,0.9330486872962518,0.8972644908216127,0.8949627809887956,191698.0,293656.0,28.708333333333332,168.0,0.0006320541760722348,0.4022936608271627,0.6573054000361206,0.5784926190319454,5831.0,25.66324382971267,0.001446920135046442,-6.178790695776637e-05,-23.417529518121555,0.002350037550340819,0.17316773141947703,0.01672500669049361,0.0008273757802269596,15.345196503367763,19.723138271052402,21.208205112755977,22.153960282119353,22.8433110369525,23.37495011367252,23.826511262620244,24.24200657039984,24.594777867475038,24.9218077241614,25.21442580862726,25.476678707247604,25.679882550969666,25.855586314423086,25.97180700755534,26.11536186179771,26.163277638298474,26.163277638298474,26.163277638298485,26.16327763829849,270.4074074074074,868.0704607046071,1455.2382671480145,2079.3342366757,2700.0,3268.9683830171634,3721.370036101083,4241.684733514002,4644.574007220217,5032.381210478771,5423.458897922313,5732.270758122743,5758.314363143631,5643.425992779783,5143.09756097561,4757.077617328519,3876.0,2768.5,1661.0,553.5,11075.0,2630.0,2.271206455208589,0.29226995540594003,1.1198178383735409,1.3831193302089417,1.5759932613028276,1.7738706718734139,1.9802251603662526,2.239362623102725,2.5673683496010526,3.043574793154927,3.834031419159239,9.700913501046706,1.3474480228629517,0.0959802009677514
35561,21.267189946078428,1.606260981896929,1.0,0.6364185514921683,1.2282728938857892,1.1310502391995987,0.762236399584268,1.4105266014421942,1.9257370588534064,1.0549641876093117,4.23454390947364,1.70260965615124,1.3840380598259288,3.002101417402569,0.9009058698734761,0.5583240019688407,1.1564597871650295,0.7965215325103622,0.7324814221327618,0.819878041280899,0.8620577593330525,0.5191564378607052,0.982715318403441,0.762174596190438,0.6810963608453476,0.6967010174772051,33745.0,46059.0,5.9523809523809526,50.0,0.003972758229284903,0.4145371947756956,0.6706416808631459,0.5591267902243293,1055.0,20.708722261041878,0.0066420240967065974,-0.0004023634278749865,-16.50752438357857,0.011164638821227426,0.9082592507941192,0.07595154175037208,0.0042537659529096605,12.315878384381465,15.983419447344462,17.2108799152081,18.06244299198511,18.66337767013716,19.098213160794703,19.459383806702874,19.804497012811836,20.056201137690383,20.270844426190198,20.52783186109193,20.698417908818513,20.809748572264034,20.96698450074011,21.225876832526453,21.267189946078418,21.267189946078418,21.26718994607842,21.26718994607842,21.26718994607842,59.25,183.13636363636363,295.17045454545456,415.6363636363636,539.1818181818181,649.7386363636364,767.9774011299435,892.0681818181819,950.3181818181819,942.5454545454545,1002.875,1021.2159090909091,958.7840909090909,899.5536723163842,932.0795454545455,792.5,616.5,440.5,264.5,88.0,1762.0,544.0,1.9883591926181572,0.3201727278942727,0.8857532119478291,1.0690893297027844,1.2478636815301356,1.430045352392584,1.6209633783554769,1.8335850840956318,2.1378965450688745,2.5330059467123975,3.6237210516270846,10.13972296437058,1.7125326066087465,0.766703099468723
35562,26.5449701787825,1.0741560001760333,1.0,0.5981262169239338,1.3029906447986965,1.1527843110339522,0.7811900958614905,1.4378180384349053,1.4941929785238273,1.6141545641747332,0.8059412255590672,1.2961600571954868,2.0662762786241626,0.5605307514686287,0.9444262651473067,0.5074607111166877,2.333758354468716,0.8192566953832278,0.6495995197648581,1.6231249658051727,0.841673001075656,0.49196435766217517,1.0705089184388115,0.7301218389420523,0.6297626663067721,0.7445371318362946,68999.0,99327.0,9.26086956521739,56.0,0.0027196083763937995,0.4202937976060936,0.6789989118607181,0.5506890228010726,1905.0,25.3777374234057,0.003934496519785044,-0.0006776132600873377,-5.806404259677453,0.006928948361971291,1.097163205179381,0.04630748055413982,0.0024944025728442704,16.90962871284745,20.587105086209725,21.96797929347768,22.82209331196697,23.404175110946227,23.85042197170183,24.239199031816103,24.602861651636104,24.869503985935804,25.137225807348134,25.347835520218585,25.497735832713694,25.687527912109317,25.857001119080145,26.026754026474848,26.218241679323697,26.426855244390584,26.544970178782485,26.54497017878248,26.54497017878249,121.7465940054496,357.33152173913044,586.9046321525885,812.8097826086956,1046.3532608695652,1224.858310626703,1404.7880434782608,1606.3423913043478,1691.3678474114442,1804.570652173913,1851.391304347826,1757.8010899182561,1717.4510869565217,1589.4130434782608,1450.991825613079,1314.1576086956522,1172.3423913043478,919.0,551.5,183.5,3677.0,1152.0,1.8938015200629823,0.2881695914063536,0.9277890689581059,1.115784018698289,1.2878107285161742,1.4963802831478152,1.6673334614256254,1.846495525439935,2.0931823542075114,2.4313911861043893,3.1045723543390027,7.7963376064255225,1.0388390070248343,0.319840326362755
35563,18.007394569445484,4.327250254456797,0.9999999999999999,0.6672329239191906,1.0581439490687319,1.0275073355485942,0.6814671041722589,1.151207533072249,1.1912199250557993,1.0844395495326813,0.9136760214287752,1.1593298498640865,1.5913307376001535,0.7936675144840574,0.7857283381881924,0.6185366256067013,0.48090016200421515,0.7646936532756585,0.9076544147468486,0.41773541971257594,0.9998172138280594,0.6656390952460971,1.0342568182800826,0.9730511688213391,0.9767736273266086,0.898410398271059,11040.0,17382.0,5.161290322580645,36.0,0.0075107296137339056,0.3952738990332975,0.6541353383458647,0.5733170166793541,447.0,16.84066480467991,0.018830976364018617,-0.001807118753114757,-10.420442116248017,0.014694032561749396,0.6848527586947022,0.04726818113066766,0.007548090504472229,8.182255973852225,11.370761248740358,12.813096673877737,13.831237037632048,14.640473007369929,15.217817561127909,15.669705597329505,16.109079787417446,16.389805629403018,16.706149193503467,16.945271033577654,17.13270096110366,17.35065927872597,17.610378376337746,17.790169496675958,17.98999155107593,18.007394569445477,18.007394569445477,18.00739456944548,18.00739456944548,28.989247311827956,83.51612903225806,134.51612903225808,172.8709677419355,214.27956989247312,267.0860215053763,307.9468085106383,360.23655913978496,395.02150537634407,423.35483870967744,432.61290322580646,416.40860215053766,402.6559139784946,415.4574468085106,409.78494623655916,412.2903225806452,326.0,233.0,140.0,46.5,932.0,236.0,2.3418576176450774,0.39989852290839023,1.1559183205642798,1.4302732224073622,1.7101910474848157,1.9657152520856869,2.1647194953575295,2.353043819781565,2.6288474416672845,3.059540981891933,3.853332089822203,6.775769822214925,1.2157136320770183,0.938331129942089
35564,15.779491324077286,0.776096276324244,1.0,0.6889419046244508,1.0150120735382198,1.033825273608128,0.7250360256927796,1.059830466081359,0.8446420120607108,0.5121126197970882,0.6724331346841975,0.8170065422301456,0.7063271363760982,0.6344723578012123,0.9368451154705735,0.6936344862856172,0.8256898572762044,0.9061928929256233,0.9566896839682444,0.7790772993431003,0.9735258963233698,0.6624930475895938,0.9962125302135322,0.941673531471804,0.9137381097119619,0.9399734788687014,19379.0,34965.0,14.74074074074074,76.0,0.0024813895781637717,0.38629592850049654,0.6469712015888779,0.6075620745972364,1235.0,15.193685959343522,0.0059911591548311065,-0.000322813125112961,-18.55921797707153,0.007449550669192176,0.130591211864196,0.01968527983976592,0.0030763273983730128,6.610618631876482,9.758251323918598,11.19957310764673,12.265256082555819,12.896057618886944,13.436586704843117,13.8890573690474,14.247944837581564,14.583227123121965,14.841620677294681,15.081434771519362,15.270241422874012,15.453604656296704,15.554953967385444,15.749316973135087,15.77949132407728,15.779491324077279,15.77949132407728,15.779491324077282,15.77949132407729,68.43781094527363,181.08955223880596,282.3514851485148,402.4776119402985,489.55940594059405,627.6268656716418,779.5990099009902,912.2985074626865,1049.529702970297,1122.313432835821,1188.0796019900497,1201.529702970297,1176.6218905472638,1073.509900990099,1073.3532338308457,906.5,705.0,503.5,302.0,100.5,2015.0,509.0,2.499201148622668,0.10455050188793381,1.2218924309193864,1.5575591473861032,1.8453463788470148,2.04850418999109,2.3269783184768458,2.603685057631416,2.8995379481795,3.410871496278925,4.020691132291801,7.2047129384372415,1.3064733316191013,0.843252668878995
35565,32.243762317636076,0.9312857020190455,1.0,0.5835543128607089,1.3497042397876444,1.1776266725612279,0.7467130029274901,1.6148599570081026,1.8745686909366985,1.0683400905489762,4.3878782680597075,1.5918191517008415,1.4307238341378097,2.717188106013388,1.38367065860484,0.5148669745245892,6.18701941811676,1.1749654545404322,0.6895111944027383,3.8313040033388583,0.8142854335806512,0.4852826105926359,0.9526765065928614,0.6914631373028063,0.6498917371066049,0.5899437300791782,96703.0,139571.0,14.755555555555556,98.0,0.00170261066969353,0.43122043519394515,0.6792809839167455,0.5440228260950788,2935.0,31.57842556050092,0.002469531906971068,-0.00019158425231188204,-12.89005686621305,0.005924782708726022,1.1744444957760316,0.15423295546881297,0.0020589725230567013,23.018881246819962,26.757795058340463,28.027025059656538,28.843130836482754,29.427489886112095,29.9383891274997,30.374777721997187,30.738674382966003,31.00054561890711,31.201133400999307,31.41381454970575,31.60791027881152,31.771075382759964,31.912349038241782,31.97929164284842,32.17734671279127,32.24376231763607,32.24376231763607,32.24376231763607,32.24376231763607,176.52651515151516,548.1965973534972,931.5681818181819,1279.2873345935727,1555.409090909091,1851.3799621928167,2211.9204545454545,2558.943289224953,2712.496212121212,2737.2060491493385,2857.7145557655954,2904.2386363636365,2823.5425330812855,2695.068181818182,2328.803402646503,2225.6666666666665,1850.0,1321.5,793.0,264.0,5286.0,1851.0,1.9648013466078038,0.4822757121529842,0.9771121011571622,1.1788352531281476,1.3455115025265363,1.5245113188651183,1.69868912140423,1.9105627899391808,2.1903287386561088,2.5476715576573596,3.1452296311339842,13.648758688610153,1.1747665699409169,0.400396464348305
35566,14.963336637098369,1.0446559010415837,1.0000000000000002,0.5725139934096609,1.3927572211003656,1.1852297439683968,0.710761296958543,1.7907875519106857,0.6273006240170738,0.3416975391962351,0.41830911672795695,0.529265003016833,0.48074865733180955,0.23358947089041404,0.6936458132720581,0.4331046856866049,0.6769990881723162,0.585241651926138,0.609353221032049,0.3780454512596931,0.8439856566632065,0.5013948487485096,0.9843821934039394,0.7120861258825366,0.7054335272531796,0.5496923363989492,31821.0,44459.0,6.615384615384615,48.0,0.003972758229284903,0.44179443498012494,0.683702441794435,0.5405292906410355,961.0,14.669647674034415,0.008235916215621744,-0.00016710265244846968,-49.286567836866006,0.007903850503155471,0.1466358392898689,0.0170192407201513,0.0034604137739048676,5.913074693417351,8.770838761200348,10.169025085586266,11.164191673038788,11.901604097726596,12.424601246799067,12.909378593628775,13.283055429982793,13.563151627993818,13.780793645925552,14.030618377162112,14.29970403173737,14.528328517645575,14.72243350068441,14.859393046547076,14.963336637098363,14.963336637098363,14.963336637098363,14.963336637098363,14.963336637098367,57.63636363636363,167.9318181818182,270.0681818181818,363.0568181818182,459.70454545454544,548.1022727272727,652.3502824858757,759.5909090909091,807.6022727272727,803.375,825.4204545454545,886.4431818181819,937.0227272727273,936.4689265536723,881.6818181818181,792.5,616.5,440.5,264.5,88.0,1762.0,549.0,1.8280623263952898,0.2534871532080749,0.8952778286499015,1.098695436067882,1.2459389531855476,1.40814032048294,1.6376677934516497,1.846636504780481,2.1128870064480862,2.4214386082642663,2.9168333205093777,9.871120128257061,1.0102499629851316,0.404237815071829
35567,43.23124480591858,0.35219088975585944,1.0,0.7168872890409421,1.0806817103329158,0.8791277931600829,0.6828806577699614,0.6779195254497351,0.750596385450422,0.627762469744414,0.44313146371653334,0.8537966735784267,0.9192857677276388,0.6536638156609486,1.3667501552996606,0.8025288037428349,3.1540484156291715,1.554666074640624,1.1752109165950029,4.6525410424441755,1.0835456053615937,0.7822941437074679,1.087646330961005,1.2325234326476215,1.1455795896491703,1.6043885595999836,27868.0,35472.0,2.32,24.0,0.006065857885615251,0.46747614917606245,0.7025151777970512,0.5088841857816252,195.0,40.984354428010334,0.1410367741634921,-0.01540204364725226,-9.157016912405206,0.037189118747756045,0.2886062437637143,0.06860212097037444,0.015993797403013186,8.15235903563149,18.78638531972079,23.155661083301048,26.947037695130142,29.92606342836945,31.46653383368269,32.848842481770966,33.92763162051614,35.04425466791634,35.84105718431111,36.74292789542534,37.5465273335902,38.31983817310097,38.97943780053473,39.696802753858854,40.2986408421113,40.89345477091236,41.370101978456056,42.34530345039364,42.996400162985786,10.652173913043478,29.217391304347824,40.03448275862069,47.243478260869566,65.58260869565217,88.0,97.90434782608696,113.91304347826087,124.17241379310344,129.81739130434784,136.97391304347826,151.79310344827587,159.24347826086955,169.7913043478261,185.39655172413794,184.0608695652174,174.66086956521738,114.3103448275862,110.56521739130434,54.5,1154.0,145.0,1.976381406227165,0.3720934191041528,0.821295910295872,1.0334817306954516,1.467800060133597,1.6887139354913814,1.78456001740573,2.0092939497105107,2.27077674476995,2.697284861030386,3.452441838908902,6.5889694817872515,1.023215372911143,0.505802040488925
35568,21.47695596361886,2.050963040021128,1.0000000000000002,0.6627760449131307,1.0591145935089925,1.0480328794460863,0.6877127511232486,1.210920701958437,0.8270570657972108,0.4153342042820302,1.4055144202281187,0.7891518310325654,0.6039355873562915,1.160698977195586,0.9052627534127188,0.647092182633334,0.7830809473552078,0.8637732376212993,0.940933815137834,0.6466822691929549,0.9565844908011295,0.6445948085712725,0.9111079918433542,0.9127428247353369,0.9373023948130217,0.7524092951502176,279977.0,387889.0,38.765957446808514,344.0,0.0006486135884546781,0.3896862077353442,0.6514230114327414,0.5938658190813564,5538.0,20.681682675691427,0.0014874075234500327,-0.00010283311765530208,-14.464285021833547,0.0015751230782127409,0.16915368599384084,0.00711680723719869,0.0006338906125062754,11.740205947221813,15.237619738238795,16.585992786927843,17.394597472298063,17.990725119301537,18.51379810742381,18.950683997139844,19.304452025837456,19.61137371092588,19.92140058398588,20.199266532023277,20.480151723895027,20.72678385130949,20.951208540355356,21.127684015070226,21.35721171247548,21.470491064521152,21.47695596361885,21.47695596361885,21.47695596361885,408.77372262773724,1143.345498783455,1967.3784440842787,2666.2465531224657,3187.7672343876725,3672.6150729335495,4112.499594484996,4504.179237631793,4719.9230145867095,4971.592862935929,5121.965125709651,5347.19205834684,5466.128142741281,5447.686131386861,5136.013776337115,5008.83698296837,4290.124087591241,3083.5,1850.0,616.5,12334.0,3125.0,2.461350070729455,0.2868921627528894,1.2984387100916084,1.567959913988121,1.7856492046625556,1.9930202896513318,2.2158468159105995,2.4737197438234992,2.788830667914859,3.2366072002584256,3.967548664824212,10.98298742258427,1.2981275530404557,0.145824277384672
35569,20.113302929668023,3.1462590809348288,0.9999999999999999,0.6370850094169556,1.149229265288922,1.1005473814745663,0.7260179879612425,1.3360070302999603,0.8137207389222609,0.5931590015476493,0.6763095229955824,0.7393781972676168,0.8170031753804347,0.506217039025414,0.8513568806241865,0.5130042381997273,0.9998268928492429,0.7735758541204265,0.7065999006998617,0.748369484721021,0.9058587423545758,0.5657479317281908,0.9384292487098949,0.8230983577834355,0.7792478163204856,0.7024134060875404,77148.0,107688.0,10.954545454545455,78.0,0.001999500124968758,0.42625,0.678,0.5506610085278394,1949.0,19.412054246024557,0.004192694344360329,-0.00029316289990105794,-14.301585725121962,0.004241760962183299,0.16265022694079814,0.01655474128960063,0.0018805575495279,9.710962714156015,13.530005493876313,15.01618552488321,15.941104350388366,16.675613187145835,17.219705126132204,17.69577011110515,18.088927374224408,18.43898521453433,18.747210428522312,18.997506888533536,19.230472335101933,19.445708366375342,19.641894701545553,19.794729108505134,19.940240185404182,20.105805852216637,20.113302929668013,20.113302929668013,20.113302929668013,105.28,331.29,544.81,747.2,954.44,1147.64,1356.36,1478.665,1627.19,1789.295,1861.135,1907.5,1918.065,1906.835,1763.495,1563.88,1392.05,1000.5,600.5,200.0,4001.0,1162.0,2.108039097274549,0.4604922606530655,1.0994573797509548,1.3283202718437794,1.5544679626198534,1.731059231092299,1.930010509025022,2.1074142862835115,2.3295335311137575,2.7252538279500396,3.2281740683551803,7.6295523233965,1.0054572324175042,0.292410251577385
35570,21.82261032225748,0.6048271275227408,1.0,0.7552250965342987,0.8947325838207028,1.0440640824154663,0.7583618296419117,1.0051256451361206,1.246017191847734,0.33904563395069476,4.436300071134191,1.1934298026659864,0.44707634363769017,4.413677128428455,0.8422061425811179,0.6304769309013138,0.8296873939521264,0.8066613503575897,0.8313669099076579,0.8254563973837966,0.9698878544936806,0.7753180643893964,0.6980325542416445,0.928954334153343,1.022359029799128,0.6944729324333501,13617.0,20287.0,6.9655172413793105,62.0,0.006006006006006006,0.4278557114228457,0.6673346693386774,0.5643578646093108,384.0,19.800412876105746,0.024615765901745214,-0.005568918146413934,-4.420206089327487,0.02126030380233942,0.4697221318467957,0.050463992716296126,0.008604591922095681,9.054825616524937,13.36327529865458,14.809033279263733,15.853400402028749,16.700658291701668,17.28326644880865,17.837571022282575,18.362331725930854,18.813083657016968,19.169571565834982,19.540881528833815,19.84183885431882,20.08944091239438,20.3997838325389,20.667204292448176,20.904818051097095,21.152730775239785,21.435832609615037,21.7133791243389,21.784461483257438,18.95959595959596,60.92,99.56,138.96,180.0,219.4,251.05050505050505,289.46,319.04,341.58,359.42,377.12,373.5,357.0808080808081,329.16,295.06,246.32,204.98,143.6,49.5,999.0,172.0,2.3996227692086793,0.423127134665344,1.1726425795642754,1.6619771407412793,1.868953950799828,2.077510317793205,2.329848155798886,2.6290141968527516,2.870358087291482,3.213884650779956,3.4674545424203536,5.654997266690079,0.8923975963512941,0.470522436115425
35571,16.603032816209193,2.257253919201411,1.0,0.6632733808084483,0.9851415456561444,1.0468059219207655,0.6928258800105549,1.042109703967895,0.805622084308732,0.4721006879457999,0.6527531727812298,0.7696002357633881,0.6814131826868356,0.6263766379833458,0.7878537932646902,0.5560286836306819,0.5460149552885091,0.7526264198229519,0.8025518383092316,0.52395151221558,0.9884052867913878,0.6613289564278766,0.9959455451813851,0.9442106374195711,0.9545384713657081,0.95570124852428,12175.0,20291.0,8.296296296296296,48.0,0.004340277777777778,0.37271937445699393,0.6481320590790617,0.5938015869907889,515.0,14.686979884211253,0.01489580285859471,-0.0036114943706374936,-4.124553807892364,0.012463752299746118,0.30708385510531144,0.0290217061412065,0.005828384863191501,7.038627883811072,10.024326157470435,11.388453135742699,12.290264258629012,12.863029245327601,13.356547011839266,13.77362811506215,14.118368621911273,14.469480072067752,14.740093716741455,14.862403436524989,15.033616062655678,15.324117790205857,15.615167781933447,15.986407767897134,16.365488132637218,16.600682045336757,16.603032816209183,16.603032816209183,16.603032816209186,34.756521739130434,112.71304347826087,178.0782608695652,248.9217391304348,313.3652173913043,364.60869565217394,406.13793103448273,435.95652173913044,475.5826086956522,500.6695652173913,443.3391304347826,395.7826086956522,392.0695652173913,384.17241379310343,394.82608695652175,421.4086956521739,402.2695652173913,288.0,173.0,57.5,1152.0,279.0,2.341075538680227,0.4501187219431204,1.2334679418959673,1.4714149022171035,1.658937337188449,1.8712969835474904,2.142435235343847,2.3424907701350097,2.6977287191859034,3.093068730386643,3.8329525354733653,6.545660711079528,1.1244367572087288,0.608345050055068
35572,26.591088775787984,0.9160700209830456,0.9999999999999999,0.6909826421564111,0.9739103633877122,1.0081825432034404,0.6895161457891354,1.0413630669744616,1.6251817678353657,1.3198006758107552,2.049914413150974,1.6119915771120643,1.9140968400388558,1.9684915647207664,0.8854238688954148,0.6450176446853646,0.6848992001938362,0.8782376513701903,0.9354641637102735,0.6576949211226758,0.9971698889673445,0.6984803518657728,0.9162893315601403,0.9890767259259382,1.0130007196080637,0.8798942084841688,190711.0,313953.0,57.73684210526316,376.0,0.0006091061367443277,0.39016218685753445,0.6477575572984086,0.5953789635959409,5869.0,25.79264908007738,0.0014498392263862766,-0.00011879889230031963,-12.20414768448456,0.0019550002859061097,0.3675243519755236,0.011464539980005033,0.0007168717563673607,15.801194726813794,19.617065794909223,21.09956404029927,22.085892762815384,22.809626169586114,23.382964604014493,23.867328813407024,24.293135506250287,24.644404203348063,24.944093457425247,25.23269154678014,25.490575330981475,25.758069799795965,25.92264559128605,26.178196691771067,26.35898617253192,26.521427064408027,26.591088775787973,26.591088775787977,26.591088775787973,364.4523990860624,1045.2833206397563,1671.1468797564687,2315.200304645849,2952.2322924600153,3522.5700152207,4039.375476009139,4618.023610053313,5007.000761035008,5297.754760091394,5561.8469154607765,5630.1240487062405,5764.179741051028,5336.8050266565115,5322.4025875190255,4919.229246001523,4308.079969535415,3283.5,1970.0,656.5,13134.0,2844.0,2.498847165406294,0.19283765509133322,1.2202956192661158,1.5315453010362727,1.803622650197901,2.0713918705716803,2.3333730246262814,2.585993337612687,2.9089106596090115,3.3868095064309256,4.047302366422935,7.601565390244412,1.3003427707494934,0.0925134128541686
35573,19.596280278417368,1.1136160455083852,1.0,0.6697033873248768,1.0665763992934414,1.058878364001693,0.7066408541309666,1.2379535977064342,0.7212451223293782,0.5106725402764168,0.4285195199481137,0.6811406738009664,0.7226762184652438,0.3461515203332621,1.0193454235542445,0.732741406982446,0.9306462682357166,0.9626652675213361,1.0369360937722434,0.7517618349830978,0.9320126357786578,0.6344117230017502,0.8888893966778308,0.8801885726103736,0.8977852317666456,0.7180312721936289,39871.0,64887.0,17.4375,112.0,0.00266755585195065,0.42628418945963975,0.6697798532354903,0.5677518042848501,1134.0,17.09405079253937,0.007776041590582902,-0.0021437099824426443,-3.6273757431135873,0.006164998076353898,0.1130066333673017,0.014439442539078395,0.002623980921065766,7.841780199505584,11.854205003504273,13.332188908627234,14.230937937201173,14.95700169095786,15.552028199122741,16.029962360227938,16.42523065346659,16.75999056806893,17.09443248587287,17.313594507204627,17.65663518019736,17.959997561755312,18.193333989678152,18.45230564311667,18.71821568520455,18.9624382641061,19.12674779483706,19.29528044687968,19.596280278417364,80.93311036789298,230.06,398.49333333333334,533.4733333333334,648.1533333333333,772.4866666666667,897.9197324414715,991.7066666666667,1032.8266666666666,1097.8933333333334,1042.06,1049.5333333333333,1057.6733333333334,995.9096989966555,945.6466666666666,887.9,769.5,593.5,349.7866666666667,149.5,2999.0,739.0,2.4123075721470006,0.4269926874736576,1.2202094387618552,1.527600475024652,1.7338909011539918,1.9608331749510615,2.2082809251477733,2.4753541808607764,2.7641672968833495,3.128147621972154,3.845742033186969,12.457755442205565,1.367322090555087,0.174710553451441
35574,19.087099369077183,3.521693774090766,1.0,0.6426090848775059,1.2452541440756189,1.0942491490670072,0.7130686287872119,1.3847650384372638,1.0746577962400965,0.8379835738733765,1.2500788179169686,0.9820960767082936,1.1751794147761347,0.9027371310065053,1.1475041144888842,0.6620153764100183,1.6864396875787622,1.0486680437149838,0.9284034519033252,1.217852589260879,0.8798141889786328,0.5344982055102108,1.02197738675576,0.8040346110653057,0.7495747028154724,0.7380150122139729,14635.0,24647.0,7.212121212121212,64.0,0.004431314623338257,0.3924611973392461,0.6600147819660015,0.575128889104475,760.0,18.04307828456456,0.010205994997342985,-0.0012412042191206733,-8.22265574038524,0.011504364815215384,0.28857620326242056,0.05493274458574275,0.005176730782279094,8.881307522263551,13.088600520657568,14.764889405375248,15.588891614449945,16.263476787554385,16.81328054567541,17.17254184364522,17.518817488318646,17.784525503012294,18.00854323382481,18.171710518934923,18.380150431177217,18.525348698639753,18.61909987597919,18.795120563228746,18.859734261673513,19.049104199171275,19.087099369077176,19.087099369077176,19.08709936907718,41.785185185185185,110.96296296296296,197.27941176470588,285.9037037037037,382.4148148148148,474.1617647058824,566.4666666666667,648.7851851851852,699.1029411764706,738.0074074074074,728.0148148148148,742.6617647058823,727.9333333333333,656.8296296296296,633.0147058823529,533.1185185185185,460.5925925925926,338.5,203.0,67.5,1354.0,394.0,2.2031511001159343,0.44947759201777837,1.012260663216591,1.2483881875942269,1.4774083358678984,1.7107249700443756,1.93619072045802,2.180206953173318,2.433334905199571,2.805837523863927,3.844861910521455,7.278953029262454,1.4890219850546247,0.895297762786504
35575,14.893654996516627,0.5170863451846142,0.9999999999999999,0.634399222202771,1.1238836163322792,1.1444743417984546,0.7371479600838999,1.382963155362642,0.8772465777320076,0.6187909737269767,0.6768696252530814,0.7665061117521265,0.8394393082991748,0.48943431546127625,0.8554425930930079,0.6335568324912637,0.6538500629661174,0.7474545840396427,0.8594703733822369,0.47278921382013545,0.8548208637145664,0.5436615860298349,0.8567506058204077,0.7469113395511168,0.7375203018508755,0.6195035655854112,23071.0,37397.0,11.066666666666666,86.0,0.0025614754098360654,0.41722193746796515,0.6709379805228088,0.5643994324154996,1022.0,13.627983044622022,0.0069191658643936935,-0.0011486971756483307,-6.023489925000016,0.007368820426105593,0.10261962328265727,0.017195747585637376,0.0030646233550277228,5.781134989896267,9.051655045343756,10.425344539811586,11.262717383257451,11.865150764833512,12.305706491715434,12.728501035688943,13.061875080773937,13.35422638981313,13.582401301774844,13.7761386557256,13.96350472415963,14.151963664607113,14.31698514222615,14.513276073046972,14.66428963650248,14.789111282650838,14.892699913931603,14.893654996516629,14.89365499651663,63.54358974358974,182.51282051282053,314.64102564102564,433.85641025641024,564.0769230769231,678.4820512820513,791.1632653061224,881.0512820512821,965.1692307692308,991.6153846153846,976.1743589743589,981.3589743589744,944.9230769230769,919.5714285714286,864.6102564102564,778.4307692307692,640.3128205128205,487.66153846153844,293.0,97.5,1952.0,587.0,2.280233949659318,0.4199048990489757,1.1751570384428252,1.459459402829029,1.6328906521514996,1.8598154832219076,2.0538423357246445,2.2797888044521257,2.541748451720924,2.969821204003327,3.6757201473806345,6.442695317838285,1.1026586472546245,0.733072667401284
35576,21.271191802621168,0.29543535410937255,1.0000000000000002,0.7340133418667294,0.8786690373184768,0.9409457004677534,0.6090382395425769,0.8199426336347831,1.2814346463723179,1.201444704358372,0.9475316236706279,1.3618582302201967,1.9726917397842325,1.155607215434385,0.9764286327505417,0.7738094698766674,0.6786565197371957,1.0377098617541367,1.2705433249279114,0.8276878063148515,1.0757543205782811,0.7913871534735228,0.9932858330628119,1.143269287530102,1.299404704157658,1.2114089355978517,8469.0,14641.0,9.6,46.0,0.006787330316742082,0.41223103057757643,0.6511891279728199,0.5931036689510026,278.0,18.74857063223122,0.03856526836127154,-0.010633465477206916,-3.6267826743724423,0.023755103565698522,0.4719162866258557,0.03808468793644794,0.010317341475657542,8.349224071754271,12.425426376465667,13.814021583418427,14.672817660263256,15.267395422874023,15.886504026670233,16.442463810342463,16.65673053888244,17.16161629472869,17.696809200790828,18.144102888803683,18.540180069849452,18.908940185683893,19.273795365745936,19.50945429195422,19.819019744348452,20.131202047790584,20.599935662618385,21.020862652303865,21.249779745475944,22.113636363636363,75.22727272727273,126.20224719101124,168.75,180.0909090909091,197.08988764044943,235.47727272727272,196.75,197.77528089887642,227.9318181818182,246.86363636363637,265.80898876404495,267.25,249.27272727272728,218.06741573033707,192.72727272727272,155.79545454545453,134.37078651685394,107.88636363636364,42.359550561797754,884.0,185.0,2.6312006919471584,0.659332530480951,1.3604791227108957,1.787236550403531,2.1182675343495965,2.403174437836943,2.587060174894949,2.8418029211646663,3.0146998802966545,3.2511937560773654,3.8221800327885593,6.37932160438765,1.0342821997495126,0.712219073008746
35577,18.752271383038348,1.3633214175945896,1.0,0.7538124572663449,0.938513679337776,0.9999018141556614,0.6879499036020997,1.102655266312558,0.678457657205455,0.6262677462691155,0.2447166113369799,0.6785242786846619,0.910339172939749,0.2219339251472025,1.216690000915376,1.001290429981815,1.045012891810592,1.2168094743810174,1.4554699764315207,0.9477240292020457,0.9545403405002247,0.7873460092658071,0.6976685207641243,0.9546340720526236,1.1444816041738943,0.6327168083069434,7347.0,11191.0,4.538461538461538,28.0,0.008130081300813009,0.44625407166123776,0.6791530944625407,0.5520017787869391,177.0,16.938365508947516,0.07532418106403876,-0.007837912314413198,-9.610235231328698,0.02832076541603218,0.10178582827193007,0.03643372955595198,0.016184221292041022,2.5954494454796264,6.064648166800555,8.666361938507166,10.25757184313124,11.318328834408641,12.173217492190846,12.910148634745052,13.535132207235094,14.062821568112636,14.467148073422564,14.878029995267157,15.35157509458105,15.826043553298284,16.13495755049085,16.440420777677904,16.753166561838967,17.011403385679944,17.1869388267507,17.364518759985835,18.13114488188972,17.016393442622952,30.901639344262296,47.33870967741935,69.54098360655738,87.88709677419355,97.81967213114754,116.56451612903226,136.36065573770492,151.1451612903226,150.7704918032787,137.21311475409837,150.56451612903226,159.39344262295083,164.24193548387098,170.0,170.11290322580646,157.91803278688525,115.01612903225806,67.60655737704919,26.016129032258064,615.0,115.0,2.5478372897566244,0.48647972393420486,1.3632090702776434,1.716733117801491,2.01749725004935,2.1886920138909036,2.4318814855119832,2.613406916607017,2.853861274524368,3.49938662566765,3.9108112908988657,4.908869148144703,0.9399766280120847,0.822085541058332
35578,23.573468781426694,1.2492208144363945,1.0,0.6827567610754056,1.0096483590374576,1.0065925790054067,0.6956641411586132,1.0170882597073012,1.2555522691683754,0.8248824177494443,1.5826785661005502,1.2473291531802873,1.1857480771908422,1.556087734761598,1.0082247931797192,0.7196586259534534,0.980168875957601,1.001621524148256,1.034491478538592,0.9637009046193052,0.9913647458085357,0.6656480641192349,1.000643661215337,0.9848718999975966,0.9568526315164281,0.9838316897919,116621.0,198745.0,42.529411764705884,262.0,0.0009011038522189682,0.38166047087980176,0.6461642446772559,0.6036805733647361,4591.0,22.57289268456365,0.0016704859570433662,-0.00022596104059527562,-7.392805205015031,0.002514841496788363,0.22222819146689943,0.015269691508052942,0.0009420476272209253,13.660729849219736,17.6046790952633,18.969490103655133,19.781718770875784,20.3907530250413,20.891374666164,21.301531548923638,21.652431780354373,21.90069674360655,22.108365609116557,22.366278678348245,22.567007577331587,22.574822204079997,22.772311185508,23.097838524619267,23.46339038334459,23.573468781426676,23.573468781426687,23.57346878142669,23.57346878142669,277.50958286358514,839.2725225225225,1424.3626126126126,1946.2094594594594,2510.9740698985343,3045.0585585585586,3574.6846846846847,4002.662162162162,4097.908680947013,4054.7207207207207,4294.605855855856,4302.790540540541,3447.445321307779,3193.873873873874,3325.7837837837837,3615.538288288288,3107.0,2219.5,1331.5,443.5,8878.0,2133.0,2.4485336521629635,0.17583348001544813,1.1613921921472001,1.4426731035856184,1.7015989402775242,1.9418626364388183,2.175705812765438,2.4660040775192007,2.83590548646205,3.2776895926727376,4.026754458400904,9.167130271542986,1.5488274764767984,0.188265707623214
35579,39.563025638525616,0.4749818250139707,1.0,0.6092347835531426,1.3023821181010211,1.1321250203022986,0.728584613956987,1.465754007263316,2.351592759744728,2.412852251119435,2.7162815862560423,2.0771493585724383,3.311698057985453,1.853163336273298,2.2662294395185882,1.0161197560271669,7.473339231245592,2.001748392517164,1.3946489351573856,5.098631280701006,0.8557820535354806,0.5313500005086533,1.0447156433851557,0.7559077294369582,0.7292907238637107,0.7127496416235124,35281.0,50693.0,9.052631578947368,62.0,0.002955665024630542,0.41991128634795466,0.6776737309019222,0.5570440487842309,1150.0,38.688982268226475,0.006839720052796822,-0.0007565032128399632,-9.04123067385274,0.019264683988916533,2.207654535884211,0.9040791046844388,0.006320616189664538,29.05172275309957,33.802788472727336,35.15024855513078,36.00241614339356,36.62242340287306,37.108426572639246,37.568573951582835,37.93030491320957,38.21351096374689,38.46531497609558,38.65298138996621,38.747634784823475,38.93162644767697,39.08564845311371,39.28785854128924,39.515073084854066,39.532462794128264,39.56302563852558,39.563025638525595,39.56302563852561,57.113861386138616,174.47783251231527,305.70443349753697,441.88669950738915,599.7536945812808,736.5270935960591,841.6354679802955,945.2266009852217,1022.7586206896551,1095.0591133004925,1110.6206896551723,1015.9655172413793,985.6551724137931,925.6600985221675,906.5812807881773,884.7339901477833,694.2857142857143,507.0,304.0,101.0,2030.0,616.0,2.0458919157388644,0.4623595850030707,1.0277846269367605,1.2407341426745728,1.4463258955168132,1.6059793487762684,1.8465607975869196,2.0839383831248814,2.3735461906417736,2.696287061291359,3.2540914824930374,7.681810899374551,1.0288430984392691,0.794338567510713
35580,29.822503385709027,0.6893516748394455,1.0,0.6224936330967541,1.2898728358249039,1.1189944009042123,0.749092777566754,1.483015199284419,1.7654858542728473,0.9400811589485234,2.5014469984342065,1.5777432423667468,1.254959581912068,1.6867305201195504,1.6019978616430475,0.5673020488901481,10.62351916187526,1.4316406412297866,0.7573188073350421,7.163459394752863,0.8612803254551017,0.5366221409183345,0.8197575276915623,0.769691362851447,0.7163627216663618,0.5527640769205263,16920.0,25074.0,4.857142857142857,40.0,0.010033444816053512,0.42343096234309624,0.6820083682008368,0.5432860458131317,588.0,28.83506576619394,0.014199926682962142,-0.0014796814138953653,-9.596610830962481,0.02437920645261053,2.178188201935009,0.3327651573163878,0.008536840772356408,19.430101742471038,23.05189570075942,24.32606109735203,25.192301509803322,25.903004402627975,26.571289901926768,27.141409864614147,27.53709666637686,27.88565190471464,28.257915047461218,28.513665106305567,28.725583244785295,28.937084425046756,29.079655304095702,29.271383528547453,29.45795345249508,29.48908987974839,29.489107627999076,29.765610473855006,29.822503385709016,37.50420168067227,102.93333333333334,165.42857142857142,223.3,273.218487394958,315.0,369.5798319327731,406.78333333333336,463.7731092436975,531.2666666666667,568.2833333333333,576.5210084033613,565.7333333333333,536.8319327731092,517.1666666666666,481.93277310924367,374.5,255.01680672268907,173.43333333333334,59.5,1196.0,324.0,2.021365227216896,0.5073729670597589,1.1023089112895996,1.2714225306835936,1.4904696671614994,1.6374215313906395,1.7642298751398793,1.9260457429369624,2.124565298910032,2.444002360711988,3.1755215260640344,8.841595575844313,1.1026093742372756,0.687443425566889
35581,18.371499783391904,0.3574366747124055,1.0,0.6804308266927516,1.0229681308962193,1.0982942386799424,0.7787189119040941,1.2377023614228055,0.5197109418752186,0.38447129460212265,0.27998021321092825,0.47319827744873505,0.49372281669906787,0.22620964614552072,0.8929073836195335,0.6085338450215383,0.7111089751963315,0.8129946895585406,0.7814550741211284,0.5745395640829782,0.9313195781686333,0.6463026960179657,0.8390745218844764,0.8479691009651489,0.8299563374384356,0.6779291597374953,11880.0,15944.0,2.588235294117647,26.0,0.00909090909090909,0.45220030349013657,0.6949924127465857,0.5228895292572153,233.0,16.952330690341718,0.049117439374496176,-0.0064128199919722476,-7.659257461769206,0.027335452365219275,0.19092830680749034,0.03858033342546457,0.013023532298598673,4.4488696576079825,7.865922469038646,9.79061727243735,11.14482997188709,12.287274750792633,13.319566881533651,14.102056262582684,14.686289538544402,15.156204438895658,15.59663300797228,15.998104784672867,16.31719501894328,16.678379688758927,16.993308580938002,17.29645520178909,17.64642553968611,17.852618834530592,18.15343711398549,18.368583645590547,18.371499783391904,11.661538461538461,34.25757575757576,51.621212121212125,71.5909090909091,94.65151515151516,107.07575757575758,135.62121212121212,152.56060606060606,171.22727272727272,193.13636363636363,207.5909090909091,205.1060606060606,218.1969696969697,224.13636363636363,208.71212121212122,202.71212121212122,162.77272727272728,137.56060606060606,97.56060606060606,32.5,660.0,143.0,2.12915232895999,0.805288657580237,1.1681507784134142,1.3918296628570583,1.5880816254677113,1.7833114929165597,2.0805486086167235,2.325308196379944,2.4656010244143016,2.8040771511194515,3.0688356145451436,4.58436683351241,0.6515772768817604,0.87759891788708
35582,54.041806762805024,0.38936474523212383,1.0,0.44475366184616677,2.9876513062021552,0.7341173474474565,0.42946016610156007,0.9486965424025462,0.752432480912576,0.42886226385527837,0.933837992340201,1.024948509293237,0.9986077818305964,0.9843379316796957,1.026038685643812,0.4437408966064834,2.521621054396103,1.3976494210515158,1.0332527475936992,2.657984868386019,1.873298825872199,0.4745939265928214,9.728204328467989,2.551770275400389,1.1050941718319645,10.2542845827514,44608.0,54440.0,2.135593220338983,22.0,0.007119741100323625,0.49028497409326427,0.7208549222797928,0.47896533056240687,135.0,37.64095378821117,0.24995902570404557,-0.11363416105717589,-2.1996820619661794,0.034748990944023894,0.06900508221761352,0.023493268135102018,0.03328951295436701,3.925773577461596,10.171271106447795,16.317303907368643,19.17348100259676,21.838368273591076,24.64591442291944,26.675766518912386,28.429442336421307,29.861660196784467,31.211926259540892,32.57108915382061,34.074692069259484,35.89333848847623,37.38290043816193,39.00250339667902,40.68510909423742,41.839896619288346,43.14988400474466,45.923227806719574,50.85028068532594,15.058441558441558,18.084415584415584,29.838709677419356,51.577922077922075,52.25806451612903,61.65584415584416,80.21290322580646,90.4090909090909,100.3741935483871,110.56493506493507,115.08441558441558,102.12258064516129,113.18831168831169,123.34193548387097,104.55194805194805,118.39354838709677,120.51298701298701,98.43870967741935,59.73376623376623,33.89032258064516,1545.0,179.0,1.3461749559855558,0.19584811445909972,0.4945437463944214,0.6808281188515918,0.8059862799860715,1.024995761159952,1.1527239307794488,1.3908552379639911,1.5701670803357517,1.8185540281205592,2.3141537048260052,9.077784793148535,0.9426102981301014,0.24933047369821
35583,21.23267513417583,2.817159453858772,1.0,0.6143542771294507,1.279821385894221,1.1364319587978402,0.7538620827866014,1.46676569300043,1.3483671663496246,1.0313897202219595,0.8796907335262413,1.1864917700624833,1.3681411278963596,0.5997486426933926,0.9030063487806309,0.5324695291318067,0.9240399439858578,0.7945978127329897,0.706322205732338,0.6299846992573386,0.8592505569394193,0.49228951039234475,1.0630181151844997,0.7560950308440519,0.6530233070917019,0.7247361458325219,56179.0,80557.0,8.088888888888889,58.0,0.002816020025031289,0.40876369327073553,0.672300469483568,0.5511959368736936,1966.0,20.814680559571574,0.003718052222848168,-0.00018308870642448527,-20.30738157179386,0.005763854673025684,0.6292900154228014,0.03785880986584402,0.002348568908857117,12.479437489889651,15.776431648856203,17.007179068331503,17.88093259829261,18.4977606513333,19.00305416219617,19.4192769595327,19.7516046845926,20.071337528291135,20.316379826215012,20.518918556698345,20.74588673335029,20.866200443308923,20.944707715825714,21.129506129607186,21.23267513417582,21.232675134175818,21.23267513417582,21.23267513417582,21.23267513417582,113.25705329153605,329.3875,544.4764890282132,740.26875,938.5297805642633,1120.2375,1314.0313479623824,1480.0875,1638.7993730407522,1776.39375,1813.36875,1924.0,1851.2625,1670.8683385579936,1617.76875,1438.0,1118.5,799.0,479.5,159.5,3196.0,1011.0,1.8963258631153808,0.2770733350849822,0.8276056910836621,1.0649383786668125,1.2362283679634634,1.4060078308035855,1.5855025559261466,1.765159247916154,2.0764089048583942,2.464024975050431,3.3633369727054765,9.608890854097755,1.3821718986849603,0.435653617563657
35584,16.377804015621617,2.8509021123093587,1.0,0.689589663789314,0.9425510878766102,1.0328566748943449,0.7115696259016632,0.9450876798588975,0.8079537452623411,0.6113283400309037,0.4787338514237795,0.7822515600676057,0.8591265250484251,0.5065496690161646,0.8831853158178675,0.6090675040809834,0.8146310990373241,0.8550899048100863,0.8559492731427448,0.8619635155533393,0.9896533616770138,0.6797575521014786,0.9755514010982118,0.9581710470896163,0.9552930976222123,1.0322337513106323,12062.0,19296.0,6.615384615384615,54.0,0.005671077504725898,0.4001892147587512,0.6565752128666036,0.5910434766081427,486.0,14.837950157913435,0.016596813950536162,-0.003274391381161914,-5.068671401354227,0.012797447401430708,0.20112074746328124,0.03093047029400136,0.006391749777459313,6.163067891282811,9.593766018650415,10.95102834656701,11.930684873278192,12.520360050771542,13.040887542439563,13.488102568791097,13.914537548358048,14.288700360755355,14.557890493061777,14.798174994356382,15.017441722546025,15.240128348391096,15.437648183549843,15.59986303233753,15.704008183126247,15.959886451658567,16.315688272987664,16.37780401562162,16.37780401562162,28.114285714285714,92.66981132075472,152.61320754716982,211.3490566037736,262.73333333333335,299.74528301886795,336.7641509433962,374.5377358490566,427.2,462.70754716981133,473.7641509433962,464.10377358490564,471.03809523809525,454.00943396226415,409.4056603773585,333.6320754716981,290.0571428571429,251.6320754716981,158.5,52.5,1058.0,241.0,2.4199228155305903,0.18554179407455296,1.225847511016641,1.5719198314688438,1.7327121603965372,1.9659108085489692,2.216782122537893,2.4704858700715713,2.814641715671741,3.334695910914946,3.9216759416994043,5.942585951228387,1.1901213917071625,0.731283334461041
35585,27.054536972675436,1.926921830959307,1.0,0.6779481989329006,1.0207935278521647,1.0400707857762934,0.6867932205208119,1.1874770438926185,0.8604523232725172,0.595441472237472,0.6717591015034015,0.8273016943075546,0.8669879877176632,0.56570281081084,0.9034738278437235,0.6439158691909254,0.7597187271767054,0.868665710256811,0.9375687615300401,0.6397755064689953,0.9642331275077483,0.6732327781034793,0.8576189612184408,0.927084137632093,0.9802554218472782,0.7222194025807154,1356176.0,2114292.0,219.61702127659575,1354.0,0.00013352125213263112,0.3976025161711471,0.6528247581745891,0.5899655166646509,24732.0,25.020358677098773,0.00033378925739828864,-8.882909454644345e-05,-3.7576568702247672,0.00037279115693009503,0.06345071238860142,0.0019900648323613974,0.00014376075689372572,15.63837041575738,19.397137235806866,20.85491383441159,21.804965441843457,22.50535353249617,23.07235002223289,23.532190616536667,23.917275308390526,24.264037317545554,24.578323373393502,24.875187703250422,25.13787818705079,25.39786857588428,25.63577185664206,25.895319805508503,26.14240035386356,26.34721180771228,26.613090523773963,26.9881141937816,27.054536972675415,1844.959050445104,5431.342729970326,8994.809078771696,12364.424035608308,15318.842753300698,18132.45222551929,20465.183503931166,22050.845103857566,23476.8038866637,24209.9234421365,24568.484272997033,24331.824655095683,23749.212166172107,22415.028482421007,21103.66350148368,19164.256341789052,15734.53353115727,12428.150274439995,9463.599703264095,3370.0,67405.0,15442.0,2.451906747428797,0.21590438049432667,1.3473397954926263,1.6318460556323375,1.851416693635066,2.0596962315513743,2.278140891936122,2.5197515346304726,2.793068246555164,3.165778333617105,3.764846002391341,9.775170510198693,1.0392647953136724,0.0171961820079014
35586,18.08118919017582,1.3293949891025685,1.0,0.731355729625471,0.9005064757689697,1.024100213274375,0.7322320481664621,1.025367843874985,0.5594815451822105,0.4345871120711887,0.19021250305470128,0.5463152315859495,0.5935100944562751,0.1855066005735717,0.9185428618485577,0.6669116942462026,0.7693631283357681,0.8969267362143039,0.9107928230076459,0.7503289018975424,1.0039819079264631,0.7663266194013008,0.7877994139826198,0.9803551399685903,1.0465625225230346,0.7683090694608031,28916.0,44784.0,13.6,90.0,0.003319108582266477,0.3913662239089184,0.6470588235294118,0.5871030465987758,794.0,16.943071132618645,0.012170941912573733,-0.0015831409214204937,-7.68784493401459,0.00794677144263437,0.11096766638678474,0.014596691612742007,0.003662166732081139,6.337892455082143,9.858360580901609,11.330754966038015,12.394892166807496,13.196020748551758,13.826123274119475,14.40950439641151,14.883060472201901,15.271140606735338,15.645010864710445,16.01093429741071,16.315127527314118,16.633882164105007,16.939840528013278,17.142764395493554,17.40496272234762,17.715905452584696,17.939332549275147,18.07421094836627,18.081189190175817,54.404761904761905,153.35071090047393,237.24170616113744,307.81516587677726,400.0094786729858,471.73933649289097,544.0333333333333,600.568720379147,633.0189573459716,678.7962085308056,720.2796208530806,735.5071090047394,757.739336492891,774.0333333333333,697.7725118483412,629.4644549763033,581.6777251184834,484.4691943127962,313.69668246445497,105.0,2109.0,413.0,2.4038882126334804,0.4240366225560558,1.3222228032361307,1.6374358861320364,1.870548117422658,2.0587577293172235,2.273648404560216,2.5353399060065334,2.788815575318457,3.0719417245341765,3.6361104496364187,5.979013857858227,0.9473435928383047,0.456753933820873
35587,24.973757282743946,2.4093974963326543,1.0000000000000002,0.7732286039114519,0.829959655824417,0.9893222710429271,0.6970265955035129,0.9307186568165645,1.2213455905079083,0.9467332313107439,1.4223992849870117,1.23452754098054,1.358245492235271,1.5282806190349665,1.0566437936441317,0.8984906470697998,0.8099499696764311,1.0680481220040012,1.2890335216273272,0.8702414674341961,1.0004338237655557,0.818488523729889,0.7061414934306732,1.0112314794156154,1.17425723639517,0.758705639194946,26542.0,42072.0,13.0,78.0,0.0029426189308484553,0.41069676153091267,0.654072620215898,0.5804043860357587,654.0,22.311719103016845,0.01667940806493284,-0.004667117438073612,-3.573813662554288,0.011071815400594355,0.4365579582620483,0.02743918492620886,0.004825967268572042,10.646974392430282,15.033700857839957,16.930399921029217,18.2185961388877,19.177306369332474,19.942463539830158,20.608338838204496,21.16013060288722,21.615430308536805,22.013294786738562,22.353286337800963,22.66762359974669,22.964167876766286,23.272528152604053,23.607559412340137,23.984459852126907,24.24240487703486,24.60218328989874,24.973177562262492,24.973757282743946,44.68472906403941,111.75490196078431,175.00980392156862,246.15686274509804,324.01960784313724,397.9313725490196,458.1871921182266,514.9803921568628,571.0980392156863,607.5588235294117,618.3137254901961,619.3529411764706,600.9607843137255,587.9162561576354,544.9215686274509,532.1960784313726,445.94117647058823,374.7352941176471,305.34313725490193,101.5,2039.0,346.0,2.4955288247877148,0.27322116520816825,1.1836023064972365,1.5242579933147051,1.8245391600538616,2.1617649506086485,2.4487696074325713,2.641081576506977,2.9889276980405866,3.385300616090513,3.9576634651635736,5.779667346983922,1.141156859223875,0.293539165586699
35588,21.391406201120965,0.9925085632945294,1.0,0.7111712829639457,0.8992914553660339,1.014798140665001,0.7371086704143894,0.9247812666746433,0.9528128328236143,0.6001193992209354,0.8574331807853022,0.9389185835512395,0.8141532223241369,0.9271740374548098,1.2823099862666845,0.8043932664578297,1.6510664498373837,1.2636108945039866,1.0912817861789823,1.785358883592375,0.9352257996118721,0.6519451997812633,0.722577097446771,0.9215880105958956,0.8844628016853353,0.7813491941127179,8235.0,14313.0,8.333333333333334,58.0,0.006622516556291391,0.4143646408839779,0.6685082872928176,0.5682434768573569,308.0,18.556253047627372,0.03371062052826694,-0.010471996362798336,-3.2191207254448244,0.0225402183843386,0.293642977823086,0.053683493756872716,0.009458176752083906,6.8668755988667,12.17916298668769,14.270660361559331,15.526460856885071,16.300986372546188,16.922149548420265,17.450441063112358,17.900773697941293,18.304023849267747,18.60108950248066,18.85041970771674,19.167553309127175,19.5269580064856,19.858169882975734,20.126432303544576,20.56284721906557,20.793622112087355,21.181469563362043,21.39140620112096,21.391406201120965,18.366666666666667,51.92307692307692,83.85555555555555,126.10989010989012,170.5,196.86813186813185,236.67777777777778,266.74725274725273,285.81111111111113,292.4725274725275,271.16483516483515,277.6111111111111,277.9010989010989,262.52222222222224,246.37362637362637,246.16666666666666,214.16483516483515,193.36666666666667,136.0,45.0,906.0,164.0,2.391168151340263,0.415860137334486,1.3296610765199304,1.598069395807808,1.771839913388567,1.995813923911931,2.1399351448375254,2.343367194337781,2.651017744946618,3.032891587007326,3.66493655319621,7.266348312616277,1.302630445610033,0.593308933349326
35589,17.48499966957008,0.18158291628110743,1.0,0.5986311652187459,1.189464468628203,1.1574176495366137,0.7573557533121004,1.4261916264102257,0.907738007764764,0.4342531312227128,2.3652293778945133,0.7842786984699844,0.5733806461806338,1.6584232680203561,0.7844170214780467,0.48529252240873916,0.713615265176195,0.6777303091862281,0.6407722134366013,0.5003642231250436,0.8496853050971784,0.5198747395732406,0.909502038172595,0.7341216072153041,0.6864340005337021,0.6377137695457121,51353.0,68709.0,8.428571428571429,62.0,0.002944888514934792,0.43897306397306396,0.686026936026936,0.5392743602367919,1245.0,16.569591996143934,0.00593597436877129,-0.00048529087881574347,-12.231786394289674,0.007282582808623306,0.20961132997485826,0.020203204719573355,0.0028201602637599496,8.11732882055867,11.392207713946396,12.615192722954529,13.399558950250494,13.98118734936068,14.53189716300028,14.940737116303076,15.30961208144135,15.663818372684291,15.992643637990346,16.275011929850436,16.51024908409017,16.658803806358744,16.87901417383788,17.03285096019091,17.14666553636872,17.235167100588033,17.235167100588033,17.235167100588036,17.329431261305032,70.58227848101266,211.8361344537815,358.44303797468353,521.6596638655462,650.7100840336135,786.7848101265823,893.390756302521,962.063025210084,1055.0084388185653,1136.3823529411766,1205.6176470588234,1214.8523206751054,1152.936974789916,1164.3487394957983,1111.9198312236288,982.1890756302521,819.5,582.0,344.5,111.19747899159664,2377.0,752.0,1.9315591284149773,0.4157622452250983,1.075320401487277,1.2702212854245274,1.4343406693679173,1.5818680129774583,1.7542702304306805,1.945324180923549,2.159781198559408,2.4313472454691625,2.9283934487459207,8.00446371546987,0.8258190939620459,0.374274763702415
35590,26.952627361234324,0.6062767511404094,1.0,0.6815209902787254,1.0029664196195582,1.021872221936907,0.6862098643148752,1.085814448679566,1.6987942094836328,1.2831201979355344,2.5800786370949935,1.6624331036845825,1.8698655683369194,2.376169004043525,1.0746814967814782,0.7062075492350376,1.2278638875605918,1.0516789415651928,1.0291422288721082,1.13082294037786,0.974291423028012,0.6788673666417927,0.9067686056041878,0.9534376237190321,0.9892999240393996,0.8351045675500895,52278.0,93042.0,23.818181818181817,120.0,0.0017414018284719198,0.3753537992597431,0.6366209449161768,0.6135985634807647,2667.0,26.37257282931491,0.0028174692716683987,-0.00018980807784581624,-14.843779588543478,0.005736196518635731,1.7392288139520644,0.0601090790727303,0.00201298854266706,17.942434325179576,21.442394038717868,22.73300041709322,23.536770459822787,24.139118385267686,24.635506520268958,25.03699042188158,25.389654564874768,25.65410230766076,25.9086863370058,26.137612795757963,26.351012907673216,26.44463060846618,26.629194624727553,26.767159624828295,26.95144394923387,26.95262736123431,26.952627361234306,26.95262736123431,26.952627361234306,152.30283224400873,480.2483660130719,804.6260869565217,1064.7821350762526,1331.124183006536,1617.182608695652,1854.7429193899782,2064.226579520697,2220.878260869565,2387.0958605664487,2521.0544662309367,2583.6652173913044,2369.296296296296,2354.2832244008714,2177.74347826087,2065.030501089325,1608.0,1148.5,689.0,229.5,4594.0,1201.0,2.5601822386716604,0.24952741571976417,1.2472609913454826,1.5345371840276827,1.7604428547360755,2.054639831351306,2.3000278830796406,2.5759154021912853,2.9028559734338013,3.433964669426576,4.342234678542348,8.80268986022912,1.5610065855618676,0.437859930384438
35591,16.070582426130535,3.226111033288807,1.0000000000000002,0.6273760641606253,1.148886110912769,1.1119982407140205,0.7240512269197326,1.3227388336084818,0.7568655394372521,0.5100801964443701,0.5366660138345993,0.6806355547390653,0.7044808122408126,0.40572333721431164,1.0204358103257916,0.6477199109169651,1.1209898799411548,0.9176595546325359,0.8945774647361665,0.8474763509309331,0.8712146650490903,0.5716570495698052,0.9314341925630991,0.7834676649215544,0.7895256969617406,0.7041708982128477,13311.0,21259.0,6.413793103448276,34.0,0.005145797598627788,0.4,0.6575107296137339,0.5813211229061034,594.0,14.93479045137989,0.013087764001983247,-0.0022142772228724464,-5.910625763925482,0.011025297332911355,0.2005027447783188,0.03441499429790384,0.005430254460206161,6.236242167845536,10.024031137667643,11.22110935856142,11.991392068411578,12.610742192165244,13.132515857432992,13.462843270313536,13.795294599916776,14.147297546753551,14.476746444238731,14.769159469340071,14.994137363572587,15.131459386628281,15.27725537325498,15.510161378742742,15.727343634195202,15.848405281654227,16.070337865224545,16.07058242613053,16.070582426130535,37.89655172413793,105.93162393162393,176.89655172413794,241.5982905982906,298.8103448275862,370.6666666666667,402.86206896551727,443.2564102564103,493.55172413793105,534.0683760683761,572.1282051282051,555.2586206896551,500.87179487179486,461.5689655172414,453.991452991453,432.98275862068965,350.3931623931624,291.4655172413793,175.0,58.0,1166.0,316.0,2.169073911457515,0.5518611617268444,1.2325822261178656,1.447992356948152,1.639525613464996,1.7654203213450446,1.9645349794934814,2.253155197779252,2.4618802379947775,2.8267703346446478,3.3558549849200876,5.220607680072825,0.7291125384922876,0.915757806017064
35592,19.58371836652459,0.6719187852099481,1.0,0.7936008032806177,0.7965560395274107,1.0041675316484728,0.6912134538441038,1.0131252473832741,0.7802019368908113,0.6372752087010735,0.36660901412450364,0.7769639151845583,0.9219658633045131,0.3618595184271548,0.8794905944154098,0.7641812564026003,0.48619453473273544,0.8758405014067827,1.1055647892162608,0.47989578385149434,1.0715025254240766,0.9114629165479602,0.6275690821570544,1.0670555377000335,1.3186417473198249,0.6194387947373298,30093.0,46817.0,11.9375,90.0,0.002843601895734597,0.4215267899478426,0.6614509246088194,0.5764359990346848,593.0,16.76777663609688,0.017797110317905037,-0.005005587508874753,-3.5554488431879987,0.008967188042349283,0.06742713307808838,0.009547617934158552,0.004891256400673812,5.332024102812946,8.772916134708428,10.370479985123268,11.49103128678625,12.323208193942786,13.070615202939907,13.6974370856995,14.221085908950833,14.643667317158418,15.12487584386311,15.559502984860467,15.969273598477272,16.369808741837353,16.76147707590677,17.083033715875246,17.463611131142457,17.836553040965924,18.254066108860847,18.603042207112793,19.30923129433916,49.976190476190474,124.69668246445498,197.75355450236967,279.61611374407585,341.0331753554502,409.45497630331755,465.61137440758296,494.65876777251185,509.70616113744074,532.1943127962086,549.5639810426541,567.8436018957347,560.1232227488151,567.9194312796209,509.6492890995261,468.8483412322275,407.1658767772512,333.60663507109007,213.97156398104266,84.16587677725119,2110.0,352.0,2.729507175005379,0.33348444637802616,1.4280631519282165,1.751577308407593,2.0767097283215343,2.3950163994044025,2.713771196328019,2.9278906627215484,3.2199306057275328,3.54200911478427,4.0831825900233705,6.368942034889406,1.2025495087150893,0.340563168535009
35593,20.965698823054804,1.3699781653612035,0.9999999999999998,0.6760819174635044,1.0355361082045456,1.0225072906408372,0.6893203046456117,1.107144971474049,0.8571161891240181,0.631593930787459,0.648097753503082,0.8382494647904531,0.9162560953607328,0.5853774981610645,0.9453892431932028,0.6794727599913489,0.8023058764197308,0.9245794644659188,0.9857141236259891,0.7246619883496771,0.9812966255434813,0.6636289297271617,0.9797149024280584,0.9596964584266896,0.9627294093249462,0.8849020929243525,140209.0,241645.0,46.16216216216216,302.0,0.0007420461923754754,0.38998144712430427,0.6495361781076067,0.5942045723816676,5341.0,20.96488377205174,0.0016681283912849988,-1.713353528905506e-10,-9736043.164136726,0.0018177848476524676,0.10236484949982341,0.00766711496115459,0.0007121245309740178,10.890188058092312,14.657535189268446,16.04341928402329,16.92880573503707,17.58991474122561,18.123095867307416,18.551411684902533,18.91064289040849,19.219299666979033,19.401343876608998,19.731485646186556,20.07558287025352,20.367956002854367,20.574602497537832,20.804633107422788,20.965326116533383,20.965698823054794,20.965698823054794,20.965698823054794,20.965698823054797,312.70593692022265,932.7690166975881,1602.7244897959183,2221.7226345083486,2791.4053803339516,3341.446196660482,3806.0417439703156,4176.034322820037,4339.811688311688,3967.913729128015,4301.679962894249,4763.67439703154,5055.271799628942,4949.271799628942,5025.724489795918,4849.535250463822,3773.5,2695.5,1617.5,539.0,10781.0,2534.0,2.383563830069959,0.19086348146580595,1.1804743036194507,1.4650549324723672,1.6821258275701463,1.9242857753528726,2.149202693089258,2.404758768887126,2.770858958697534,3.1912651389721085,3.837392537986838,10.032295413152958,1.3574419780206877,0.0858024820615537
35594,25.595766227812614,0.5961408672772176,1.0,0.5971154043993143,1.2880719290473428,1.1984559921931337,0.832410700101478,1.5634608040615154,1.4591833596029617,1.5779010179854587,0.9501451785988044,1.2175527254302478,1.895579931628821,0.6077192188832259,1.1226690870366927,0.6703218022164409,1.5899282619695294,0.9367628801974167,0.8052777338574851,1.0169287633174158,0.7899420306382897,0.45829129467375934,0.9107680509612782,0.6591331144272746,0.5505591105663222,0.5825333443571531,46508.0,62684.0,5.782608695652174,38.0,0.004266211604095563,0.42680324370465217,0.6824583866837388,0.5313093914531037,1437.0,24.663329461574882,0.005159315455837375,-0.00047348664572311713,-10.89643288240575,0.01066992119527759,0.9568246352224862,0.1352549687918065,0.0037561147561203157,16.444588067527807,20.558280352232202,21.63956827771802,22.33095711662132,22.948506421622056,23.435825868540597,23.844184395540804,24.204213198309485,24.498296541750282,24.666856610893447,24.849968404262818,25.081944490086407,25.27461933205025,25.400975894781375,25.501909258994743,25.579474432759028,25.59576622781259,25.59576622781259,25.595766227812597,25.595766227812604,68.8931623931624,242.31196581196582,415.1446808510638,572.8162393162393,728.2435897435897,890.3234042553191,1050.0470085470085,1204.8589743589744,1337.9617021276595,1347.2948717948718,1334.8418803418804,1388.8170212765958,1379.8760683760684,1297.1837606837607,1184.2936170212765,1035.2948717948718,820.5,586.0,351.5,117.0,2344.0,842.0,1.724042487709618,0.3967718794647642,0.8182141925743364,1.0114989411886073,1.1670544601116029,1.3145590921363808,1.4352538808274171,1.6210194277629868,1.8830385357133048,2.188175401961079,2.991782977586621,7.18787083774515,1.0202769305364277,0.759474810329266
35595,27.173632300760964,3.176245671277106,1.0,0.7061903087971569,0.984720111630451,0.9836425331198191,0.6728447639899133,1.032737752518799,0.8344938547028424,0.6372577977061005,0.5930854199437,0.8483710561560186,0.9471096927725422,0.5742846317927203,1.136844177961891,0.8186603502894999,1.268901168609099,1.1557493090057445,1.2167150494490175,1.2286770436292354,1.0057953698315154,0.7230224663521533,0.9014829735343625,1.0225212269353932,1.0745754519433135,0.8729059931581736,32527.0,47823.0,9.055555555555555,100.0,0.0033540967896502154,0.42377756471716205,0.6692233940556088,0.5618232449671008,677.0,24.944256044369176,0.0162419609324767,-0.0037882367923391907,-4.287472463527679,0.01150402043599418,0.26374023194832,0.04246595960383414,0.004922591828026361,11.538819813867766,17.400048068364367,19.4556476798144,20.736800734993786,21.75914930677129,22.47429076062965,23.036501012488184,23.58198924579053,23.920362213557237,24.31547720247168,24.65156092624261,24.974751866129754,25.295238851996295,25.63661102174757,25.822068080484453,26.09379450204268,26.47067127092512,26.970618260965583,27.173632300760953,27.173632300760968,33.60576923076923,112.13397129186603,187.82692307692307,254.51196172248802,347.11961722488036,449.86538461538464,513.2105263157895,590.421052631579,590.4711538461538,620.7033492822967,633.0430622009569,652.9711538461538,621.6411483253588,641.7511961722488,544.4423076923077,465.2870813397129,424.54545454545456,431.8076923076923,313.0,104.0,2087.0,388.0,2.4887179429603097,0.3125490712512647,1.3280166839142449,1.7003536834141153,1.939416550370525,2.169828970693203,2.3072628288662855,2.4977170653874565,2.8483100499386933,3.2600961255868652,3.861510663953377,5.703106198197738,0.9861631540558015,0.362954749204218
35596,31.337819119160823,2.444223414769316,1.0000000000000002,0.6522071226844374,1.115806944399818,1.086812101202828,0.7228882054477417,1.3019182733881598,3.0080390340692857,2.772297917448566,4.40979819515101,2.76776365550231,3.8350299486923616,3.387154390017731,1.0234840340049471,0.6654437815730588,1.043874664542386,0.9417304360820121,0.9205348441961326,0.8017973830459943,0.9103509658855641,0.5960251283380216,0.9078126422751595,0.8376341824663475,0.8245052607669207,0.6972885017679601,112977.0,170693.0,26.789473684210527,166.0,0.0010450880859958196,0.3852471255786173,0.6490966104225773,0.594783426972888,3491.0,30.521336034276025,0.002094572259441835,-0.00019589272880869544,-10.692445156998902,0.00431440879563857,1.9497604620467968,0.10742360473714642,0.0015813735700549417,22.364833528732717,25.70567137472424,26.94911342322178,27.821819317620623,28.43445679636689,28.927135782925347,29.274764899987105,29.558812629389166,29.821662271918274,30.07740705224209,30.33633867933366,30.53916808195294,30.735539479557172,30.894532978115294,31.082413572059636,31.242916678252797,31.334294330205566,31.337819119160816,31.337819119160823,31.337819119160823,231.10911808669655,692.3776119402985,1134.7776119402986,1601.3567164179105,2047.627802690583,2457.341791044776,2726.658208955224,2921.5149253731342,3083.136023916293,3208.816417910448,3369.8402985074626,3365.1537313432837,3350.527653213752,3164.0373134328356,3017.708955223881,2801.1358208955226,2337.174887892377,1674.5,1004.5,334.5,6698.0,1868.0,2.357976596847801,0.44211967357230886,1.2157005543848203,1.4723939440575824,1.6943418301282074,1.9166801005591148,2.1457000399794435,2.4071083999320715,2.7197284638839316,3.0965448687612107,3.7158720644449734,8.21556630826617,1.175663995909195,0.301145342562813
35597,15.674246976469668,3.227839853311955,1.0,0.6769433191522,1.0824652395162222,1.0192069816802383,0.6652248082165834,1.2440767266329575,0.9049594862741156,0.3411945739068815,2.812803357891704,0.8879055015716463,0.5129011571615887,2.2609564970357097,1.0031982561803168,0.7366372086361838,0.8270088429064528,0.9842929593422428,1.1073507775680398,0.6647571047685444,0.9778992997510123,0.6839173551685298,0.8697099370740096,0.9594707623949679,1.0280995938832465,0.6990806261827948,9139.0,15301.0,6.8,38.0,0.006224066390041493,0.40498442367601245,0.6625129802699896,0.5857451666723446,419.0,14.529953731805497,0.01984951753708324,-0.0029535937584239474,-6.720462988679609,0.012924617988741133,0.17538357825540454,0.0269015079761952,0.007054901038647144,5.306084851343891,8.01331588833071,9.739759285297811,10.82141023050814,11.65272295977391,12.270246476340068,12.76048472307175,13.19530771508876,13.572143484821577,13.88590372782913,14.094581082192201,14.320170827517563,14.561801712275132,14.766911096817017,15.018639603846163,15.09994403049753,15.155964674593207,15.546673381286928,15.674246976469666,15.674246976469666,31.458333333333332,75.625,113.09278350515464,166.02083333333334,213.75,265.9072164948454,303.5,345.0416666666667,370.74226804123714,396.9583333333333,394.8541666666667,396.50515463917526,392.25,370.4583333333333,377.50515463917526,310.6041666666667,231.5,216.11340206185568,144.5,48.0,964.0,221.0,2.466796333620441,0.5691761064323247,1.2342931356190587,1.5811140104736927,1.970865566345465,2.120285661520819,2.3376527494862183,2.550436589506044,2.8842048054533396,3.245708218707014,3.7815773569636,5.334003823036941,0.9727177683369399,0.877152090950403
35598,25.49506742804627,1.5351990234026212,1.0,0.6739194802040998,1.0181329961528518,1.0361332235656904,0.6839616003472353,1.165768445575456,1.244906652756569,0.8750681458834331,2.065812584222652,1.2014928432392291,1.2794112205117603,1.7720608171058436,1.0175957619782081,0.7869381382240472,0.8448192589173188,0.9821089979880304,1.15055894632759,0.724688733962337,0.9568120647728642,0.6501197329306623,0.8612981246407624,0.9234450194349961,0.9505208078941975,0.7388243590823917,114851.0,193725.0,36.16216216216216,198.0,0.001155802126675913,0.38134319731822913,0.6413131429892498,0.6005069810080341,3098.0,23.557807203060705,0.003175000178560869,-0.0006991293573784281,-4.541362975324593,0.0027696067974388684,0.16658691256375377,0.011183306524734976,0.0010829767753066553,13.6105996775816,17.58166880400683,18.916290305283283,19.798400851936222,20.402283774085618,20.911920204620323,21.316954385498164,21.775629475410593,22.31700958724171,22.77337906205425,23.135597779133313,23.457043088935414,23.7323860281914,24.002837248607484,24.226589335588766,24.467322368408134,24.607265367300293,25.005634850945032,25.41968602828952,25.495067428046262,242.7398843930636,753.6797687861272,1201.3456647398843,1664.7387283236994,1971.5745664739884,2094.872832369942,2031.5508083140878,2100.235838150289,2450.128323699422,2781.6878612716764,2945.277456647399,3037.440462427746,2945.2173410404625,2844.3568129330256,2625.7734104046244,2312.778034682081,1732.9341040462427,1501.5456647398844,1233.4520231213874,432.5,8652.0,2093.0,2.519719772387914,0.31158154404251737,1.3253286237884345,1.6180416546697804,1.8637962678027438,2.069233655037083,2.3052086605055644,2.5374276583182938,2.8288639556763635,3.2698122883233975,4.003918390804802,13.105833766965258,1.319944885482068,0.0789929529721849
35599,16.800743077195516,3.686692176300415,1.0,0.6579279381370999,1.067112132116083,1.041218058962685,0.7301375512953199,1.0785184330482867,0.9933225401297348,0.5435485543348559,1.260757593645745,0.954000491615881,0.7444467872807791,1.168971762570978,0.8381262523195766,0.48705871221626384,0.8514485365528535,0.8049478638072808,0.6670780202335634,0.7894612743394187,0.9733428477555557,0.5956191768853984,1.07343281493973,0.934811723036431,0.8157629693593001,0.9952846256932459,34218.0,53380.0,7.767441860465116,56.0,0.003495145631067961,0.38694638694638694,0.6526806526806527,0.5798737077794869,1722.0,16.596235952989787,0.004168573827182779,-7.243377057819423e-05,-57.550142618665554,0.005094813869811617,0.34075461424431297,0.019759481153803823,0.002452110039527101,8.235001244732782,11.313765629838553,12.727212885890886,13.564121330858192,14.12165064151694,14.558160435258666,14.9983215366698,15.363910576786637,15.678551116741103,15.992408139836973,16.22651619003733,16.43395517409227,16.612522369037368,16.723561258885677,16.77946369295633,16.80074307719551,16.800743077195506,16.80074307719551,16.800743077195506,16.80074307719551,90.47470817120623,256.2762645914397,430.2519379844961,595.4863813229572,748.577519379845,854.6731517509728,1019.562015503876,1186.1322957198443,1341.4147286821706,1493.7081712062256,1593.1750972762645,1642.7093023255813,1667.1634241245135,1571.5387596899225,1388.147859922179,1158.5,901.0,643.5,386.0,128.5,2575.0,673.0,2.151056384978306,0.39510399670040053,0.8647433735001954,1.0527318612746925,1.2322828960995613,1.435171568436471,1.7191522354558817,2.081593081930247,2.576628366623832,3.0564761379343106,4.043314963067374,7.385964300806048,1.8744004020423255,0.508863940183073
35600,23.001642084139345,0.8374353194024494,0.9999999999999998,0.7502277306772734,0.9257231187728476,0.9862008485236167,0.7162548857108889,1.1085834621807433,0.8744271529549239,0.6395131170264805,0.6975153334288052,0.8866623409054833,0.8928569002245038,0.6291951460801085,1.0538537679938405,0.8002510139984241,0.8864293821077096,1.068599534842728,1.1172712814435721,0.7996054535794493,1.02411144449184,0.7772497223575244,0.6774250538653458,1.038441049837847,1.0851580043130842,0.6110726679367497,8004.0,10596.0,2.121212121212121,26.0,0.02079002079002079,0.45208333333333334,0.7,0.5144963885765962,93.0,17.87565463934854,0.18142116454144497,-0.05680255811656751,-3.193890742898253,0.04617543075986853,0.12940350018998617,0.05536317954801638,0.02691423425628006,2.971247172884771,6.454205735671018,8.52549556605887,10.17685672985713,11.824129408803522,13.267788068495078,14.467011364667409,15.668933891864782,16.61190417165694,17.20541798253948,17.757036841025833,18.47512658701771,19.04691237683021,19.716508561462422,20.49608808475016,20.96109864328026,21.568411918695556,22.26606924686114,22.89354770148209,23.001052869090746,8.875,20.5,31.666666666666668,34.416666666666664,36.708333333333336,44.958333333333336,49.833333333333336,52.041666666666664,68.79166666666667,83.0,90.04166666666667,84.875,81.75,76.83333333333333,75.04166666666667,73.58333333333333,74.54166666666667,78.0,66.45833333333333,24.0,481.0,65.0,2.3974318247158433,0.17228050038209908,0.863293643227263,1.4893357207538265,1.6515470584758383,1.8472063173342212,2.260855655882783,2.584969734707488,2.9128960540514113,3.4964622694640313,3.961857757313754,5.557964545901562,1.4882649995809019,0.596325111060869
35601,16.24801066328558,0.4472790491860781,0.9999999999999999,0.7650713390550276,0.840950265973539,1.0184265602602274,0.7242382647857661,1.0400016024132217,0.7216301728879615,0.585969074165771,0.378447285371876,0.7085735987713943,0.809083284682706,0.36389105987310616,0.9352418791848927,0.8469758179437699,0.46821245338215534,0.9183203931228193,1.1694712349868868,0.4502035884326661,1.037628809012397,0.8148946748817323,0.749701286143843,1.018854819288357,1.1251748416286493,0.720865510595594,9952.0,14782.0,5.642857142857143,34.0,0.007832898172323759,0.4549019607843137,0.6836601307189543,0.5421338350481133,218.0,14.546954535800669,0.05093736126864946,-0.008720078235570609,-5.841388103706194,0.020654551129541832,0.09482020659120624,0.022491043545116968,0.011395902892045619,3.0630333893856267,6.248048789763161,7.755567121216929,8.834132259471353,9.847954464319118,10.690015296853762,11.384839585526027,11.975099312667908,12.42165982591311,12.74951126642838,13.124664254898372,13.454326376865943,13.848913593863628,14.263812064948013,14.575291162814915,14.92194466290781,15.192989307787863,15.485628391349323,16.01072703876634,16.248010663285584,17.026315789473685,45.01298701298701,79.8157894736842,107.31168831168831,136.1578947368421,155.32467532467533,166.60526315789474,187.98701298701297,186.76315789473685,184.57142857142858,197.12987012987014,203.31578947368422,206.7012987012987,210.0,210.19480519480518,203.47368421052633,176.44155844155844,132.23684210526315,98.1948051948052,38.0,766.0,150.0,2.5666422022594477,0.6332572232664742,1.3356294582493038,1.6286264975517015,1.9288314653581697,2.2652293556132332,2.5012454824825747,2.8242344321665853,3.0977223501870492,3.43252309040455,3.9595126435886923,5.238073126347851,1.0017846627183289,0.584991889700759
35602,28.479686955258234,0.24066084092895076,1.0,0.6857545163224282,1.0027292490615618,1.019656268940944,0.6913750162282397,1.070265398147347,1.4449402665706423,1.239093532957963,1.5979007741923452,1.4170856499233955,1.792216241364597,1.4929948935641073,0.869246614625849,0.5716489995617765,0.7118367342373315,0.8524898449638164,0.8268291247785865,0.6651030066650166,0.9857201317423784,0.6869848550501305,0.944557176034305,0.9667180615347826,0.9936501015005438,0.8825448133419564,71882.0,105826.0,15.25,88.0,0.0019253910950661852,0.4094848338950409,0.6651420317766009,0.57335906203825,1817.0,28.075957188970015,0.005405714072440806,-0.0003040122648238375,-17.781236804946648,0.006798032285587213,0.6142016993950122,0.03695831372672047,0.002444916537993566,15.720918108071638,20.449433553038745,22.175250354844046,23.316584555603978,24.142807233596976,24.791874689474298,25.301648205592564,25.788385278155847,26.219163390459748,26.551387902670275,26.887016754184256,27.228617386333028,27.501794994783246,27.74493898174114,28.02477533461196,28.079271985316385,28.203671932713647,28.471088612980136,28.479686955258224,28.47968695525822,78.63855421686748,243.77831325301204,418.24038461538464,611.3325301204819,803.625,977.8457831325301,1138.3557692307693,1299.7036144578312,1439.201923076923,1477.3060240963855,1579.7951807228915,1687.610576923077,1735.4168674698794,1731.7548076923076,1757.144578313253,1433.5,1160.3180722891566,1029.4903846153845,623.0,207.5,4155.0,850.0,2.3589532868683754,0.30986475841156014,1.132846301840383,1.4562409824182991,1.7096356318041634,1.9538084926464978,2.171650176588699,2.448224924758076,2.81825426331076,3.208562784417025,3.8076384091151723,7.754612913348142,1.1827088327486277,0.254467030884698
35603,26.571731242723185,1.6569454103006591,1.0000000000000002,0.6128129575035144,1.2496164262101475,1.1269262702151677,0.7558496146423779,1.314408196371537,1.8308546851695364,0.680560538817765,4.843090269297035,1.6246446050281227,0.900391460991569,3.6846166074333144,1.7982657635618509,0.6350304056133425,9.178138569550374,1.5957261899826882,0.8401544345746611,6.982715563465671,0.8381575793088555,0.5007923647473029,0.8635943377445949,0.7437554713750912,0.6625555600557492,0.6570214185582324,23564.0,35014.0,6.3428571428571425,50.0,0.005878510777269758,0.42287581699346405,0.6666666666666666,0.5543842767757736,861.0,25.928949416618742,0.010041129275259417,-0.0007663940396651811,-13.101784141805359,0.01628417374668139,0.516037926971042,0.22041843068998326,0.005983654983134955,14.983720169024151,20.618051524581656,21.88862883137383,22.774358956010445,23.449827221950958,24.037487425448298,24.44318724033593,24.78437445462521,25.07379129682401,25.36959978795479,25.607404949076383,25.815325060916976,25.971224550934572,26.140651188715772,26.20193440310125,26.243752548046192,26.331591620711343,26.57173124272317,26.57173124272318,26.57173124272318,36.36601307189542,132.9346405228758,227.66013071895424,327.98039215686276,422.8496732026144,504.0718954248366,570.4967320261438,638.3594771241831,695.281045751634,786.6601307189543,811.8169934640523,836.3202614379085,827.5294117647059,806.9738562091503,705.7908496732026,575.0,456.98039215686276,383.0,230.0,76.5,1531.0,477.0,1.8975960630005602,0.40793633844951077,0.9519613386155668,1.2098202578021078,1.3679164450248136,1.542508956829296,1.7133383112171476,1.910094951600465,2.2435354838574377,2.4448072148052207,2.9924335956128605,6.879343989308796,0.7870254369997114,0.630448464308865
35604,23.45836866149548,2.3814678005364165,1.0,0.6420392151814275,1.2015171057187106,1.1201364742325173,0.7095289494271151,1.4412524946407967,1.0668344617979233,1.0534634441555488,0.6057004386408693,0.9524147158308411,1.4847363803917117,0.420259767731974,1.038012152232501,0.7396356893803173,1.1817016390027126,0.9266836462438335,1.042432010670616,0.8199129877636243,0.8504183193300048,0.5722892402699389,0.8961786595195387,0.7592095596321734,0.8065763077489851,0.6218054524463413,20600.0,31250.0,10.666666666666666,72.0,0.005376344086021506,0.43913920645595156,0.683927370544721,0.5445659423267761,498.0,21.594335077095614,0.02385691430018531,-0.003382483332551229,-7.05307667612106,0.014174109523173547,0.2591515188316914,0.03920777074884748,0.006044455290691494,9.459352960031561,14.55094164657774,16.18274707041349,17.101785893608717,17.830859891515832,18.27014309604961,18.889450392093117,19.49467529455384,19.97671351135424,20.30143517729661,20.736577356576614,21.132260510641682,21.526690689496256,21.79861142680664,22.129090105154166,22.44980650433212,22.72391586948576,22.895709456210227,23.18751066141535,23.295612146031793,33.445945945945944,102.3758389261745,175.9261744966443,233.6510067114094,282.68918918918916,258.7046979865772,303.26174496644296,356.61073825503354,380.2567567567568,366.71140939597313,422.61073825503354,451.6241610738255,482.4054054054054,452.66442953020135,451.87919463087246,442.6510067114094,398.14864864864865,292.241610738255,203.751677852349,74.0,1488.0,408.0,2.1832806446506066,0.7460429382403361,1.4009894084540733,1.5380261175411842,1.7083342465653644,1.855983430197431,2.0648577336853773,2.2061253838304564,2.49553421163476,2.74642682918783,3.112559921362229,6.949620923152213,0.6689775301422849,0.485259337737225
35605,22.537480641561984,4.65765281647129,1.0,0.6206756052623366,1.182824651613077,1.1123341294659788,0.727804869155927,1.3822111914896462,0.8866911551216123,0.5646975816009407,0.9815924564049989,0.7971446093695825,0.7758914587310329,0.7101609815118848,0.8494772780691406,0.5344813765435537,1.0136714486430882,0.7636889452245493,0.7343745544920843,0.7333694408526871,0.8900824484522492,0.5413074199566009,0.9544612778881659,0.8001934174936891,0.7437535016554412,0.6905321587358277,205783.0,300253.0,23.918367346938776,144.0,0.0009376465072667605,0.4085708927231808,0.6618529632408102,0.5667179957915858,5757.0,21.79040984454627,0.0012960641758798718,-0.00011149164026406951,-11.624765523317494,0.0016766530218577172,0.185514683738225,0.01155884600228471,0.0007519671491467311,13.098027278759503,16.772591565350922,18.086621280057752,18.904323236078277,19.521676458953646,20.040264834173154,20.472536337503907,20.81519645125559,21.103032636177215,21.351835255613057,21.608178698332036,21.822206251405944,21.99600732411384,22.171835309255744,22.259848812750533,22.40773770631858,22.536609050623895,22.537480641561974,22.537480641561974,22.53748064156198,326.31988742964353,989.2823639774859,1682.8575445173383,2354.7720450281427,2981.812558575445,3609.9296435272045,4208.210871602624,4687.319887429643,5074.551077788191,5297.612570356473,5541.137898686679,5613.948453608247,5524.094746716698,5405.863167760075,4756.590056285178,4313.927835051546,3729.813320825516,2666.0,1599.5,533.0,10665.0,3102.0,2.096887078775853,0.3821099765674718,1.0387287212805132,1.2505821504601604,1.4298006685077387,1.632022508258312,1.8403624097566382,2.0808463946131304,2.3643208363091195,2.750863006479058,3.4693432606331367,10.388009839951366,1.19676102033305,0.123216988709755
35606,32.765170761652335,1.1122700518946471,1.0000000000000002,0.6316059835336744,1.151350028938788,1.0697106172839415,0.7105736159733043,1.232730184217158,2.642928804650966,1.3191920452634784,8.637631215322356,2.470695122538391,1.856517066787686,7.006911427911259,1.027966213754896,0.5551020838622125,1.4696817378778049,0.9609759846686041,0.7812027795344815,1.1922168830571163,0.9252274561473435,0.560786719549435,1.0337102120026025,0.8649324791190264,0.7892028453396776,0.8385535011938215,114668.0,158362.0,8.327272727272728,66.0,0.0014903129657228018,0.40469536053661265,0.6657350475125768,0.5652044709261966,2885.0,31.649838441699654,0.002923979149478353,-0.0002862838761657995,-10.213565600128137,0.005897689716742629,1.339225034579419,0.07110222906580645,0.0020714848843119,22.00428436315077,26.93876907005601,28.294772137653304,29.174835948340856,29.837481681438845,30.39209286265854,30.828394809028506,31.181853306394277,31.4660015863611,31.666012290957035,31.88112593852514,32.07386074507769,32.235577270050555,32.42383185034559,32.625502301383214,32.765167630925816,32.765170761652314,32.76517076165232,32.76517076165232,32.76517076165232,136.80223880597015,470.0148975791434,814.3445065176909,1136.2979515828679,1476.9402985074628,1803.8975791433893,2128.979515828678,2427.294227188082,2719.339552238806,2745.098696461825,2771.8752327746743,2777.735567970205,2703.805970149254,2646.12104283054,2595.1731843575417,2414.9702048417134,1878.5,1342.0,805.0,268.0,5368.0,1468.0,2.0671486050421626,0.17626652696248996,0.9220576408839093,1.1210247637296966,1.3276061365733605,1.5409403628663945,1.763770473634399,1.9739401449664675,2.304799989027297,2.7811183932006363,3.714779203123861,9.648015462629731,1.4837680142017367,0.320097912724596
35607,19.16928592927228,1.1962166951970785,1.0000000000000002,0.65440084529792,1.0921680134418805,1.0610291825907217,0.694130322780348,1.2888490720078711,0.7353091633575817,0.4372492145084025,0.7922851969988463,0.6930150229819058,0.6299238056003591,0.6147230224285002,0.925325352284718,0.6138235400388509,0.8083369502611703,0.8721016984898995,0.8843059003389633,0.6271773536694091,0.9464134817497779,0.6207242437168632,0.9034267119380193,0.891976862916168,0.8942474105302649,0.7009561721067848,27091.0,38665.0,7.485714285714286,42.0,0.0049813200498132005,0.405607476635514,0.6585669781931465,0.5661274607931476,672.0,17.671707356732533,0.013340468817681915,-0.002347571862105859,-5.682666858050948,0.01119817397761695,0.1954912453026143,0.026695042143885916,0.004770467383098886,7.288544460881425,11.461599590948323,13.00734252528812,14.112922141930218,14.885915049847522,15.506646857101192,16.019559409927673,16.448473953646257,16.837708293561946,17.151355492489525,17.436836737166633,17.658008196083046,17.71915412348483,18.1034704345084,18.470063694717336,18.68138706984697,18.796944321061453,19.120612028772776,19.16928592927228,19.16928592927228,36.175,112.52173913043478,184.125,264.5900621118012,338.025,418.3229813664596,490.6625,533.5341614906832,588.625,620.3975155279503,638.4285714285714,630.525,504.22360248447205,538.075,586.055900621118,540.9625,435.3664596273292,381.1125,241.0,80.0,1606.0,358.0,2.2542353077666264,0.7060087846869836,1.1553638804019393,1.4234583188020231,1.6266457656665416,1.8655029099055382,2.082542919485913,2.281887858571703,2.542020289249027,3.006321730120985,3.6169976067169354,6.624860065535563,1.0134540287303935,0.809504683846608
35608,22.422692104725684,0.4831559404673272,1.0,0.635682338910876,1.0772269157803138,0.799720405771324,0.5718022963304095,0.5457358929080051,0.5469910373006712,0.4595519827764977,0.16569403528064824,0.6839778419472775,0.8036903414444332,0.30361579187641846,0.9151618968916194,0.6458794245311683,0.7121254553894472,1.1443523139927299,1.129550246083577,1.3048902676985743,2.0587197114357556,2.045304065138873,2.662036776494957,2.5742993383420507,3.576942726996356,4.877884726089837,11372.0,16556.0,4.5625,36.0,0.007863695937090432,0.46194225721784776,0.6929133858267716,0.5330331171334247,140.0,12.680961991399627,0.06375973801828465,-0.07823586803818226,-0.8149681165059397,0.028792042210312806,0.07305901516612255,0.017034602895847083,0.030498758465402665,3.4368117388751984,6.171029718327506,7.755468413105737,8.57296492283938,9.278154681556108,9.82495751523109,10.419161880066316,11.100253508917488,11.698560259110371,12.316776935525189,13.080985759316015,13.869277107603631,14.818080824257962,15.638280140766255,16.501048648118253,17.433564619183098,18.300144264625413,19.143250154670845,20.02975158749885,21.28593216068301,11.657894736842104,30.36842105263158,50.05263157894737,72.15584415584415,89.0,98.1842105263158,107.55263157894737,119.15584415584415,126.94736842105263,131.68421052631578,126.07894736842105,121.06493506493507,116.13157894736842,118.42105263157895,120.76315789473684,108.76623376623377,101.07894736842105,93.94736842105263,72.6842105263158,32.02597402597402,763.0,80.0,1.8157244675750106,0.30217731792744906,0.782886489923591,0.9760144793265041,1.135398285213285,1.3319070602802692,1.4920783316633655,1.6234069516899945,2.0563396735869364,2.4145815860894615,3.035195359900187,8.699867888705114,1.6155937080163298,0.6463296078844
35609,34.72427298822509,0.39957947078316414,1.0,0.6856842815229968,0.9795294009511312,1.0252057172963625,0.6853977414944459,1.106219906343865,1.5627951337193853,1.1491711106479896,2.2242601001055693,1.5243722380330997,1.6766485225678291,2.010685296250821,0.9455960380698761,0.6524520970615949,0.7257904362367923,0.9223476050870744,0.9519320790859099,0.6560995983480183,0.9750231010170788,0.6870557258059174,0.8531246734419216,0.9510511739910859,1.0024190104680772,0.7712071248668441,433744.0,628108.0,55.87755102040816,396.0,0.00035455604518057034,0.393526491743491,0.650643298551312,0.5939180892847968,8275.0,33.59444011975229,0.0009908719923809803,-0.00013749305611043442,-7.206705708724024,0.0017386634341729269,0.8420058878278561,0.025712847061488128,0.0005993569098595589,23.772662983985573,27.835699527453702,29.273618098933337,30.18242323852744,30.848548019927904,31.381510234302265,31.854556399429192,32.25557481579185,32.59863624986544,32.890879118952526,33.161571197713286,33.41523972023035,33.67761823144135,33.90633734788483,34.08710186555688,34.28235814716889,34.47567592441405,34.7092988138174,34.72427298822506,34.72427298822508,521.548632218845,1551.5212765957447,2648.69452887538,3757.408101265823,4756.356129685917,5573.398682877406,6424.839412360689,7121.04,7594.007598784195,7904.275075987842,8018.515197568389,8024.892658227848,8080.568895643364,7871.231509625127,7173.032928064843,6444.43746835443,5584.462512664641,4862.755319148936,2961.5,987.0,19743.0,4534.0,2.4790775109225502,0.16793146170435475,1.3257526310636312,1.6204578031925567,1.859893326625767,2.076057709337388,2.299320034226391,2.5646948099872784,2.867455817649399,3.228158125322243,3.882562113109556,8.527831585368308,1.0849891069314415,0.0440320519637316
35610,30.983881354217672,1.9533838532539067,1.0,0.8343780623990444,0.8174321532172641,0.9413303382100172,0.6542472852817482,0.9185370379143062,0.7158642996917371,0.5946708885595346,0.43813119745956575,0.7604814916015412,0.9089390234205446,0.47698805750328455,1.0382612139597676,0.9353307862342968,0.6268908341354466,1.1029722211376602,1.429628838018795,0.682488357311,1.0698335637912397,0.9782178443330012,0.7311461230911308,1.136512359545935,1.4951805935453544,0.7959898108750431,88201.0,124913.0,18.27906976744186,168.0,0.0016416510318949344,0.42974431151771053,0.669247009148487,0.5611319826690553,1068.0,27.049820403570727,0.012776591793962382,-0.003698617632526365,-3.4544235342422374,0.006809875088192298,0.16387765729604664,0.012966915647147147,0.0030264799040921253,11.86714054191358,16.530671673640942,19.221316197633104,21.09660539777593,22.374437701446432,23.37423463573774,24.22355011811658,24.947541258444815,25.55017445382451,26.075007997674426,26.539359045335846,26.967952970235377,27.37841762259353,27.78428790711779,28.18885457052525,28.556962901695176,28.985430027340872,29.47834539335158,30.009594484196075,30.696473575251158,71.79577464788733,179.45305164319248,257.60421545667447,351.6830985915493,458.9037558685446,566.9133489461358,676.462441314554,793.1478873239437,900.2177985948477,937.1995305164319,1002.086854460094,1045.7002341920374,1025.7676056338028,990.443661971831,950.480093676815,834.0962441314554,720.2276995305165,592.8009367681499,404.6079812206573,164.096018735363,4264.0,572.0,2.6674313439852733,0.4015561567813386,1.328519991601995,1.670736163257262,1.9843070103379257,2.279228049145854,2.621999810234258,2.876588365777489,3.1716756854590296,3.5260682783917954,4.2031371988561075,6.579593174863836,1.219840963940334,0.163560681256931
35611,17.169558471837597,0.5168329791310708,1.0000000000000002,0.63557346561001,1.1680954935546406,1.169367708273387,0.7924429879707889,1.5895613865780178,0.6948924781966851,0.38729440183143415,0.7209614339453226,0.5942463378116696,0.4887347199868347,0.45355998203843945,0.6494805655011805,0.48326004376635223,0.5518421284779265,0.5554117502185533,0.6098357245911629,0.3471662894793408,0.8819228139503177,0.6318648822385239,0.7106380820083731,0.7541877612239763,0.7973632069816683,0.44706551631719194,8764.0,12018.0,3.870967741935484,36.0,0.011741682974559686,0.4137254901960784,0.6627450980392157,0.5715319939245103,222.0,15.548479406673927,0.03935694035431601,-0.007529598588486729,-5.226963946590122,0.03265240292687554,0.4227983900423236,0.055349451578191516,0.014068781668748732,5.553472257656202,9.543092435853703,10.974423614531798,11.90148483102482,12.687881637555611,13.27185673246719,13.756517115197022,14.195269015873507,14.534262830651006,14.797208822524084,15.070954865275139,15.375119405285373,15.62059817594261,15.819604961643902,16.052778687200583,16.137083076589004,16.248709258435017,16.571764355236397,17.0008207781344,17.049282016491308,12.019607843137255,38.745098039215684,68.01960784313725,92.19607843137256,111.31372549019608,134.07843137254903,157.27450980392157,178.19607843137254,194.05882352941177,187.5686274509804,205.66666666666666,218.0,205.62745098039215,200.47058823529412,192.68627450980392,157.1764705882353,121.3529411764706,101.72549019607843,75.03921568627452,25.5,511.0,130.0,2.190560984876501,0.5780037414786972,1.2749256286547213,1.4559633913208774,1.695256476388023,1.8423806697032055,1.9819193444356555,2.245534725080893,2.4021788581674275,2.8240106860583887,3.614573728379525,4.529138914754377,0.7717319876514429,0.971154183086473
35612,21.53720358922537,1.9391169112291873,0.9999999999999998,0.612549557994608,1.2446890610964394,1.1195692619406674,0.702675729248756,1.4442826626952412,1.1194656664038989,0.7492288835586816,0.8904153903886298,0.999907468398526,1.066251262669477,0.6165104749834671,1.1382426266973784,0.5610810588252555,2.852241349317048,1.0166790616637174,0.7984921571506646,1.9748498150592984,0.8560187799635592,0.5446080924128318,0.856474368097271,0.7645965364212766,0.7750489589203298,0.5930102120723137,17835.0,25731.0,5.151515151515151,36.0,0.0050041701417848205,0.4081803005008347,0.662771285475793,0.5629909261635716,580.0,20.689284138034083,0.013883727156099599,-0.001251625790301707,-11.092554390999643,0.016359003904838215,0.5402911185857918,0.07705260421543522,0.006529888291787027,10.950076350755156,15.244621807442204,16.67710743567013,17.491793185465827,18.14673294442236,18.690146767453175,19.158452890040778,19.558502721773483,19.90563865183169,20.13236051822365,20.328799069178178,20.573366418645424,20.800045800623504,21.0062156285854,21.12441067093189,21.33702526899384,21.533694352388714,21.53679238785976,21.537203589225367,21.537203589225367,32.32773109243698,97.46666666666667,167.01666666666668,244.28333333333333,300.8333333333333,365.8333333333333,421.8655462184874,474.05,543.6333333333333,539.7833333333333,527.35,553.7166666666667,558.1833333333333,561.0168067226891,501.18333333333334,460.28333333333336,418.4,299.5,179.5,59.5,1199.0,345.0,2.207281326751878,0.5432125325515617,1.139946973318541,1.335674733570556,1.6151822714764743,1.8064602076335912,1.9461830774143607,2.161013880608964,2.53276314627501,2.837220076539571,3.283512624803719,10.110610344837555,1.359424798222808,0.863657871915493
35613,20.048983610665104,0.4354589525186902,1.0,0.7689082741679604,0.8717318062511841,1.0097227063125978,0.7264341492773853,0.9852178827466064,0.7114684259722082,0.5085027042441815,0.3733756360500998,0.7046176356382208,0.6999983477511494,0.3789777292807528,1.0635018242328909,0.7964883033051284,0.8938388075862319,1.0532612741934753,1.0964356564148712,0.9072498817158836,0.987411369799289,0.8000912067095014,0.7348667897352417,0.9779035012545302,1.1013953673645243,0.7458926625312242,11311.0,17755.0,8.444444444444445,60.0,0.004324324324324324,0.36688311688311687,0.6363636363636364,0.6042261139036325,283.0,16.94705963832029,0.04095951553504345,-0.011466784342313687,-3.57201411592772,0.02122675828803725,0.13630537659190878,0.03084949342902384,0.010085465892066329,4.894328296729074,9.417558501051655,11.558406729654275,12.712983278461087,13.587820930240094,14.280858778848078,14.85988439989403,15.356151006338356,15.756971220182082,16.156070296019642,16.517966352218963,16.91003972526489,17.2543200268814,17.695962303718147,17.97256779939983,18.092070808729417,18.578883901021513,19.110801480984378,19.698427197095228,20.0489836106651,20.195652173913043,56.56521739130435,94.06451612903226,119.93478260869566,148.09677419354838,178.7173913043478,189.8279569892473,212.30434782608697,238.3978494623656,251.2826086956522,250.2608695652174,275.4193548387097,268.2826086956522,272.741935483871,245.6304347826087,175.09677419354838,154.2391304347826,132.247311827957,103.52173913043478,46.0,925.0,164.0,2.6544010667717917,0.08195371384169228,1.274424944379683,1.7461671071268998,2.0529527427349863,2.2940269107333804,2.5899940048627403,2.8099411513597143,3.1022280683821237,3.320626037586456,4.099568967891707,6.600560794635089,1.3599463639121334,0.917188239672687
35614,15.791191324385315,1.3354118867979634,1.0,0.6371295500351785,1.1330784564897496,1.13649660053475,0.7700393551256126,1.3650556938033895,0.7567543762047677,0.6407368461150791,0.4328981533873842,0.6658659391050495,0.8320832459407986,0.317128565048669,0.7582895123077967,0.4947100305314831,0.756840276935725,0.667216700825152,0.6424477232735508,0.5544391194962728,0.8957080376322378,0.5655903952064089,0.9003769442972145,0.7881308551303935,0.7344954403196016,0.6595898968697294,20698.0,33410.0,9.1875,42.0,0.004074505238649592,0.41875364006988935,0.6709376820034945,0.5626374033966632,828.0,13.965686821408381,0.009418424575518504,-0.003359790445306081,-2.803277385551489,0.008419207593236663,0.15117616682023685,0.014111385121357787,0.003984018996940917,6.0505216824839945,9.04325160962908,10.226298554058861,10.977276297690535,11.59474183527939,12.001168638288911,12.326712583403111,12.765538335490985,13.168556161311892,13.535268403703228,13.79101897286818,13.967266243097715,13.968351693383354,14.142881169404392,14.576771397615149,14.880892000655058,15.128376104637251,15.54251036763318,15.755049053393373,15.791191324385313,54.05263157894737,162.30232558139534,281.8139534883721,391.75581395348837,490.85380116959067,523.1976744186046,528.6627906976744,615.3837209302326,672.4970760233919,752.3488372093024,777.1627906976744,756.2790697674419,586.0,500.1046511627907,530.7790697674419,490.3953488372093,408.87134502923976,362.4418604651163,249.8953488372093,85.5,1718.0,484.0,2.0845010256449754,0.5422505635150697,1.1230903476391094,1.3456758720535118,1.5209882560134809,1.6900146120450035,1.8092631445374983,2.0451758925239556,2.281591528171105,2.6010949473763776,3.182575213500747,8.152864844490331,1.1075352441135746,0.422692868066952
35615,35.53921713108433,1.1882696747528596,1.0,0.838070929051276,0.8163047198066999,1.0072120934211541,0.6902315642775687,1.0488365988363242,0.8970139313792097,0.7599053782377767,0.5697783921252182,0.890590906561061,1.1009426655721433,0.5432480071322671,1.0503948364302895,0.9831608684264366,0.6271723318261729,1.042873535068923,1.4243927970107575,0.5979695335975267,0.9826478208610816,0.893425650548765,0.5724954748959399,0.9756116187240801,1.2943853871473836,0.5458385753616141,304711.0,404673.0,31.40740740740741,312.0,0.0010935933655335825,0.46399927087130877,0.6922165512212906,0.5234748068443897,2339.0,30.28897714594331,0.006529278046131516,-0.0020515698599678175,-3.1825765105722206,0.0031307826700994776,0.03605672501422033,0.005741471417763496,0.001379114533063556,11.207919612650297,18.37477556560879,21.510242199644935,23.47330870289319,24.94821022946049,26.039935458873966,26.930985031951327,27.670291298144548,28.315734300494526,28.881435130386784,29.41696329247273,29.917577185038873,30.40557795376569,30.841676544084613,31.303932387234443,31.792075296275375,32.27950148083604,32.867715669981045,33.52211072775152,34.65154906486335,123.50410209662716,343.2187784867821,578.3354603463993,791.8642987249544,1073.93710118505,1303.3965360072925,1572.221513217867,1829.827868852459,2005.690063810392,2143.6709206927985,2259.580674567001,2284.6985428051003,2308.54968094804,2192.999088422972,2062.4238833181403,1892.4763205828779,1623.8887876025524,1358.9890610756609,899.4384685505926,357.0173041894353,10973.0,1541.0,2.665962988103082,0.36986776492948753,1.3920186295199355,1.7943797215643884,2.1020659790915563,2.4246917697949932,2.6507647044654483,2.91334646525076,3.173312295031133,3.4841786245499944,3.9664764690920262,6.883599413352494,0.9612905234464035,0.0465210687555373
35616,16.766948102211973,0.03546445556799841,1.0,0.7255979897364483,0.9247651082138377,0.7680809306268563,0.6014121844363329,0.4145236106874478,0.48884863315990545,0.42745904965883863,0.14833440302971146,0.6364545891810384,0.7107588783879895,0.3578430738449687,1.258293052554925,0.9390231702105746,1.158518429051303,1.638229778114645,1.5613637277579666,2.7948189178657663,1.890776378716274,1.5321744355735594,1.6753618238438779,2.4616890008884202,2.547627858603452,4.041655965182418,7365.0,12377.0,7.04,46.0,0.009602194787379973,0.44642857142857145,0.6689560439560439,0.5626924549545427,137.0,7.283563650341593,0.04271190540095057,-0.07052227552984747,-0.605651265221489,0.022982807206928538,0.02580434904784936,0.020081233550962533,0.022413297949746266,1.9740563698128963,3.3749483731120513,4.233962512429481,4.883892666339388,5.540267750206907,6.138485834840735,6.705492367697035,7.3318064077119995,8.06557756055139,8.767695355102074,9.649495020804798,10.49646342204488,11.714548331636001,12.61310922266592,13.232288392580609,13.858701231511564,14.463425712297633,15.070912831235315,15.69101299319442,16.313052848249196,21.72222222222222,48.3013698630137,62.945205479452056,90.9041095890411,105.52054794520548,118.24657534246575,126.80555555555556,130.75342465753425,127.6986301369863,128.64383561643837,125.5068493150685,113.4931506849315,106.82191780821918,121.22222222222223,120.5068493150685,124.16438356164383,108.86301369863014,105.91780821917808,77.63013698630137,32.16438356164384,729.0,69.0,1.7545981937129809,0.26505771559228153,0.589284636854593,0.9264761040725235,1.1922781173802777,1.4204272195434358,1.6110982571817245,1.8013748327106796,1.9647936574830882,2.3064027536483547,2.9484696016987977,4.955789461386374,1.0543092421908855,0.531710855399724
35617,25.519458738191496,1.2911895986785136,1.0,0.6021947269609783,1.2549419250764562,1.1453963261392182,0.7525952274137429,1.4814373555982043,0.6774532755245204,0.30320389007005244,0.9883560255855279,0.5914575244081748,0.40287777416819126,0.6671601886172431,0.7197183487398215,0.44372716517509214,0.6324093624631199,0.628357479690696,0.5895960391616342,0.42688903454021043,0.8595121736026662,0.5006733402220246,0.9977901454875316,0.7504059110262905,0.6652624438538686,0.6735284092283632,412000.0,572860.0,33.45454545454545,266.0,0.0005774672287347693,0.4141834141834142,0.6701894201894202,0.5550217210840233,10098.0,24.72733026180059,0.0006995336424597115,-6.380762150011771e-05,-10.963167502778976,0.0013991839419908168,0.44133069209367265,0.014539080933228248,0.0005089175551969304,16.702004313841154,20.148229033523,21.432219358823772,22.22901836480115,22.84257288991858,23.3294215734955,23.71532519329833,24.026451721442644,24.313387420551308,24.553460407937006,24.74086631120986,24.90121813896807,25.074325364002387,25.248531732193236,25.368963156162312,25.41879782294871,25.51945873819147,25.519458738191478,25.51945873819148,25.51945873819148,577.8503755054882,1805.5715935334872,3008.581166955517,4172.847575057736,5360.921478060046,6554.478913922588,7510.456120092379,8329.624711316397,9191.562102830734,9728.572748267898,9818.379907621247,9557.250722125938,9432.090069284064,9235.481524249422,8523.403812824956,7155.312933025404,6060.5,4329.0,2597.5,865.5,17317.0,5576.0,1.9471314329492662,0.346141434392359,0.9065115542404973,1.1124767497231267,1.2848112952416666,1.457096724411376,1.6436828281155664,1.855002027598759,2.1484685399244117,2.5506824775795187,3.3713698419344054,10.08616737092958,1.2924308339062662,0.0869151043961756
35618,28.81207205286924,0.3223538279422373,0.9999999999999998,0.657666927390928,1.1045113758177167,1.068910979327554,0.6975966184143029,1.3039469458648347,1.947970298568391,1.6051362424891764,4.121815995076412,1.8223877724540247,2.3009518683416057,3.1610304454086844,0.8985704040897473,0.602976702779162,1.0321278947440224,0.8406410089033167,0.8643629955514692,0.791541326138442,0.931685961214247,0.628908946992816,0.89068179126449,0.8716216590836829,0.9015366909638698,0.6830659744931192,316640.0,499112.0,64.7,410.0,0.0004260304611779742,0.3841401714863929,0.6456835490227406,0.5978773676281341,8892.0,27.34949665565709,0.0008353105152797026,-0.00017390499061566917,-4.803257872718229,0.0015172667745074829,1.9606878724929364,0.01714164488874822,0.0005254144892214449,19.651958210821963,22.757541864564544,23.954668294112384,24.718262219010526,25.33359142056274,25.84824203210124,26.227737638859473,26.558968249336473,26.870544714292247,27.16951232132312,27.393100931261316,27.56011003178878,27.81598066968915,28.015663506589544,28.212099446305864,28.4014056889855,28.456830842431348,28.721851864224575,28.81207205286922,28.812072052869226,679.2115077250933,1983.2497337593184,3233.59797657082,4205.251863684771,5224.9563132658495,6288.641640042599,6949.444621938233,7467.458466453674,7930.955780500799,8504.301916932907,8562.719382321618,7976.0303514377,8039.369738945125,7636.132587859425,7153.539403620874,6587.888711395101,5024.408098028769,4308.876996805112,2816.5,938.5,18778.0,5128.0,2.3343110731929904,0.2146247340103805,1.226043133366633,1.469380073784747,1.703328607367066,1.9168906988219774,2.135137312560574,2.365428867003053,2.6658262771677297,3.0465739814393635,3.694711763245917,10.99605923710978,1.1191586901331136,0.0849379899608903
35619,25.02956685376334,9.030878611909323,1.0,0.6090306446422926,1.251595689607406,1.110692829775815,0.7216405534882503,1.4151993011123203,1.5597734327216486,0.5627485252928512,3.451151514959318,1.4043247519986937,0.7798183217013647,2.4386328570447833,0.8677363178967057,0.4434574765030487,1.4824615178820613,0.7812567927280595,0.6145129654361491,1.0475284412003836,0.889399434520445,0.5325364948929392,1.0446058437000916,0.8007609400881462,0.7379525614501236,0.7381333801387909,76728.0,117614.0,13.75,86.0,0.0014084507042253522,0.4191990340108674,0.6743811632119139,0.5550211523381071,2568.0,24.840663017598576,0.002760443966867518,-3.156960848475827e-05,-87.43991767272799,0.0032196997870505163,1.9008080621697518,0.04470175138820863,0.0017437814734818475,16.370580115730167,19.52263403399982,20.73429407699995,21.59941904347449,22.25774594835546,22.759756941899116,23.13926973660099,23.462980994013517,23.73064013475377,23.930370337230137,24.111627127826274,24.344939026033177,24.544949574181953,24.760716112545584,24.92697546915046,25.029566853763317,25.029566853763317,25.02956685376332,25.02956685376332,25.029566853763335,187.20564516129033,538.3219315895373,855.8008048289738,1172.1770623742455,1484.082494969819,1818.3259557344065,2107.478873239437,2296.559356136821,2416.1911468812878,2449.5050301810866,2412.839034205231,2493.911468812877,2504.7464788732395,2541.5050301810866,2475.4627766599597,2236.0,1739.0,1242.0,745.0,248.0,4970.0,1560.0,2.03707946217472,0.21042612830961036,0.9670274803958538,1.2128265464240533,1.4214846876693048,1.6038568418003756,1.774469949232031,1.9981155362666365,2.3238852406842914,2.690904823072791,3.2934429505744958,9.716783030897878,1.2610402369931917,0.427293219882995
35620,20.116679261444766,1.6216668524895985,1.0000000000000002,0.6836979513222173,0.9892708439587996,1.04765394815413,0.7251357952154529,1.1446679535577247,0.6369673134041925,0.4737583896006125,0.3585725499159736,0.607993998902472,0.6533374751688393,0.31325464192607105,0.9209666977194609,0.6454683298713395,0.7188669709565232,0.879075289452323,0.8901344191394627,0.6280135376571205,0.9657236190713802,0.6592785686685718,0.8592798953279671,0.9217963820714812,0.9091794571700691,0.750680485687795,44403.0,68673.0,15.117647058823529,96.0,0.002407980736154111,0.4353062629043359,0.6841018582243634,0.5554972282817973,1097.0,18.018283948118142,0.009116521034228102,-0.002051763788900434,-4.443260517388193,0.006364422714712722,0.1232127749584884,0.014104871265303989,0.0028173810976222713,7.76966540947424,11.79209565317682,13.386963080994159,14.528324387935397,15.400847867426059,16.09801694421055,16.60299824348202,17.04967613127632,17.473586645850133,17.847498873197143,18.133110055512965,18.436640054695587,18.659006716203173,18.922214336599144,19.140483408452525,19.439737088394338,19.73997941245201,20.091586253155327,20.116679261444755,20.11667926144476,67.43793103448276,205.04810996563575,326.0931034482759,433.9106529209622,550.8350515463917,647.8724137931034,727.4364261168384,838.340206185567,938.2862068965517,1045.9862542955327,1057.955326460481,1054.0655172413792,999.5601374570447,978.0996563573883,881.1551724137931,836.2199312714777,766.5807560137457,708.3206896551724,436.0,145.0,2907.0,636.0,2.338147377968586,0.179803679875639,1.1758678511523142,1.458877626689216,1.6911148900238375,1.9211752609066506,2.1407782717358623,2.4017924263766597,2.71121432576766,3.0592226485220158,3.7185518355245217,7.870808399432184,1.161819893637141,0.154992107695434
35621,20.40583831830865,2.614662656835329,1.0,0.6724439057156897,1.0184793960993253,1.031738168145259,0.6871085456712864,1.0925879369792841,0.7305134067153422,0.3857909180508045,0.6309872444816993,0.7080414675639806,0.5614701206690673,0.577516210023526,1.0258281361410906,0.6822756491818108,0.8063064906921902,0.9942717714759037,0.9929663274894158,0.7379785767371858,0.9672161265693032,0.6626503493149382,0.9883675397948791,0.9374627753745447,0.9644041738231428,0.9046114334077797,8220.0,11988.0,4.285714285714286,26.0,0.008417508417508417,0.42495784148397975,0.6610455311973018,0.5518484858638657,222.0,19.570896712284174,0.052105600667872114,-0.003906103621499332,-13.339533641934395,0.030001982565722295,0.27500225176977283,0.06160498975391255,0.014854991249130155,5.67833682659081,9.340428659471325,11.856838702314178,13.649864959178622,14.869076808810428,15.889189900660062,16.55888673383799,17.061109692798734,17.578158652221386,17.992743664849023,18.339947469171754,18.587168353235953,18.861881151238258,19.248309761739314,19.549463493650272,19.727003704032942,19.960792084230665,20.119072713980312,20.228154690310017,20.39544386019999,11.305084745762711,30.440677966101696,47.833333333333336,65.20338983050847,77.42372881355932,87.63333333333334,114.11864406779661,143.11864406779662,166.66666666666666,182.59322033898306,200.77966101694915,199.43333333333334,196.25423728813558,206.0,210.26666666666668,191.8135593220339,178.03389830508473,132.0,78.2542372881356,28.366666666666667,594.0,108.0,2.1728985408080597,0.5642430520282349,1.0412529899906047,1.263675942926212,1.5391594514735116,1.8430102135828006,2.070440486570373,2.2894710449515476,2.5720601025702887,2.846523528302435,3.5696585447764075,4.953995278070722,0.9206051962038837,0.658067625232507
35622,19.750671596006896,0.4118302688870328,0.9999999999999999,0.672486705797468,0.9679848992952399,1.1013564399727298,0.7818505150551469,1.0725450075117238,0.7067370010132916,0.5213025280665161,0.6874162614532007,0.6416968888208352,0.6667547287217003,0.6409206668613268,0.7771310032145337,0.5284922890236778,0.6962590174171982,0.7056126200467633,0.6759505542902933,0.6491653147801236,0.9191142850917872,0.6219883222155441,0.8636330414753389,0.8345293600993925,0.7955335581913288,0.8052184620941408,30678.0,43666.0,6.358974358974359,40.0,0.004616272360069244,0.4497690531177829,0.6951501154734411,0.5350028027876165,754.0,18.625793568483946,0.011274540543845715,-0.0014842364650818817,-7.596188888421985,0.011165612775473364,0.3993116963720553,0.028802879846285927,0.004410106542248006,8.748509833259037,12.530902914295082,13.818767751884563,14.70524634442851,15.382373867003341,16.02073360778479,16.54034322590912,16.99064055441341,17.46928074398811,17.83037720332104,18.123587299724758,18.411464191754025,18.655631024514413,18.859698495156668,19.107615710117955,19.299366860182662,19.434193690470092,19.700424305205875,19.750671596006892,19.750671596006892,36.84393063583815,118.36416184971098,212.53179190751445,293.3735632183908,368.8728323699422,436.4971098265896,502.6300578034682,559.0977011494252,630.3468208092486,686.5606936416185,712.6589595375723,719.4885057471264,727.2658959537572,692.6127167630058,688.1445086705203,627.0747126436781,515.2832369942197,420.0982658959538,260.0,86.5,1733.0,422.0,2.0802511685261758,0.4340079678991977,1.149890786056437,1.4011034339526813,1.5877909717558722,1.752056551788227,1.9112391657256667,2.0868648773952914,2.282801359897576,2.6355664857639116,3.1358205235835617,9.175065473215465,0.9123759192698482,0.426018121060915
35623,16.42843900774796,0.13389820211108971,1.0,0.5707285140033743,1.3340410096060624,1.1700870357607014,0.7428273458250406,1.637184111292205,0.5847101979779772,0.4765558946464936,0.36923762551844397,0.49971513238572307,0.6415432836781128,0.225532133479484,0.8211891381306328,0.4954356926429635,0.844572661821199,0.7018188502505356,0.6669594158420419,0.515869080328779,0.8372240490406794,0.4516088669463579,1.0049980023376854,0.7155228828737343,0.6079593992932054,0.6138576568181178,51058.0,67206.0,4.553191489361702,60.0,0.0039249890972525075,0.43760907504363,0.6845549738219895,0.5292503235201533,1190.0,15.53591638496595,0.006369440998127923,-0.0006968699304741603,-9.1400715106104,0.007109310997223765,0.11113650631247451,0.01932669442126742,0.0027936607702862587,6.437388317854115,10.284354119283124,11.782025160442267,12.695732975823956,13.297641966597364,13.794300618185975,14.258693154885579,14.628470955925371,14.944878625298864,15.2016829124099,15.39201165496139,15.564424577966156,15.759720356897516,15.91946216430864,16.118552682287902,16.28197341254044,16.428382700773753,16.428439007747958,16.428439007747958,16.428439007747958,63.83406113537118,197.62008733624455,336.8471615720524,488.19565217391306,612.7903930131005,754.410480349345,893.6550218340611,1011.1347826086957,1102.0524017467249,1128.1528384279477,1129.1004366812226,1105.6739130434783,1078.7816593886462,1023.5545851528384,991.6200873362445,909.5434782608696,801.9825327510918,573.0,344.0,114.5,2293.0,774.0,1.8328659580186695,0.3899543872531279,0.8564449943211463,1.039573465499975,1.1846453606210239,1.2818718176223591,1.4871619460979129,1.6592340092411075,1.925841955593747,2.298444815250744,3.4569674258920813,8.222057552258061,1.3642459513487022,0.546616359339096
35624,31.610207060713922,2.0552632383855105,1.0000000000000002,0.874087292894446,0.7719445542396557,0.9351680575404753,0.688127546011166,0.8666828485020245,0.6884509784264843,0.4623560078766312,0.42241000793057104,0.736178885576069,0.6719045190920591,0.48738706282311334,1.1335581929477485,1.02611028585184,0.8940070430370781,1.2121438321247267,1.4911629272797484,1.0315273281134856,1.0641354915873054,1.0210410336836964,0.6080911721351158,1.1379082968103285,1.4837961938921251,0.7016305597672103,31925.0,45037.0,9.128205128205128,114.0,0.005790387955993051,0.4304750869061414,0.6668597914252608,0.5562489974708514,327.0,29.21556319056863,0.05388194769286793,-0.008083021000199017,-6.66606553311457,0.01712337417284381,0.16158969598350573,0.028179494681253713,0.008120435402316302,9.359080362066848,16.01199907659011,18.811636550835992,20.498323274766015,21.69718652604633,22.574549124089742,23.343243020627312,24.010970881221333,24.6372839203177,25.210883475662595,25.763373803455426,26.512896025270408,27.082918232530627,27.69353753691943,28.281014904736345,28.827111411852865,29.338289139956622,29.81870673851602,30.417151292164487,31.2363036702549,23.023255813953487,57.040462427745666,116.81395348837209,169.32369942196533,213.89595375722544,249.82558139534885,260.29479768786126,262.485549132948,288.40697674418607,290.8728323699422,283.9884393063584,296.51162790697674,258.26011560693644,262.16184971098266,290.0348837209302,311.0115606936416,300.1965317919075,238.86046511627907,168.42196531791907,68.05780346820809,1727.0,217.0,2.6678028953126374,0.3865833424309146,1.1733476749250242,1.5207916590261237,1.9388154942516027,2.369650842002534,2.697326351397356,2.9691559785432697,3.353705210315972,3.7250553320739312,4.138774269794982,5.595974944844198,1.293210188530293,0.377263328616973
35625,53.80359357952336,1.8937954280699365,0.9999999999999998,0.7348036378078221,0.8904763980667245,0.9231770523687723,0.6586286367168742,0.8556252590720802,1.107203014016966,0.6716812653451688,1.5608694332906485,1.1993398353826095,1.0198178881096929,1.8242442199326852,1.1744361123717226,0.8341685329548472,1.180556087297066,1.2721677920375585,1.2665233280973063,1.3797583402076874,1.0585809668562913,0.8497895898237708,0.846479676215386,1.1466716640541348,1.2902408769527451,0.9893112285317377,131427.0,170097.0,8.483870967741936,122.0,0.0021244954323348204,0.4558011049723757,0.690395240118997,0.5241561360009602,770.0,45.47006930119292,0.027418856648691207,-0.011522213702435247,-2.379651806223327,0.01103055634327527,0.17393419224764192,0.025701720563121196,0.004593463802786365,18.686167517617804,29.533575008511985,34.27769205511505,37.00408179323021,38.832281790190436,40.16881906320771,41.26393274426317,42.17426208867085,43.02961222621035,43.868474623815146,44.62551479819334,45.33992803585818,45.97421785761422,46.55665698915842,47.33415293336784,47.981064579337676,48.73225566017948,49.82438456492702,51.00355356335734,52.96248647846219,36.61914893617021,89.09766454352442,163.94255319148937,243.71549893842888,341.1698513800425,446.7425531914894,533.660297239915,601.8874734607218,650.8872340425532,658.1825902335456,727.7940552016985,747.8319148936171,701.8895966029723,596.3588110403397,605.5893617021277,520.5859872611464,401.81104033970274,372.9127659574468,243.74522292993632,120.59660297239915,4707.0,615.0,2.3249762665336555,0.229421196988306,0.8867514242867764,1.2414940212427081,1.5569084444157246,1.8865011271735928,2.156118760717683,2.4119839132946725,2.747657634550851,3.2025373507868133,4.014512645069245,9.32463657838446,1.6428663128104697,0.122558141343761
35626,21.164396018309805,1.3430206006156233,1.0,0.6853755343196983,0.9919661900105111,1.1187863057329026,0.7888567276618094,1.269077527667592,1.2486983546564494,0.7909167101112123,1.4643837024359176,1.1161187335399525,1.0026113518173432,1.1538961730157449,0.7392164868386599,0.5484840006153446,0.39812057111477783,0.6607307249389406,0.6952897546314457,0.31370862885459355,0.8982057489990296,0.6422262596868439,0.7129848390697694,0.8028394201791972,0.8141228149126879,0.5618134617671054,29021.0,43583.0,11.030303030303031,76.0,0.004203888596952181,0.4185068349106204,0.6635120925341745,0.5814622696563172,786.0,18.161335441657425,0.010308002902193338,-0.003197657149577329,-3.2236110439656938,0.010421333027178854,0.1835724059471173,0.024114318225096142,0.004480339773074291,8.518740051046665,12.859511248779722,14.289371534878244,15.207029866816272,15.912958153942858,16.405427866705534,16.818597853936296,17.19764014117645,17.54878035186823,17.848043332258385,18.161454738919726,18.40254841477147,18.634647712535823,18.85375593046172,19.054233803492263,19.203515420626943,19.386827991201365,19.609057608628724,20.404887245818525,20.984562448513017,41.32105263157895,139.08947368421053,238.39473684210526,359.81675392670155,477.0263157894737,559.8157894736842,628.5526315789474,677.4659685863875,727.8684210526316,752.7,771.3210526315789,764.5602094240837,733.3315789473684,657.7,592.4684210526316,481.0890052356021,366.1842105263158,228.16315789473686,199.43684210526317,79.55497382198953,1903.0,487.0,2.2950148794095506,0.43356175251784984,1.294148331802686,1.5817622948196255,1.7602239228769974,1.9693750339860718,2.1630719843296657,2.3579006781458136,2.5629480377189475,2.8778764718049845,3.476224438510933,7.887324881779509,0.8582273266015849,0.628354018190876
35627,23.0479995911643,0.0799243156039651,1.0000000000000002,0.6103669728596566,1.3119801600282166,1.1036685030162452,0.6847671423255163,1.4880798917212286,4.573879588113615,4.573879588113615,9.274762774521767,4.14425126350307,6.679467085088818,6.2327048608887905,0.9742462622774728,0.7448108118712256,0.6828112248395666,0.88273449827999,1.0876847994513825,0.45885387514360815,0.8811784064455018,0.5340305220467036,1.1051674115054777,0.7984085837706755,0.7798717097217884,0.7426801596164003,11868.0,18674.0,6.888888888888889,44.0,0.005970149253731343,0.4243027888446215,0.6733067729083665,0.5571137995866074,443.0,21.78527857557953,0.02063433018572479,-0.003551135155723369,-5.810629356775794,0.022876568999562086,7.619329107400016,0.09007111844280295,0.008336981340545632,12.305742007965472,16.246195202220402,17.72386816155417,18.624844684237544,19.260394438856736,19.750376774671814,20.099658931012588,20.49080625075856,20.79377647179487,21.109756555287742,21.464380537590017,21.730202067500517,21.81557905019866,22.122865077468706,22.24589741169179,22.47909560143702,22.862112394159304,23.047913713894925,23.047999591164285,23.047999591164285,29.0,92.18,159.32673267326732,210.76,256.6039603960396,305.46,315.8217821782178,357.68,346.4257425742574,367.7,406.58,426.4752475247525,363.18,368.4059405940594,314.06,287.38613861386136,291.34,250.94059405940595,150.5,50.0,1005.0,284.0,2.091041958408063,0.6010904734747435,1.0697917993749493,1.2458545164360748,1.4068921974400361,1.6219464713785303,1.7802790393420702,1.9969411404570012,2.2961831021511263,2.6502310224786036,3.4026851017272497,8.794054590941652,1.491268069115665,0.79367373284651
35628,23.810600957782324,0.7091430099482462,1.0,0.7252669991150148,0.9670853849651454,1.04272017146521,0.7101070349963001,1.1926150576886612,1.0877185923391497,0.774769234568127,1.2133880803448427,1.0431548387624543,1.0910597929397556,1.0174180449276236,0.8593953646305105,0.6470624295117565,0.7103523319685099,0.8241859974981639,0.9112181651814334,0.595625828626718,0.9709773719905495,0.7479880529312595,0.7329530378964645,0.9311964979311287,1.0533455043649254,0.6145763741378201,67673.0,97459.0,13.076923076923077,106.0,0.0032697547683923707,0.4126464976832924,0.6603979285908967,0.5747116579232228,1212.0,21.85250352532968,0.008074125151209607,-0.0017332653441156282,-4.658331846662119,0.006296390827973311,0.1675792583863201,0.015711053237716394,0.002535794539258717,10.003252427229492,14.664343350146043,16.406970320301845,17.51858468471623,18.352028081666354,18.994005289575846,19.54424069982831,20.036742116785984,20.443501443209055,20.821145921553452,21.150862718498065,21.481908921745617,21.81192449996961,22.127470483206135,22.44452513603689,22.696063534965184,23.018345684162814,23.20379730556928,23.657764533445263,23.81060095778232,68.37978142076503,220.35694822888283,363.2534059945504,518.0899182561308,653.8474114441417,785.2179836512262,909.8692098092644,990.6566757493188,1058.6321525885558,1143.975476839237,1186.4523160762942,1183.0108991825614,1184.4904632152588,1150.0299727520437,1101.384196185286,983.1089918256131,900.016348773842,671.1525885558583,491.8855585831063,183.0,3670.0,701.0,2.515170694799443,0.24772161799738243,1.4232297770264999,1.7813869491795393,1.9771919520550587,2.2139244214785734,2.40974706166209,2.619710334832534,2.8978826679308196,3.191093094465173,3.6143622016228587,7.807976589650275,0.902945538532169,0.211977444328368
35629,21.68938892234182,3.1436934065286044,1.0,0.5909221111913967,1.3090620497961925,1.1672707298252305,0.7686560135860993,1.5242090785919389,0.5535715380457469,0.33760420808385294,0.32641615482788594,0.4742443410095877,0.4392136431858371,0.21415444863340435,0.7706134443012354,0.43082070100320186,0.8496213310430542,0.6601839869801374,0.560485696317192,0.5574178391772424,0.8367865856985449,0.47013459940503904,1.0495724440066,0.7168744699216717,0.6116319798392861,0.6886013597138477,1135120.0,1540044.0,63.61290322580645,374.0,0.0002880460873739798,0.4255022924218056,0.6781967882090305,0.5437318154880217,24818.0,20.94279051493364,0.00027767241331593136,-2.1112645335509718e-05,-13.151947986778776,0.00044517860524288187,0.08602957037698748,0.0032900023973651106,0.0001835344065444093,13.218374617863395,16.45677794551,17.712315952637148,18.523324830748535,19.11847597597552,19.59375459526332,19.98604559257443,20.31553056999793,20.586738487893406,20.81939500322742,21.009938265253602,21.178092273698812,21.342996173431935,21.481091724010966,21.618934008182922,21.689241735623895,21.689388922341795,21.689388922341795,21.689388922341802,21.68938892234181,1464.4004801920769,4389.467834853576,7301.655064810369,10246.160105616898,13237.473115698513,16018.771243398944,18612.437590014404,20975.5235237638,22657.937349975997,23946.555688910226,24459.116898703793,24236.728996639464,23888.415026404226,22758.87301968315,21468.750600096017,18743.007921267403,14580.5,10414.5,6248.5,2082.5,41660.0,14049.0,1.8083499060149602,0.23025326687392417,0.835647237342447,1.0188958400664894,1.1801634823871057,1.3438840869298858,1.5207025465359225,1.7260122837049574,1.996406931870829,2.3597807387220726,3.118874176174922,11.99667718573945,1.2002132988909908,0.0360589484591037
35630,26.402398513244936,0.47578496850445606,1.0,0.692423146616691,1.0312226093483403,1.068165936447961,0.7117816174000924,1.2303051007165184,0.9387069857292563,0.7242917785783344,0.850551305140275,0.8788025845972933,1.0175758419049055,0.6913336412609536,0.9536929034239253,0.7439842575336029,0.7206572356345986,0.8928321629458621,1.0452423037435783,0.5857548954441418,0.92780689101768,0.6704371049582136,0.84010520527355,0.8685980888914828,0.9419140485913406,0.6828429832439779,68184.0,93004.0,14.25,150.0,0.0021745883814849334,0.4297700435052828,0.6687383467992541,0.5596745506222183,861.0,21.99962610919731,0.012630999979860086,-0.004907502577185099,-2.5738142326366575,0.008056747527887036,0.156187741728937,0.018447247741225276,0.003248188786959707,10.134078907729972,15.752540450038879,17.74089254739289,18.97758314847777,19.81202448935836,20.466879805387784,21.027753375860524,21.512220724607626,21.947155124405477,22.3265652304409,22.715319984648204,23.185297886156924,23.59138058702121,23.941116136166244,24.320021801521545,24.6823011843819,24.98863427169388,25.331895385758088,25.909280449472508,26.122497249824338,56.149532710280376,182.64906832298138,308.2329192546584,434.33850931677017,566.1149068322982,660.6366459627329,748.0404984423676,801.1459627329192,822.1211180124224,792.1273291925465,782.9223602484471,810.5310559006211,823.6552795031056,815.4267912772585,780.6987577639752,722.8788819875776,611.2018633540373,489.2701863354037,415.09627329192546,144.30124223602485,3219.0,720.0,2.4400247508677486,0.31398826421752923,1.441268152878331,1.7478911827442558,1.9573894263850387,2.141679041159669,2.3423575414139277,2.5244382492503696,2.741980266258087,3.0528896263348253,3.4941464365132053,6.418608200006544,0.7607932996654987,0.201444421513006
35631,26.071876664569455,1.7667139255039057,1.0,0.6145593698520716,1.2094541706357347,1.1822451805068381,0.7617732747120336,1.5220081403913632,2.8447826990817604,3.3588774383988564,3.1020191956994054,2.4062544267358983,4.4092875792585176,2.0381094643171647,0.714813438267272,0.4048098634624258,0.7557539070406664,0.6046236855546543,0.5314046539837625,0.4965505025790038,0.8192883282360751,0.518072159008552,0.8260236744815205,0.6929935869011871,0.680087076045552,0.542719616643522,48165.0,71991.0,12.972972972972974,92.0,0.0026622296173044926,0.4207723035952064,0.677762982689747,0.5556603054252299,1567.0,24.92820121458525,0.004542437800984322,-0.0006228410439848485,-7.293093229570181,0.008090933002352047,2.5877353294232117,0.07595603863034883,0.0029888132901717784,17.111024299086782,20.40091587148145,21.623211901304597,22.432944280209988,23.066555934974403,23.548796564787093,23.93717716404892,24.24502677641917,24.546036786260295,24.81058208900851,25.017178673672813,25.24715703503738,25.428559122842852,25.6328863244281,25.70482580938453,25.889231952935482,26.043214301382807,26.071876664569444,26.071876664569455,26.071876664569455,97.10666666666667,302.43333333333334,500.6511627906977,701.0266666666666,887.7109634551495,1056.8866666666668,1230.983388704319,1319.68,1436.202657807309,1525.9866666666667,1516.1466666666668,1512.3787375415282,1484.8266666666666,1486.8538205980067,1279.5133333333333,1175.5946843853822,1023.5666666666667,751.0,450.5,150.0,3005.0,914.0,2.0449383119478894,0.3451211224797214,1.0121206756775967,1.2320420077984304,1.4154736047536185,1.5981965325433205,1.8082461529773497,2.0506502610573825,2.2621812841942455,2.6511121611261017,3.3349800985254467,8.754205782904844,1.1286809657227874,0.486418898876291
35632,16.04824964512935,2.6290515105018892,1.0,0.5841313528454704,1.2906427071726094,1.181751704950638,0.7773796879917703,1.5302725864233495,0.5542836445727788,0.42868399127307255,0.26788138603157496,0.4690356208082909,0.5514473787969757,0.17505468529478424,0.7635212417897401,0.435986138442571,0.7908081544876179,0.6460927778577925,0.5608406614904846,0.5167760054670685,0.8286072103716879,0.46707798626642244,1.0177037778045923,0.7011686185012096,0.6008363653969914,0.6650473822988846,186315.0,274821.0,23.306122448979593,172.0,0.0010967098703888335,0.4235716422375112,0.6782331239405723,0.5403767867505903,5941.0,15.64887452389921,0.0011109444325187025,-4.1409056757880774e-05,-26.8285375108737,0.00133803949891589,0.05031662249272608,0.004645810331620647,0.0006095020695738841,7.6975637609130985,10.690174654244684,12.002867662703858,12.826787067642453,13.404616128585847,13.901555410507633,14.304745796395743,14.637855948377497,14.905710303559236,15.168924847980644,15.373199506511712,15.551177930472948,15.72995250836448,15.87475400757201,15.986454696819274,16.048249645129342,16.048249645129342,16.048249645129342,16.048249645129346,16.048249645129346,384.2944111776447,1044.543369890329,1705.2203389830509,2341.829511465603,3032.3310069790627,3711.470588235294,4371.75074775673,4930.72482552343,5340.219341974078,5730.846460618146,5870.1555333998,5831.323030907278,5845.06480558325,5634.537387836491,5205.72482552343,4513.0,3510.0,2507.0,1504.0,501.0,10030.0,3412.0,1.824956489069859,0.3139743278980504,0.8354894144007815,1.047543295164108,1.2043191107870421,1.3638545103082285,1.5291830197366014,1.7390500646504716,2.005754620799889,2.3545328054353627,3.127704432944335,10.341357457061452,1.2051064166300158,0.187869634074159
35633,22.26510274703953,0.5523646029112319,1.0,0.7717796649254128,0.8155155793903083,0.9926227131029147,0.7202384967516572,0.9051416139401568,0.6566152117760614,0.3865276787694103,0.5366740778915133,0.6614952520313565,0.5366662300233689,0.5929172514291177,0.8020192407119976,0.6213101065710824,0.5260344929249973,0.8079799405404544,0.8626449563210644,0.5811626433074105,1.2237718832764446,1.1349583442573263,0.8043436380334374,1.2328670975611298,1.5758090540509766,0.8886384468967929,13416.0,17700.0,3.0,26.0,0.012802275960170697,0.4686609686609687,0.6951566951566952,0.5186984049798156,138.0,20.667613808377755,0.12003969548747204,-0.014261717560989838,-8.416917175236827,0.030929826416137177,0.10298462110244448,0.027800861144602517,0.020222503034781493,3.666905300023562,6.9530737913334235,9.06883639718256,10.419901555317995,11.591545547940282,12.580127441835598,13.457606635499223,14.310123846105055,15.25759064998345,16.224899666648927,17.00708574370774,17.76286841847074,18.436726920707596,19.017462166285906,19.55234025758351,20.06743677700951,20.634455014608143,20.947224333796196,21.37966914503572,22.215602000626447,13.357142857142858,26.785714285714285,38.84285714285714,54.46478873239437,67.24285714285715,85.64285714285714,96.15714285714286,110.08450704225352,103.87142857142857,114.81428571428572,114.98571428571428,123.7605633802817,124.7,129.55714285714285,131.81428571428572,126.28169014084507,132.0142857142857,98.21428571428571,63.614285714285714,33.225352112676056,703.0,98.0,2.08145237181799,0.31717862984497003,0.9939617004038881,1.2004803280024339,1.3988338582877209,1.5593487619526725,2.00500934478587,2.222043481720134,2.5785097790718097,2.86671372100988,3.5306580713210183,4.772742174354982,0.9721613364285426,0.412809943670873
35634,46.51202901434562,0.9118995742204387,1.0000000000000004,0.7159447895439357,0.9469411171599763,1.0097642906369229,0.6856685003475587,1.0532905093297091,1.228391821541062,0.9110553735710512,1.6542077802256125,1.2165134308386336,1.328711138267612,1.5705142746214564,1.0267658104490611,0.7786989504834924,0.9492478289493871,1.0168371173052815,1.1356784657436902,0.9012212875187373,0.989126519411593,0.7361263692429018,0.8369348573981659,0.979561793364358,1.0735893057210102,0.7945907135636993,2171672.0,2892146.0,138.15625,942.0,0.00013628104179285282,0.41575432698859766,0.6646072775178303,0.5709911106768693,19835.0,43.18789624578828,0.0005391102530308507,-0.00016147777498448274,-3.338603427515995,0.0006905030276067958,0.3136611231295072,0.009463172631286,0.0002408426345793478,30.759853623378017,36.17486133013118,38.023198103189145,39.238149036933144,40.13469995882851,40.8472160905905,41.43339180555465,41.9309574061909,42.37675327283288,42.78847188029567,43.16525783495395,43.49156229965463,43.82854613884344,44.122353470957215,44.441714655792445,44.74424678344583,45.056176895744706,45.401305915606564,45.79717320902985,46.34119932303775,1169.3807360290778,3747.450030284676,6227.288007268322,8664.97940642035,11092.815263476681,13344.26317383404,15352.614173228347,16955.515748031496,18127.79527559055,19172.088734100544,19685.79709267111,19440.070866141734,19305.479406420352,18126.055420956996,17134.76317383404,15404.398243488795,13189.197758933979,10282.315263476681,7026.307086614173,2835.363416111448,66040.0,12324.0,2.4748316180977517,0.06938727906969926,1.2804984864967501,1.63910166888038,1.895567341279067,2.1431534059666615,2.3808803218409635,2.616615396097467,2.891123763888913,3.2272320636933847,3.7561601796224444,8.637924193071168,1.0271064137982415,0.0113546202844009
35635,15.17885675246338,0.47285362272532155,1.0,0.6454480617473026,1.0315152381328068,1.125102329378888,0.745918997006783,1.2733937561347508,0.642832119981912,0.3291253847748103,0.5254954165562536,0.5713543587957791,0.4412347534994036,0.41267315315832725,0.7546349950075775,0.529696031827291,0.5898694120372117,0.6707256533938324,0.7101254076553224,0.46322624812273033,0.9247996265550646,0.6242410801891416,0.8127327751044394,0.8219693466154315,0.8368751602976873,0.6382415267775475,6225.0,9641.0,3.111111111111111,28.0,0.009398496240601503,0.4180790960451977,0.6666666666666666,0.5635194215345314,256.0,13.487862917393603,0.033640354902015494,-0.008554702798914814,-3.9323814856879493,0.027694921148282595,0.23923533863806493,0.04244214879077583,0.012904895244749229,4.264575185155584,7.616683385163566,9.009641656432732,9.966140147381646,10.754965651119207,11.38301355989071,11.826249975433122,12.28236113843439,12.633332930978288,12.941179612866046,13.28564892584175,13.509813702825978,13.622542654731712,13.82209827549827,13.982135507505093,14.325394669650839,14.591837516312134,14.908053860454073,14.993495258185975,15.178856752463378,14.943396226415095,39.490566037735846,61.16981132075472,87.60377358490567,116.52830188679245,146.50943396226415,161.7962962962963,181.8490566037736,198.16981132075472,217.39622641509433,237.45283018867926,245.66037735849056,216.88679245283018,193.05555555555554,160.26415094339623,157.60377358490567,145.43396226415095,124.20754716981132,78.18867924528301,26.5,532.0,126.0,2.0642565184677006,0.47285362272532155,1.1627442589618413,1.4019232851994023,1.5675993616068953,1.7774974860161779,1.9463995977347541,2.1041694101896082,2.293788625138573,2.610975202527174,3.2261445627480345,6.256667149153093,0.7905083906634423,0.835589202851988
35636,18.089305765638876,2.7247245013937733,1.0,0.6955201652933516,0.9421019180564991,1.0087172803126674,0.6939496832149572,0.9507229582654616,1.457585623665787,1.4602171514379818,0.8383315641387945,1.4449892473478654,2.104211856792024,0.8817832333283309,0.9198206314567919,0.6121367806888242,1.0620721630546843,0.9118715911872546,0.8821054256454055,1.117120559487038,0.9953889765701278,0.7075000466729023,0.9172204775222699,0.9867868787392953,1.0195264351086213,0.9647610479457496,14032.0,24766.0,9.407407407407407,50.0,0.0047748976807639835,0.38771331058020475,0.6491467576791808,0.5995088734817344,834.0,17.704311738537292,0.008900255479592353,-0.00023521478200901093,-37.83884415585492,0.010487768781054677,0.5987754650565396,0.03941766112475576,0.004569842392946733,8.910981203069023,12.251055722093847,13.524588880563835,14.380781395743378,15.01348695312995,15.539082902588092,16.012041613529874,16.369332263000505,16.687553924666812,16.983299338360347,17.255387941839324,17.490777456266024,17.7010534607132,17.854996449520197,18.067665273396667,18.08930576563887,18.089305765638873,18.08930576563887,18.089305765638876,18.089305765638876,47.842465753424655,131.57142857142858,206.91095890410958,296.3809523809524,383.36301369863014,464.93197278911566,542.2808219178082,629.8639455782313,698.7328767123288,735.7619047619048,759.4557823129252,799.8287671232877,818.7823129251701,784.7054794520548,792.7074829931972,659.5,513.0,366.5,220.0,73.0,1466.0,308.0,2.4196333445889495,0.5960511689701753,1.3216081457262934,1.5819293596815283,1.7781796829469214,1.9908164267412822,2.2049091588074012,2.4116576583770675,2.717073781279434,3.097832040159713,3.932464246075406,7.046623260357524,1.1601263161146746,0.842276691556908
35637,31.27889914580717,0.5771651430562705,0.9999999999999999,0.6538231546007814,1.0571692535190071,1.141273033120897,0.7414008531345544,1.2804692775910063,3.1486411311550744,2.2551238227837933,6.866383096338425,2.75888506937282,3.041706538708984,5.362395815740619,1.6422249159326305,0.7176546691334642,3.209416230229022,1.4389413122658679,0.967971194124347,2.5064375119307933,0.8303596032285857,0.5957060175050846,0.6775725311310186,0.7275731390567469,0.8034870947160507,0.5291595378264449,26691.0,38525.0,6.378378378378378,32.0,0.004171632896305125,0.4364937388193202,0.6809779367918902,0.54816868814883,842.0,30.057080764767672,0.010321626911518576,-0.0014852042211654913,-6.949634780474053,0.018307533692755458,3.300021292226434,0.2174983761678959,0.006208675392771662,19.485881649439612,24.90992024976495,26.052762912103997,26.935126602804523,27.625766308275416,28.144832079986767,28.568272339034284,28.930527045001334,29.229102353990722,29.57027199649439,29.884926374388854,30.120354548229482,30.317613147868208,30.522321407879335,30.698904815772444,30.846231059998267,31.026299608951252,31.231089573174057,31.278899145807152,31.278899145807156,33.29940119760479,129.13095238095238,224.8095238095238,301.7261904761905,392.03592814371257,491.64285714285717,565.952380952381,626.0952380952381,668.6287425149701,744.6309523809524,806.6428571428571,813.2142857142857,790.2035928143713,752.6190476190476,712.6071428571429,610.5119047619048,503.16766467065867,401.75,251.5,83.5,1678.0,450.0,2.242028100163699,0.5481093210463415,1.3178333612355437,1.5694166463388781,1.7348996286102205,1.8813678085748338,2.052278666049605,2.196641579292081,2.4712762316654384,2.7551068941253782,3.271619160848327,11.792925471884914,1.2407774689073965,0.678364911454264
35638,20.876554516925356,0.4816314733047272,1.0,0.8462963375890227,0.7296041490762016,0.8769183190486086,0.6392511046025217,0.7551872962097851,0.5611439129699543,0.4414167252216827,0.2939760394569587,0.6399044252818824,0.690521646413345,0.38927566834399513,1.3943151694079854,1.362251808045082,0.8475114478605552,1.5900171533886007,2.1310120518166538,1.1222533166462632,1.1428442122917046,1.1359820640044243,0.5468948509588281,1.3032504709578947,1.777051390017955,0.7241843893609473,9083.0,12545.0,5.0625,58.0,0.012589928057553957,0.45045045045045046,0.6792792792792792,0.5427117072441251,119.0,17.273127763183773,0.16025614265139682,-0.03837456175103392,-4.17610352637002,0.036747609087604736,0.07549060912160216,0.04022752475247313,0.02401583505852758,3.0352168549426546,5.404839374692572,6.889670795363428,8.378023387896507,9.822058398690094,11.067904551634854,12.38889278967983,13.415320565289568,14.30832040335832,15.028881766292582,15.595879157719875,16.310329046675484,16.965841842649528,17.418890567227415,17.809707297455656,18.261698860157363,18.795808430079166,19.427260608346153,20.19019287784354,20.73518473250562,13.0,34.464285714285715,43.41818181818182,51.642857142857146,59.07272727272727,57.42857142857143,69.78181818181818,76.85714285714286,88.52727272727273,91.64285714285714,83.57142857142857,96.18181818181819,104.32142857142857,112.05454545454545,98.57142857142857,78.18181818181819,68.92857142857143,72.0909090909091,53.5,22.428571428571427,556.0,73.0,2.2914020245806825,0.6652741234207229,0.935662147796297,1.2718668813597664,1.475762319694597,1.9019134740945594,2.1132580189173362,2.409764702524713,2.8223638780464784,3.3937054268155697,3.8631556765857717,5.237793695737372,1.2945158312038338,0.72083305115113
35639,27.314207767230986,0.2368151275086059,1.0,0.7825704889440296,0.7883422229054744,0.9591239376511029,0.6843642426002184,0.8408568544181451,0.8675098505886593,0.6716491405013847,0.8529463823838249,0.9044814924682134,0.9814205633384305,1.0143776290841389,0.8783217775660924,0.7555242213211775,0.578781222369786,0.9157542034839676,1.1039796855116057,0.6883231305407984,1.1158946929004365,1.0069018782441925,0.7728851564584964,1.1634520306450338,1.4712952775242953,0.9191637701441067,54067.0,75629.0,10.136363636363637,70.0,0.003653635367190354,0.44261695906432746,0.6878654970760234,0.5356249461371462,615.0,24.337641151717992,0.023455382562328334,-0.005541003824022599,-4.233056555680275,0.00989670783615584,0.11038898834890934,0.011683026491651547,0.004848786765116542,8.094155777173674,12.797602907129043,14.930803615743264,16.45266797078104,17.591688368150535,18.567173025563164,19.36149545822357,20.156618546686758,20.888688149446224,21.466331730423278,22.053814113929096,22.640048916259254,23.176018750826557,23.66924643026327,24.149354897179258,24.561143898115066,25.00074759306426,25.58751872700252,26.25440902149218,27.060366259798087,39.24542124542125,104.05474452554745,171.6813186813187,229.82846715328466,289.2664233576642,352.2637362637363,379.87226277372264,434.6021897810219,485.1831501831502,526.8503649635037,542.6970802919708,554.7765567765567,578.507299270073,591.9306569343066,603.5274725274726,553.551094890511,480.16423357664235,384.65934065934067,268.0036496350365,107.3905109489051,2737.0,397.0,2.314936833398329,0.3397977554916292,1.0310536098087926,1.3008349257962593,1.5367428579599811,1.8211482555548892,2.1297301456597166,2.4282732607907245,2.8285987399278705,3.3190373538022624,3.9567718260787905,6.301655111237138,1.2828976650454098,0.167254099729471
35640,17.86947467360589,2.424999783325542,1.0,0.6888516687366002,1.0117421928881236,1.0096971395792158,0.6927867485223028,1.0412265558712683,1.0381105284211525,0.8709353414502072,0.7545867270691873,1.02814050642332,1.2571478067498996,0.7247094523417825,0.960356205245951,0.5879955881229498,1.0525822644268505,0.9511329364032592,0.8487396581662828,1.0109060881049852,0.9935844813615686,0.6950593936769106,0.9761877791609461,0.984042087883539,1.0032804397016186,0.9375363830824507,21753.0,37669.0,11.655172413793103,62.0,0.0033734939759036144,0.3833172613307618,0.6446480231436837,0.5968164248143047,1171.0,17.72463477062535,0.007215373316612672,-8.09725613002704e-05,-89.10886849504384,0.007446709204571046,0.18930270945827082,0.02376061049047529,0.0033144589195743582,7.952570197324676,11.49276577771909,12.786310306190197,13.826074013677692,14.576939588474849,15.207229168791036,15.640987401927813,16.027239330132936,16.36841266710459,16.65615484555728,16.953160990849277,17.194411446104958,17.445620452764068,17.668328714690947,17.776180668201874,17.86947467360588,17.869474673605882,17.869474673605882,17.869474673605882,17.869474673605882,60.6231884057971,172.7246376811594,280.8076923076923,381.35748792270533,491.72115384615387,601.0821256038647,693.3557692307693,793.1932367149758,878.3461538461538,952.3671497584542,1022.4975845410628,1050.9711538461538,1081.7584541062802,1130.1826923076924,1049.502415458937,933.5,726.0,518.5,311.0,103.5,2075.0,458.0,2.459652592625928,0.4141265058669406,1.1486995988033837,1.5443451043786476,1.76016409249577,1.991139010248258,2.2767914119582704,2.492243472117159,2.8058445478469345,3.3677548820883954,4.126108692434775,7.377935968665606,1.3317067833803606,0.744355380628258
35641,18.001971877726806,2.423402965295847,1.0,0.6669341173946165,1.0224522472410615,1.043017168837924,0.7032789921284782,1.1038867796206593,1.5398719604727786,0.8525495550381812,1.5456092852325323,1.4763630038692697,1.212249426728836,1.4001520026933079,0.7980999336040809,0.5226920009269732,0.6175340618860823,0.7651838890564792,0.7432214054127262,0.5594179342362378,0.9683310251097547,0.6386127740933281,0.9596433190070486,0.928394137738518,0.9080504056584465,0.8693312907840253,10990.0,17222.0,4.375,32.0,0.005324813631522897,0.40831556503198296,0.6567164179104478,0.5877681062016223,567.0,17.989359701408613,0.012728013145641755,-3.773446400998773e-07,-33730.47287029927,0.016608282422634287,0.7302655059111431,0.06467097317643669,0.007136103840487483,8.768060513814277,12.16576933479077,13.576861452273787,14.411574811230626,15.156432583281733,15.758913853281388,16.197046103508715,16.529730681064578,16.845415825279282,17.124611925827235,17.31740417159553,17.455281972034403,17.623044853172424,17.870611960408997,18.001971877726803,18.00197187772681,18.00197187772681,18.00197187772681,18.00197187772681,18.001971877726813,30.107526881720432,82.58510638297872,139.62765957446808,193.09574468085106,249.9468085106383,315.9468085106383,380.247311827957,434.6914893617021,491.24468085106383,532.6914893617021,543.6489361702128,532.3297872340426,529.0531914893617,552.516129032258,516.5,422.5,328.5,234.5,140.5,46.5,939.0,227.0,2.4067704982100517,0.2797706790749602,1.077716705894664,1.3076346973615696,1.541635178072098,1.856405802764145,2.103541277156483,2.35794267140444,2.770998007131499,3.0908848328210685,4.310614621208851,8.608493893370932,1.9697037493016691,0.829836497474462
35642,20.17878305183405,1.2194070388052822,1.0,0.6072432416345535,1.261985741109582,1.1972134667525376,0.7624552021468203,1.6437202908316355,0.5613780688127217,0.364638425049434,0.29388460162607266,0.4689039042765443,0.47824242528968713,0.17879234275156547,0.7589053086203389,0.466160486853527,0.8248453210148935,0.6338930605908425,0.611393935723665,0.5018161092344765,0.808157900602485,0.516907720018653,0.8026296130789919,0.6750324173972311,0.6779515944847813,0.48830060537422937,335087.0,497499.0,49.191489361702125,262.0,0.0005885468777588135,0.4380812242495586,0.6835785756327252,0.5454825135895007,8585.0,18.78181124403305,0.0008183746260430956,-0.00017289535864627875,-4.733352198987498,0.0011159138324325349,0.07994549976461392,0.0047009931288876615,0.00043446736247154655,11.021353630938757,14.218880322470016,15.452198474475793,16.253335323134166,16.871367570583644,17.374217657953345,17.790986097643266,18.12660900567966,18.419470271111276,18.673530744928804,18.88732745580249,19.06904543431248,19.23964866686759,19.407090841632236,19.506954031915225,19.672015433976643,19.890328255564434,20.112617944984414,20.17878305183404,20.178783051834042,569.8240141259564,1697.5020600353148,2802.7834020011774,3829.1018246027074,4827.601530311948,5833.756327251324,6753.015303119482,7504.860506180106,8027.563861094762,8403.77045320777,8500.356091818718,8224.788699234845,7865.619187757505,7368.800470865215,6365.361389052384,5580.694526191877,4885.069452619187,4013.5256032960565,2549.0,849.5,16991.0,5587.0,1.9996229515360497,0.20340754094793145,1.0894530516069818,1.2979725454066469,1.462572243287606,1.630479202914157,1.801917908024898,1.9922917847490598,2.2329587071482675,2.550305718353239,3.1088212864476277,10.252196897910215,0.8890034592170888,0.0877434659469873
35643,45.750386165688816,3.8970709173574773,1.0,0.6605849849638731,1.0456971300589601,1.0420410078909255,0.7040482899052322,1.17662104694765,1.4749004231224765,0.8274525134273994,3.5521717556904226,1.4153957588556438,1.175278067274019,3.018959897840809,1.1674159826266994,0.7473671069335778,1.6342901166023165,1.120316737812009,1.0615281901106195,1.388968964002417,0.9467056724718992,0.626090541777883,0.8598226280962515,0.9085109561935729,0.8892721575421445,0.7307557775944719,92863.0,115615.0,7.111111111111111,84.0,0.002637652489284537,0.4383245382585752,0.6823878627968337,0.5439136147261485,1017.0,44.542331375014676,0.013188514224759746,-0.001329527447254447,-9.919700606403282,0.01380386386818316,0.4715065032768909,0.17952694115882828,0.00518502186405338,25.508725535101362,35.746765913519226,38.14738990004599,39.461917493351905,40.45536474842263,41.20175335395233,41.8957754811726,42.429552709748755,42.866723398384146,43.283518251859896,43.648557597851116,43.93050712552386,44.21480509779099,44.50771628828767,44.6849240127737,45.014472727347,45.30826702112848,45.679955767170405,45.75038616568879,45.750386165688795,38.34653465346535,137.94059405940595,260.1419141914191,366.9078947368421,476.83168316831683,567.8250825082508,660.4158415841584,757.6315789473684,828.0957095709571,908.7194719471947,988.7557755775578,969.2236842105264,969.023102310231,979.6336633663366,864.4422442244224,829.8026315789474,737.2112211221122,710.8250825082508,455.0,151.5,3033.0,632.0,2.186927611194937,0.3422472040040285,1.1630420111897306,1.434685250417238,1.5937221878488108,1.77535150705544,1.98841067002046,2.2071252330503053,2.4881180131290663,2.810270969473873,3.33717019936222,6.837494116500042,1.018313733595351,0.222936123593245
35644,16.652075534155333,6.071900084751811,1.0,0.6748423207312387,1.0304216522019103,1.0334323289459584,0.6819982125752297,1.1731963639100709,1.0860369503890281,0.8651093334186312,1.1040777770105852,1.0509028215681266,1.2684920832152515,0.9410852360050582,0.7825827019939893,0.5845995615262238,0.5195667766151825,0.7572655509937246,0.8571863543729419,0.4428642916037957,0.9939438584365551,0.6865313020982753,0.9338606209879656,0.9617890118168847,1.006646776251698,0.7959968592773008,19650.0,33590.0,10.96551724137931,64.0,0.0031479538300104933,0.363254593175853,0.6246719160104987,0.6170681167076034,925.0,15.797988131393524,0.007653012694021481,-0.0008732903143427012,-8.763423306465581,0.005553897873702636,0.4063721021140456,0.021275500546526233,0.0033885335073714534,8.132766375901939,10.806670995268213,12.042705422806911,12.783155272677918,13.413973047916933,13.888638622117755,14.32062468597672,14.675410930762625,14.945907023199204,15.18041747504543,15.391210439611914,15.69658036928356,15.851399451173563,15.964219560369724,16.20822816411392,16.515133909652747,16.652075534155326,16.652075534155326,16.652075534155326,16.65207553415533,73.22631578947369,203.7539267015707,339.16315789473686,452.67015706806285,549.4263157894737,618.4031413612565,722.3842105263158,808.6806282722513,853.4263157894737,869.9424083769634,858.8062827225131,904.9421052631579,850.937172774869,745.2052631578947,731.2460732984293,760.2052631578947,667.0,476.5,286.0,95.0,1906.0,486.0,2.4229119370071013,0.4103725975528751,1.351162795846959,1.6216298181852298,1.7666818807232465,1.9808988808748864,2.1707495823106173,2.4086880722736232,2.7256872879221747,3.167114350379683,3.818464406019057,7.621895373855006,1.1364353691998768,0.916147131610196
35645,18.006342276335623,0.9909207648113401,1.0,0.7961552128082975,0.8176067064517223,0.9711146403894875,0.6782609351715353,0.981110651327628,0.8160616465682331,0.625345943620382,0.46061874691367843,0.8403350259871822,0.9219843148746716,0.46948705152713843,1.0241791708987222,0.8204770495472823,0.7489722034046837,1.054642910633035,1.209677584246806,0.7633921845524589,1.0510591406920575,0.9160917655353917,0.6226881922298436,1.0823224128003122,1.3506479852089786,0.634676824053667,18747.0,33085.0,13.76923076923077,118.0,0.0032502708559046588,0.41897018970189703,0.6542005420054201,0.5801076990293684,504.0,14.226045092532916,0.019666477377525023,-0.008114560732512446,-2.423603448887596,0.009222450683752997,0.05352656848645904,0.011262204210324103,0.004993346173171328,4.20829889756011,7.671760513005521,9.433657458766103,10.550819304891338,11.412045973240733,12.167781899948169,12.81375327819245,13.334920918120138,13.787639311925949,14.224894474836185,14.591489315380093,15.016617961610304,15.36465491286593,15.759333643351644,16.142656541891057,16.5287244361653,16.868747675060302,17.293198840122713,17.645257745257958,17.994567722240117,46.32608695652174,120.86486486486487,185.3695652173913,233.59459459459458,288.7173913043478,344.46486486486486,409.1847826086956,451.96216216216214,476.3369565217391,490.2918918918919,482.5027027027027,478.0108695652174,454.0648648648649,455.4347826086956,435.0324324324324,428.0,364.92972972972973,313.25,217.5081081081081,90.45405405405405,1846.0,292.0,2.706242474278991,0.43729181679019197,1.3962548298985966,1.7480188968148611,2.119333682915661,2.44432536429743,2.677990233932243,2.95372092603235,3.276295731697019,3.484107704179662,3.8745217571514767,7.903085031146584,1.122077323215654,0.241855435033795
35646,18.77321023920902,0.5393719445440934,1.0,0.6708229614183919,1.0247891365723731,1.0414070065235494,0.7207932443127029,1.0866357656245593,1.5577153245248991,1.800993768259917,1.0774236137224436,1.4957795701076593,2.498627425368306,0.9915223185233362,0.7266680834964607,0.4749784342203363,0.5645143988923405,0.6977752972127987,0.6589662680221732,0.5195065510915498,0.9794706690389154,0.6345817255650967,0.9908976065285807,0.9405262907809777,0.8803935533138754,0.9118948942004024,31365.0,49855.0,11.875,74.0,0.002902155887230514,0.3873911240149316,0.6565740356698465,0.587343356147958,1383.0,18.212980097967115,0.005003167395185643,-0.00024968145915438066,-20.038201523374358,0.007562769927277033,1.1664640819503842,0.02905939217563825,0.0028353200438379434,10.256764174229392,13.254282967282377,14.538023944002795,15.37221051287877,15.989694095020981,16.47706554495449,16.915703657145297,17.219496518221337,17.53565715624359,17.801484578566967,18.01260608984317,18.207176132853018,18.367577031249176,18.558363317669084,18.735226043157788,18.773210239209014,18.773210239209014,18.773210239209018,18.773210239209018,18.773210239209018,81.02074688796681,242.69294605809128,391.56846473029043,561.4232365145228,734.1244813278008,887.6390041493776,1009.1446280991736,1065.792531120332,1204.551867219917,1326.9958506224066,1355.8630705394191,1360.0414937759335,1332.585062240664,1317.8223140495868,1283.9917012448134,1085.0,844.0,603.0,362.0,120.5,2412.0,628.0,2.366038618491376,0.10293606241193519,1.1311310945164084,1.449698366781162,1.655651499063005,1.89268804777138,2.1154448613226764,2.3747480179324474,2.7045505799818224,3.144325941610783,3.9284380461620874,7.405937952626931,1.3489087986490695,0.703431417348329
35647,25.427723434260812,0.7666503187397314,1.0,0.7864525238508377,0.8517052645622604,0.963927009494293,0.7249475613362979,0.7268199602607862,0.722157634531795,0.5756241847446351,0.4254355266076187,0.7491829022517609,0.7940218237076146,0.5853382541323858,1.0490952718927764,0.8979937717578417,0.8843762487164979,1.088355509867044,1.2387016932680859,1.216774850816122,1.1345908040063046,0.8770249403318311,1.2102146575785606,1.1770505368467135,1.2097770750690002,1.6650817585476467,10609.0,14795.0,3.4375,24.0,0.014492753623188406,0.4862119013062409,0.7053701015965167,0.5037504287935523,105.0,21.688702990931667,0.20367741848945156,-0.036813004865863294,-5.532757220759278,0.03579255894850665,0.08132078350720219,0.029577730876555512,0.02834409638758522,4.367188125022369,6.937357103834055,8.697688252604173,9.819539762632289,10.780894227488451,11.830160266339131,12.860236794452257,13.801453048515329,14.822189979527243,15.792115790648857,17.056549303918402,18.193978965497973,19.415478503678635,20.200579382567085,20.91982943191483,21.742218437464047,22.414622924151754,23.119835323149385,23.835144055096745,25.109112863037776,17.764705882352942,33.30434782608695,49.231884057971016,66.78260869565217,69.7536231884058,69.21739130434783,81.95652173913044,81.04347826086956,77.69565217391305,76.52173913043478,71.46376811594203,70.1159420289855,73.89855072463769,82.6376811594203,89.20289855072464,98.84057971014492,95.95652173913044,87.44927536231884,54.2463768115942,26.3768115942029,690.0,94.0,2.3178476705930406,0.6751525694041128,0.9347688684299897,1.1989674236568804,1.498707767447342,1.9441364909047445,2.325768139821447,2.7183605149669754,2.921450396674268,3.2138508670425745,3.6777468605306938,5.077245235757456,1.167445234938443,0.754184998592828
35648,23.555484876852645,3.358542599107457,1.0,0.6910987476954029,1.007902657937879,1.026626156778905,0.7097253634294732,1.0856077617725715,1.2619253793420373,0.9648757450459954,1.5216386227722976,1.229196598011292,1.3595057958526473,1.4016467792085223,0.9433387616149777,0.5924596638247885,1.0001984641369008,0.9188727127065941,0.8347731310629177,0.9213258226007752,0.9744506334479704,0.6887790458733994,0.911638829697453,0.9491776797362751,0.9704867281974272,0.8397497344795478,23765.0,37133.0,9.176470588235293,68.0,0.0032397408207343412,0.419773095623987,0.6736898973527823,0.5546695432136369,715.0,22.699735726800025,0.014678563162941383,-0.0007788643322377824,-18.846110362722463,0.010911368059289677,0.45477935394770264,0.034775226681532434,0.004863298714433745,10.839763838327114,15.032114241964267,16.736366489076776,18.002123580821923,18.89037066613108,19.62667878451056,20.24252222791794,20.762781292242433,21.221574933158028,21.57708604455063,21.890411289262765,22.26177639562963,22.58090503185425,22.844863312174116,23.10351784151574,23.31107225650411,23.54183898571771,23.55548487685263,23.55548487685263,23.55548487685264,41.84864864864865,117.58378378378379,185.53513513513514,249.11891891891892,318.0864864864865,389.33513513513515,454.252688172043,513.3513513513514,581.2054054054054,615.3189189189189,626.0162162162162,660.1621621621622,687.6378378378379,688.0483870967741,692.9837837837838,664.4054054054054,637.8810810810811,463.0,278.0,92.5,1852.0,400.0,2.3354073904959787,0.17463641951606484,1.2227756791608295,1.553014336282041,1.7378901418596806,1.9095155707340818,2.1406745836870407,2.3730191228467366,2.654154419304053,3.0424369982703627,3.645600611079044,7.412916567861416,1.174680638186117,0.422468763552606
35649,28.564497010330378,2.6783168862408324,1.0,0.5944206055150222,1.2423782816273508,1.1502360893887027,0.7417040187423191,1.4772817107035614,2.2964769517223824,1.8382777830796484,3.2858384802992955,1.9965266025889117,2.4784519655114585,2.2242463685104457,0.7155019384935064,0.3176787201615135,0.9814912408599359,0.6220478952923157,0.42830928798281276,0.6643900305192952,0.8511658102967962,0.49591360617937486,0.9566620699165267,0.7399922660652661,0.6686138859275399,0.6475826939337876,86671.0,114563.0,7.875,60.0,0.0021041557075223566,0.4159431728492502,0.6766640357800578,0.5424383699741131,2189.0,28.109540390925027,0.0033342740597874488,-0.0001397161259916801,-23.864632919939393,0.006810360464111956,2.4213811356228807,0.10635932984224045,0.0025620032290630465,19.553022880141874,22.862655014537314,24.093555926446978,24.972135116279137,25.63662073139179,26.155208368729568,26.58563335642943,26.94473660602919,27.252881698337244,27.546809699575793,27.790023663830283,27.999108295030418,28.19655936885473,28.35725741012178,28.451275818640344,28.50604050670552,28.546590747129702,28.56449701033036,28.56449701033036,28.564497010330363,115.43157894736842,360.1421052631579,592.0,833.5473684210526,1055.7526315789473,1305.2421052631578,1510.0997375328084,1691.4157894736843,1843.8684210526317,2003.678947368421,2082.5684210526315,2152.363157894737,2159.073684210526,2094.160104986877,1907.5473684210526,1636.5,1308.221052631579,950.5,570.5,190.0,3802.0,1191.0,1.8335006344021672,0.3194949654110933,0.881947442636953,1.0932890570740492,1.2465805291351777,1.4148994284478458,1.571947187569269,1.7305555120165224,1.9611666048211318,2.3066316373620297,3.085221712955308,11.677605264536233,1.267145272430122,0.354910184212495
35650,23.686798273171874,0.31995079290049105,0.9999999999999999,0.6033257112592579,1.2245820804777017,1.1130363244591455,0.7334910567803248,1.3382792161213517,1.3146145730872658,0.8491609341367738,1.189011649923931,1.1811066217682273,1.1576977337176877,0.8884630618190176,0.864135127216771,0.48913259021648836,0.9365604747930972,0.7763763933191288,0.6668555610801128,0.6998244189336438,0.8872216773180088,0.4922219025009351,1.0927158616752226,0.7971183489893143,0.6710673537882712,0.8165081311224204,298914.0,404908.0,15.836065573770492,84.0,0.0007966857871255577,0.42562345629830295,0.6781132977451996,0.5433768789747497,7618.0,23.10092842293808,0.0010226051693987038,-7.633466613297612e-05,-13.396340368048646,0.0018617518508701604,0.30252303592092467,0.012189494536052774,0.0006646063071328654,14.292252827997627,17.830781007787134,19.261835971706798,20.17276145246273,20.821350729562894,21.317626888835424,21.733781216959503,22.06373459664101,22.385055800123162,22.680492249317762,22.945238045538428,23.132660278718106,23.24407937996645,23.372836585808987,23.412094564076337,23.517813718783028,23.63047926849877,23.68679827317186,23.68679827317186,23.686798273171863,410.807171314741,1199.026294820717,1929.575298804781,2694.46374501992,3486.7099601593627,4276.814342629482,4959.487261146497,5482.62390438247,6095.781673306773,6709.197609561753,7297.6764940239045,7485.458964143426,7056.248605577689,6681.006369426752,5695.0,4935.211155378486,4170.949003984064,3138.0,1883.0,627.5,12552.0,3814.0,1.8568779531994999,0.23678748781904838,0.7785524694758515,0.9558111538476686,1.1068774918757942,1.2705688895783072,1.4584010247315744,1.7194258408975536,2.044272727701442,2.5649266282598386,3.5080421686553986,9.08508417520941,1.519965449312265,0.0644089493132196
35651,16.439962995780938,1.4921297140960137,1.0,0.6561436723607061,1.071473904316865,1.0535376879467002,0.6955943995731271,1.187572529546005,0.6318763870532582,0.4764322108423345,0.31399907234575336,0.5997662867521695,0.6849281867920612,0.2644041223029902,0.974688595776158,0.6275028140556733,1.2494727634447036,0.9251577868806803,0.9021102160120319,1.0521233291935124,0.9484202447405877,0.6310989487353567,0.9186648675704477,0.9002243162169339,0.9072800889751987,0.7735652726167744,38580.0,58760.0,10.91891891891892,80.0,0.0022338049143708115,0.3675977653631285,0.62756052141527,0.6097944763483821,1379.0,15.104222853455985,0.005014848278169507,-0.0010338168023008097,-4.850809415177542,0.005567163233402206,0.12989607678332513,0.016848516740665117,0.002355134675173173,7.485076790368891,10.84191384441722,12.063781011783282,12.80893854189404,13.352586469537778,13.80800837990063,14.18207611511843,14.454844743880509,14.734431836184546,14.986123369347496,15.201869496280318,15.27514851334753,15.406929707191512,15.681284574545804,15.997560746223597,16.25378100880238,16.433277629723914,16.43996299578093,16.439962995780935,16.439962995780938,90.61940298507463,291.0631970260223,486.17910447761193,679.1933085501859,863.5223880597015,1009.8736059479554,1159.8731343283582,1213.6468401486989,1269.7164179104477,1327.5836431226767,1342.003717472119,1155.94776119403,1019.3085501858736,997.0671641791045,1058.806691449814,1024.8208955223881,933.7918215613383,671.5,403.0,134.0,2686.0,710.0,2.3269885023905936,0.3251366151099043,1.1248966205616675,1.3948835647471836,1.6296442904389712,1.831498913647249,2.033893188940845,2.4018638451580334,2.7103966461294053,3.103860915397898,3.782244594790438,9.869776244250247,1.4040723988476387,0.419082877840847
35652,17.49754559045018,0.36194134345011975,1.0,0.675634443153479,1.0334835434110379,1.08808742439019,0.7814457980719802,1.1558120044635058,0.7377137597412083,0.4134715245509685,0.8442978298681828,0.6779912562215801,0.5291109448295773,0.7304802395265666,0.7508609059537475,0.4428288965706383,1.3198990777044097,0.6900740594208794,0.5666789656598148,1.14196692248154,0.9502163416022723,0.6526263826245691,0.794559257819483,0.8732904363220755,0.8351524625697131,0.6874467947651177,7250.0,11750.0,4.0,34.0,0.007204610951008645,0.4069264069264069,0.6594516594516594,0.5767346097716197,315.0,16.465576484297213,0.027275875293890788,-0.0033824197666367565,-8.064012504578054,0.02472670165512274,0.6657891956260144,0.046017276335125624,0.010311384589029691,7.56539312990887,10.356069810252961,11.611407145239209,12.57083575423959,13.315816861804993,13.815516388115794,14.239000558213874,14.699870913558842,15.113022594044699,15.51186871667385,15.827051294254643,16.103155483704697,16.397192952847583,16.60049756153332,16.776282734055965,17.010567373369746,17.06798404505511,17.308797207996562,17.496840596671984,17.497545590450187,22.52173913043478,59.43478260869565,87.5,122.08695652173913,151.66666666666666,183.52857142857144,199.47826086956522,221.31884057971016,241.38571428571427,260.9855072463768,274.8840579710145,293.4714285714286,309.04347826086956,288.59420289855075,276.7857142857143,267.30434782608694,202.68115942028984,153.07142857142858,103.8840579710145,34.5,694.0,131.0,2.447754526742481,0.28420044153612845,1.020756334552899,1.4424096844407288,1.7469041062466633,2.0175034281062256,2.218986664080446,2.4761796968612924,2.6914079751005184,3.076305961674891,3.8145610243635595,9.925520046464394,2.1258372251442825,0.587078157826327
35653,32.17981147232109,0.25802690751085805,1.0000000000000002,0.7842370890312503,0.6582792597829493,0.7369487486539167,0.537161915754478,0.4616898967092254,0.6826339299644305,0.6426670318218834,0.2159494584371377,0.9262976987359085,1.1964121300729536,0.46773702430214487,1.0951932905270925,1.0608391771069197,0.637149674497113,1.4861186650055815,1.974896480918428,1.3800381577299126,1.4448669598891424,1.8490724644467693,0.7375080658979144,1.9606071148479225,3.44230000343496,1.5974100173181842,88529.0,132119.0,27.21951219512195,224.0,0.0017917579135974518,0.46176821983273597,0.6760254878534449,0.5390970871429438,847.0,24.59820193746742,0.018957466314133885,-0.007486463490001907,-2.53223252066231,0.006356388802232224,0.04071831313996744,0.005255093875526852,0.0038282217374536703,8.758257756124621,12.837197130323737,14.819031656307219,16.39921855903218,17.75578509126124,19.04335427158069,20.125132356722577,21.121093514379865,21.984521560034583,22.81221866335862,23.543910571063275,24.255264946323678,24.91515820251191,25.564734248657732,26.1627235232681,26.835456531115696,27.55535778608327,28.24337016360876,29.141269569542292,30.575540359986917,72.30876494023904,174.58764940239044,286.5517928286853,368.5745526838966,434.10557768924303,498.300796812749,567.8585657370518,625.4433399602385,693.50796812749,756.7191235059761,793.6195219123506,824.8608349900596,825.902390438247,822.0577689243028,796.8824701195219,726.0755467196819,652.1533864541833,549.0617529880478,350.31274900398404,153.4652087475149,5023.0,333.0,2.4753524551031685,0.1622592460411511,0.86276599148834,1.1389861424766297,1.530008793240296,1.9121404724959508,2.2737727764788653,2.6289905578452033,3.1369054359291537,3.5846587096315212,4.478840967052883,7.808042370045578,2.0494165632415737,0.103394650248811
35654,19.33207663081313,1.8951227728948687,1.0,0.6685848930456861,1.0396569625436152,1.0346686550423412,0.6921604637316419,1.1611372490542198,1.1714425898029779,0.5930789934080375,1.5436656081677715,1.132191048887085,0.856851878263276,1.3294428453011324,0.9642731336502636,0.5843736417620474,1.1329463385761351,0.9319632221880764,0.8442748067572601,0.9757212934982088,0.9640543528290844,0.6576411756478275,0.8916885615031845,0.9317517720584981,0.950128200189721,0.767944153225203,60553.0,112663.0,30.235294117647058,190.0,0.0012081463583016915,0.37044709131710685,0.6418090799240462,0.609194212457126,3038.0,18.05402832848035,0.002336411714020987,-0.0003836075974014838,-6.090629408404802,0.0030100041184046716,0.18292606493331473,0.013427441946857395,0.0012202011363467466,10.558571180872557,13.690473271460874,14.864804108635466,15.643660663888351,16.227940217873176,16.708541342387853,17.097947223475686,17.445950256687798,17.703533691260915,17.982003326661392,18.057791097334334,18.11860280424068,18.473787129404933,18.812435144349895,19.04368883870922,19.20566716146658,19.332076630813127,19.332076630813127,19.33207663081313,19.332076630813134,212.68566493955095,632.2832469775475,1033.451724137931,1424.5751295336788,1770.3385146804835,2092.103448275862,2363.431778929188,2645.6373056994817,2773.1103448275862,2945.53195164076,2564.0,2108.706896551724,2298.713298791019,2480.6113989637306,2517.755172413793,2329.2625215889466,2028.0,1448.5,869.0,289.5,5794.0,1484.0,2.376263464038132,0.21283195837878222,1.139403775545353,1.4631831857513016,1.675695024743278,1.899629634705627,2.1357527092728805,2.406595088080601,2.770464344065567,3.192612841216421,3.932628873326978,8.193827925608502,1.320385915490434,0.206483182550874
35655,26.678425063736494,0.45096598046513864,1.0,0.7661157933300371,0.8446883383365245,0.9753829654139525,0.691380702855884,0.9455881694716347,0.8262740817414922,0.6013019348421336,0.512367149120641,0.8471278575085853,0.8697117700253096,0.5418502109717974,1.0210292299591144,0.842393354926076,0.7023951496932639,1.0467982999126806,1.2184218498526276,0.7428129627359239,1.0277112212830448,0.8213219171396484,0.7536739935566275,1.0536489335210855,1.1879445199251535,0.7970425370039868,135607.0,228051.0,51.68421052631579,348.0,0.0007984031936127744,0.39984030342349536,0.6513624114183052,0.5967341071896322,2882.0,22.457674192454505,0.0033697465017168463,-0.0012241673333701656,-2.7526845471687627,0.002617772141258744,0.09545636917951726,0.004919602928515353,0.0010942873502179076,11.79596228078576,15.851916395896753,17.566323289548844,18.677212830067877,19.4381035304389,20.06750817003597,20.621508242853196,21.079427487979203,21.480006921120914,21.872504987811677,22.260301101534008,22.60917192868693,22.931415425511826,23.310233894544815,23.64145475795094,23.91883170769024,24.298091499336316,24.559697022004233,25.271433855692088,26.17457316768823,243.61838161838162,662.4580838323353,1073.8632734530938,1505.250499001996,1870.3303393213573,2174.0349301397205,2435.3982035928143,2585.2604790419164,2675.0928143712576,2733.511976047904,2829.2265469061877,2833.0349301397205,2720.2265469061877,2688.6097804391216,2523.7175648702596,2147.597804391218,1835.2944111776446,1189.7335329341317,866.6576846307386,367.937125748503,10020.0,1842.0,2.6549749383932317,0.35696525659801814,1.4160933652731766,1.7487743208004873,2.057299039282658,2.321873852716817,2.5626876016380233,2.8171857446012583,3.1062700159593892,3.4527349504599423,4.063503440219593,6.390107576536325,1.0649084691294548,0.0819917588750832
35656,16.712811699721698,1.2713325700603935,1.0,0.6380062780578147,1.1036399840195517,1.1244219297048377,0.7747847752951399,1.273642215369746,0.8802249621953752,0.5761364906061601,0.5713708482609009,0.7828244353313488,0.7436084303369173,0.4486117383405264,0.862011757244515,0.5415071901271229,1.2076889979731895,0.7666265967178302,0.6989130496541388,0.9482168409615648,0.8771041323311594,0.549950462532468,0.8698879055602334,0.7800489381787497,0.7098106210501808,0.6829923624255024,27098.0,39422.0,6.27027027027027,46.0,0.006148686416992733,0.42897091722595077,0.6767337807606264,0.5603958341395261,935.0,16.34514725622363,0.007998992522854225,-0.0002515752277872813,-31.795628660297783,0.008636174009877687,0.2383027369139616,0.028607118982957487,0.0035418640559585503,7.5903785192314865,11.023348849827814,12.34095621648644,13.128878432303566,13.742805525095322,14.189538425116545,14.579360394677918,14.886649053899745,15.149288525514175,15.359685090734216,15.551867555841419,15.903648429909781,16.147093546863562,16.352664407905298,16.529461516709244,16.700879275802833,16.712811699721694,16.712811699721694,16.712811699721694,16.712811699721694,54.81460674157304,165.23463687150837,289.8212290502793,421.536312849162,540.0446927374302,647.4581005586592,741.6011235955057,787.8100558659218,820.5418994413408,808.3798882681564,788.195530726257,878.804469273743,900.2402234636871,900.3876404494382,854.2234636871508,795.7262569832402,626.0,447.0,268.0,89.0,1789.0,539.0,2.242792976614595,0.2619639373923523,1.1470895080255077,1.3484808537238429,1.5526184419725955,1.755969966441548,1.9890519625005039,2.222397308755364,2.514325285941575,2.943614389932318,3.512577591289436,10.41902748608057,1.4828092404878956,0.872397159426473
35657,14.402030450755781,3.323902167176113,0.9999999999999999,0.6251637006763308,1.133021999765243,1.1311286901649178,0.7209167748452652,1.4325069955016085,0.7288467468200556,0.6077292372856395,0.2965353939758314,0.6443535144650873,0.8429950009362457,0.20700449973858326,0.9182910637099511,0.6492985539932982,0.7686460303747112,0.8118360640079466,0.9006567424272534,0.5365740151974344,0.8620058275096114,0.5273777559664223,0.8199206995357946,0.7620758230294128,0.7315376398053945,0.5723676757673983,13496.0,25228.0,10.692307692307692,58.0,0.0045045045045045045,0.41854475209272374,0.6748229233741146,0.5630707092902152,775.0,14.121733726095558,0.009450560765641632,-0.0003578291846580698,-26.410816028525698,0.007133373009388067,0.1271049164807742,0.017227375596794145,0.003871984367081691,5.655870310226802,8.4277521457565,9.68355612874584,10.556211200103041,11.084548249703785,11.606181531518848,12.100842974272638,12.51165024034216,12.84572653035996,13.172511608194576,13.387625034901127,13.567558183277557,13.800330349497063,14.056709759814792,14.137960633153524,14.270061512315824,14.394984964926797,14.402030450755777,14.402030450755777,14.402030450755777,60.05806451612903,169.1483870967742,259.15384615384613,330.1741935483871,356.258064516129,454.3333333333333,555.0903225806452,644.1548387096774,690.1923076923077,746.483870967742,738.8516129032258,730.974358974359,737.6838709677419,758.3225806451613,662.5,605.6193548387097,539.174193548387,388.5,233.0,77.5,1554.0,470.0,2.1325908619958214,0.6783727039783675,1.0842081282949307,1.3487471212636961,1.534605379280443,1.702903552951898,1.8954125174409695,2.116588921360637,2.429913392299372,2.8410747484557892,3.5175350223488215,6.443494843444615,1.0231699532604723,0.916821307381615
35658,27.523884886945837,0.050178161791453554,1.0,0.7412875569156835,0.813377777510734,0.909016472926165,0.6175665232944352,0.7602724506367555,0.7206887900508577,0.41021609441286944,0.5185840418097029,0.7928225851957643,0.6642460025594555,0.6821028979484527,1.219944455650868,0.8133229375708232,1.2452753577353073,1.3420487878770908,1.3169802877787433,1.6379330287350862,1.1460349587369218,1.0196056254184929,0.7655673920207398,1.2607416838638619,1.6510053362014554,1.0069645314381042,10141.0,13607.0,1.6666666666666667,28.0,0.014571948998178506,0.4835766423357664,0.7153284671532847,0.5079105230218975,119.0,24.51011550909376,0.16858508501408243,-0.025870683678237333,-6.516452642335765,0.050134501323274426,0.10280796344441494,0.08288301306198645,0.02598968667777876,3.0752920789415104,6.567064305105786,8.432843861377998,10.991303759585595,13.922191870647566,16.57114623658845,18.12110833879514,19.16845828252266,20.089767060914145,20.809082467240216,21.71254517423946,22.586330840221308,23.3727450317387,23.888740745230777,24.366199432786363,24.899873914644733,25.497647854974915,25.96427225821763,26.638144067794055,27.18509358463411,9.203703703703704,24.454545454545453,28.509090909090908,18.454545454545453,26.21818181818182,27.69090909090909,37.31481481481482,60.14545454545455,82.16363636363636,83.92727272727272,79.2909090909091,88.4,100.12727272727273,107.16666666666667,114.72727272727273,104.74545454545455,102.87272727272727,79.72727272727273,54.14545454545455,24.163636363636364,549.0,60.0,1.6499535013875775,0.25480688851823713,0.4758212080519299,0.7905971213030036,0.9605200567738509,1.3329192072138647,1.5112627644931744,1.7522686613384753,1.9764575476519066,2.3220460503921228,2.860263178667078,6.393213966523407,1.1390604714450427,0.9310527176084
35659,19.72990973554372,0.9112346846009296,0.9999999999999999,0.6091521596486442,1.241696621394253,1.1368097832456265,0.7283775559441956,1.4839613255657547,0.8380834306970005,0.4546134198042513,0.8239192226895674,0.737223978055719,0.6241452885172114,0.5552161019933934,0.8377026239407168,0.525157986372472,0.7738090363707716,0.7368889996258216,0.7209969363920198,0.5214482500585114,0.8655393499941296,0.5346739822237638,0.9791571113125362,0.7613757048457029,0.7340615836668197,0.6598265699001531,67409.0,98593.0,12.45,84.0,0.0020655822359927703,0.400051652892562,0.65650826446281,0.5732698852102942,2343.0,19.38995225661777,0.003181103502139837,-0.0001005944743656328,-31.62304413041033,0.004860195002826135,0.28115904252303325,0.021224342970310228,0.001857861298978058,10.495308543602311,14.030578206109528,15.502995513026166,16.4012384656248,17.011755130145993,17.52924676409377,17.94558511260379,18.280483104676335,18.52813149075024,18.77760027854428,19.0274329792988,19.229499055816834,19.396687976184634,19.513395635647957,19.678237304556486,19.72990973554371,19.72990973554371,19.729909735543714,19.729909735543714,19.729909735543718,123.80103359173127,369.84496124031006,608.3229974160207,871.1082474226804,1125.142118863049,1373.5633074935402,1609.7777777777778,1818.4381443298969,1917.8320413436693,2063.1472868217056,2203.677002583979,2266.8453608247423,2277.1627906976746,2121.5994832041342,2038.8165374677003,1742.5,1355.0,968.0,581.0,193.5,3873.0,1143.0,2.1043692773744214,0.26360246501543766,1.0140080402201337,1.2538204872890129,1.4585264430323834,1.6427093034558544,1.8361890339632705,2.024977250589745,2.3567896119347727,2.7186938219822996,3.505759922287084,9.192419358717315,1.2906258660234318,0.339678217738401
35660,19.94373085427405,0.15390841412706333,1.0,0.6596924420465541,0.8548255430906656,0.9013160295784418,0.5894085920784855,0.7228970294081146,0.5893559135047043,0.4325204930632202,0.2853714077149526,0.6538837590410483,0.7338211537398591,0.3947607973276716,0.9504131976324272,0.6795392930413444,0.6307014700677642,1.054472755884469,1.1529171820265172,0.8724637734148151,1.4597249984957348,1.2513395880803566,1.3559603172113366,1.6195484720031759,2.1230426649663237,1.8757309299244933,3612.0,5396.0,2.72,20.0,0.01812688821752266,0.4636363636363636,0.703030303030303,0.5355205954586129,76.0,12.758255580363382,0.1473668292215001,-0.10635713167056965,-1.3855848395569166,0.059969158909536316,0.13762933268347335,0.04318824443586539,0.05082984788825838,2.9337383415029197,5.269590569596089,6.992745816400935,8.520245182411156,9.635805676378371,10.393360438961796,11.359204252837323,12.008568648935753,12.550829913690402,13.012553212988182,13.588927041743403,14.18123530373042,14.787740857784312,15.309765014625285,15.87168249313325,16.599462783016268,17.163975972175262,17.882838110826228,18.63065758573193,19.61324656334419,6.787878787878788,18.272727272727273,20.060606060606062,24.393939393939394,31.333333333333332,41.303030303030305,52.0,59.78787878787879,66.54545454545455,70.15151515151516,67.39393939393939,68.45454545454545,69.45454545454545,67.96969696969697,61.21212121212121,56.57575757575758,51.696969696969695,44.75757575757576,35.515151515151516,13.735294117647058,331.0,40.0,2.326245669198646,0.7649265252459261,1.1120105511769536,1.5161047391481908,1.734406615081828,1.8755111277980443,2.173076332884209,2.4843270881648394,2.6933523609710712,2.855326015894124,3.748272694803178,5.2334172799634535,1.0418013894925628,0.842934221371543
35661,17.54307332999554,3.6002170322977274,0.9999999999999998,0.6619962305932604,1.0509448916157647,1.0478292388037074,0.700294613698662,1.1465793209127526,0.7141511430497328,0.48056329045738105,0.5757220685064102,0.6815529826835808,0.6862301680706177,0.5021214476885014,0.9531038118254783,0.6410920103529056,0.9113213992725905,0.9095984121550418,0.9154604330981884,0.7948175783836033,0.9540759268350746,0.6282970899156906,0.9576082804311391,0.9105261539793739,0.8971896650715179,0.8351871196044421,108517.0,182893.0,33.84615384615385,206.0,0.0008158508158508159,0.3810467420445273,0.646112600536193,0.5945569878989171,5150.0,17.401798847569097,0.0013824978890057636,-1.2897750326426181e-05,-107.18907204872511,0.0016252309473945464,0.08978796561996835,0.007062633720344674,0.0007598405237682124,8.95091643141309,12.098076804007574,13.332111481786495,14.1609189510016,14.792823542039057,15.32647123792892,15.73876705492497,16.07656362726683,16.345840050600767,16.621716355789502,16.846256293868787,17.05779321676035,17.247719602500048,17.418398990281652,17.52435113360738,17.543073329995536,17.543073329995536,17.543073329995536,17.543073329995536,17.543073329995536,296.51108518086346,872.2762237762238,1463.0151515151515,1969.7983682983684,2454.437062937063,3021.518648018648,3561.6491841491843,4006.7727272727275,4265.399766899767,4643.581585081585,4794.402097902098,4940.831002331002,4999.110722610722,5012.581585081585,4644.245920745921,3860.5,3002.5,2144.5,1286.5,428.5,8580.0,2185.0,2.3102524835145055,0.19765317381483263,1.0709545292666756,1.3812302247331003,1.6175280345765484,1.826543883895746,2.0848918732706925,2.3428774680333406,2.654443975381405,3.1199037204660605,3.7459765204737616,8.947527121256929,1.3549299793300549,0.153816156226676
35662,24.611882287783807,1.399792349486228,1.0,0.6552541863011576,1.1386885121751156,1.0297960245355124,0.6880804797014936,1.20180877832771,1.3988360840819545,0.884273609343091,1.887923801017022,1.358362288019996,1.2851310790370203,1.5709019896193683,1.4347949061614342,0.8124577332043306,2.113030166238652,1.3932806808111302,1.18075974711097,1.758208297645226,0.9121941343219088,0.5835146052770063,0.9166924706466668,0.8858007921844059,0.848032494004407,0.762760671395847,11299.0,18335.0,6.344827586206897,32.0,0.007722007722007722,0.41739130434782606,0.6734299516908212,0.5635784871995339,380.0,24.06166168749783,0.02900709696991262,-0.00176881001995679,-16.39921565495272,0.022427140037002493,0.49570758706875173,0.08037259695717656,0.008907799630498661,10.388326955184793,16.156651357497427,17.840522708212678,19.323467391474978,20.182920801243814,20.74649892098285,21.223355938226874,21.55596229777317,21.951983589171963,22.2459400724711,22.56475579805637,22.919003913545566,23.26469227389388,23.520047314198365,23.830106663321693,24.056265182360896,24.192200043690796,24.569935841346453,24.611882287783803,24.611882287783807,21.640776699029125,69.88461538461539,104.31067961165049,143.25,193.7378640776699,245.34615384615384,282.31067961165047,274.5192307692308,313.05825242718447,316.59615384615387,325.28846153846155,358.0194174757282,356.5769230769231,350.6116504854369,360.0192307692308,347.02912621359224,272.86538461538464,247.83495145631068,155.5,51.5,1036.0,234.0,2.342620226564331,0.4537418601741864,0.9953227998004694,1.2395913611663447,1.5294300035310997,1.7234810035746264,2.01012674659143,2.336718959767961,2.66766125973191,3.1606975472189522,4.225349956746908,7.588809067178728,1.838049019264231,0.73902093534125
35663,17.864813207979665,0.09494335069338494,1.0,0.7506330919454034,0.9150027015107123,0.9393621388541039,0.7132294203192383,0.875818735164984,0.9250064066278528,0.6785620990135568,0.5818114974989883,0.9847175741575415,0.9513938708667338,0.6643058365146625,1.0002375003555417,0.5991620130476719,1.1473096824501756,1.0648049979698964,0.8400691221900096,1.3099853158930759,1.0905274321844423,0.8357084739031622,0.9028072010819727,1.1609233405071444,1.1717246233744856,1.0308151274154973,3584.0,6286.0,3.185185185185185,20.0,0.011467889908256881,0.4114942528735632,0.6735632183908046,0.5609462324178027,131.0,15.539681426773752,0.08801258295803259,-0.014851316483135294,-5.926247889066065,0.040850275533991454,0.28281391799437305,0.05598764810470769,0.019116433804160518,3.8767185801521027,8.22423388143383,10.002191327799334,10.990002241888687,12.026549471573178,12.729751507991192,13.27907487131042,13.904268891291872,14.487837354524881,14.864451051195653,15.374398787424179,15.688779242864744,16.10943764729094,16.50090778818873,16.846840295500293,17.15598377459193,17.573142184930035,17.802932250888247,17.86446095923271,17.86481320797966,9.186046511627907,25.0,42.7906976744186,55.13636363636363,70.44186046511628,86.22727272727273,90.74418604651163,101.13636363636364,101.04651162790698,112.68181818181819,125.04545454545455,120.83720930232558,117.86363636363636,118.44186046511628,121.68181818181819,114.37209302325581,114.31818181818181,98.25581395348837,65.5,21.5,436.0,73.0,2.339376341374921,0.8276371669934491,1.230935448774083,1.3885918646720015,1.7026937049539204,2.109319372821226,2.4169519818205227,2.6428497848165673,2.8106204464120865,3.0138645317345567,3.6763334250648,4.074811055532018,0.7963976742681992,0.838215485399123
35664,20.762633299997006,1.0740498486829404,1.0,0.6972887549091848,0.9914516704577631,1.0556856982706424,0.7520615072405991,1.1092124362157456,0.6279862511855202,0.3830154991738438,0.3809803801446966,0.5948610009723989,0.5092874658339743,0.3434692649538547,1.3873227281571503,1.10650422150751,1.4656689975352721,1.3141437176138455,1.4712948486984827,1.3213600476168792,0.881130721721633,0.6305984548934542,0.7314823720002239,0.8346525136838034,0.8384931934718919,0.6594610266864589,15226.0,20290.0,3.5428571428571427,30.0,0.007326007326007326,0.4559902200488998,0.6943765281173594,0.5290084205430117,270.0,19.675410509004003,0.048489425294546626,-0.003980172433327921,-12.182744870177249,0.02406917292336683,0.1073193609667893,0.05035797307311475,0.011122260574308363,4.721525481714297,8.462517845423196,11.359250289100011,13.350786158513445,14.642743313574407,15.769665575385922,16.522668052011884,17.041973085513995,17.49622204049469,17.997971995382624,18.429633941650202,18.845292026625405,19.20881823568158,19.558196232914426,19.85939176918865,20.13860230171149,20.309642000779256,20.557843041603796,20.7344855045839,20.762633299997,20.14814814814815,42.47560975609756,57.03658536585366,75.3048780487805,91.2560975609756,116.79268292682927,149.07407407407408,166.890243902439,178.59756097560975,200.0609756097561,229.32926829268294,241.28048780487805,260.9146341463415,262.5679012345679,251.52439024390245,253.1341463414634,209.23170731707316,177.0121951219512,119.3780487804878,40.5,819.0,177.0,2.2692882666128504,0.48831958260400166,1.1054237638942157,1.3647740347887767,1.593048038878433,1.8075202914523456,1.9633014934614101,2.183410697219208,2.432507546608508,2.8362499833147905,3.5619009660948713,8.672068872386312,1.6625487782561066,0.859198238088284
35665,38.99740525610376,2.792796869155082,0.9999999999999999,0.7649434975834563,0.870032847827922,0.989766486355563,0.6801001700795448,1.017538921746261,1.0816793011920438,0.7134568809814905,1.248695636414791,1.0928631309541654,1.0490467615940227,1.2271723564852222,0.9939293414362307,0.8305961165576654,0.6798365555985108,1.0042058961765779,1.2212849710955351,0.6681184778974366,1.011666623764287,0.8179759101307695,0.7252455745903634,1.022126569964359,1.2027285775198362,0.7127447993298626,544112.0,866288.0,120.88888888888889,830.0,0.000354655661594016,0.41799129453490247,0.6621634692890537,0.5778939208602482,7259.0,34.60882016034943,0.0016535918484414068,-0.0005307538684581584,-3.115553077823241,0.001167325758083143,0.2084387070337931,0.004658966034180968,0.0004607831955034735,21.797130093005432,26.419645800386544,28.252735026882643,29.447157426145264,30.3868087008992,31.170356812925466,31.83990340991766,32.42134700151255,32.968972212697814,33.49161823255777,33.97544949896444,34.411249373586486,34.84295855428084,35.27196227878023,35.65993347596458,36.073163268405175,36.51550510517877,36.90353940689636,37.49562583560889,38.381570689991555,610.1515640116091,1776.0145067698259,2852.5124153498873,3748.32720825274,4542.0948081264105,5176.01837524178,5695.875201547888,6093.2163120567375,6470.65978716543,6833.075757575758,7158.904255319149,7158.025475653015,7142.758542875564,7021.642050951306,6544.063507414571,6049.039987100935,5361.272404900064,3981.7381489841987,2763.9403610573822,1066.7830431979369,31016.0,5422.0,2.653528105858191,0.3124187446300081,1.377850119928179,1.7728396538509201,2.085057743540479,2.358491232241123,2.609761743967576,2.8591049292182897,3.1251421204087477,3.4492788983067144,3.931000681776013,7.593545087398774,1.0353070097470365,0.0160570655041374
35666,18.169095862179702,3.739964172952959,1.0,0.6541350491844325,1.0660925398263985,1.0698219760997292,0.7537243880863184,1.150225864182971,0.9117425308002943,0.8597122312498813,0.25102997695953416,0.8522376163221584,1.1406188320808652,0.21824407255686767,0.98447516363583,0.5895638114580743,1.5752879640689152,0.9202233508279108,0.7822007895418611,1.3695466369884446,0.9242068372910157,0.5701435529500365,0.9134503739925364,0.8638884393274614,0.7564350602978529,0.7941486993438275,11388.0,19262.0,6.785714285714286,48.0,0.004448398576512456,0.40783615316117544,0.6642920747996438,0.5719134753346933,596.0,18.06756022102675,0.013028006109189229,-7.516411421311821e-05,-173.32747476076133,0.012848737034039843,0.4091738208175292,0.05046437938002578,0.006069534045667374,8.714141328726308,12.189367490733312,13.49998946458392,14.343772139630868,14.963759706631667,15.50749104257844,15.959595766009434,16.331023878325084,16.698176945322217,16.933574651798494,17.198805464875868,17.45292864610443,17.681964288490914,17.899278034790804,18.081015696562794,18.16909586217969,18.16909586217969,18.16909586217969,18.169095862179695,18.1690958621797,33.07142857142857,103.35714285714286,165.09734513274336,234.01785714285714,294.875,353.1946902654867,406.76785714285717,451.26785714285717,506.72566371681415,513.4285714285714,550.875,577.1946902654868,571.0357142857143,574.625,571.3097345132743,505.5,393.5,281.0,168.5,56.0,1124.0,314.0,2.163231122922979,0.6144977636289769,0.9901531404924664,1.2693367384332264,1.4164165545882121,1.626250952959257,1.8971932938782545,2.144918976173225,2.466020545495252,2.958283065735847,3.614948985602174,8.776264748400228,1.4128824974912126,0.73691820589127
35667,27.507443603637622,1.2110698618243623,0.9999999999999999,0.7274562633292102,0.945796958549536,1.030465706818002,0.6997034355762075,1.0819561762728633,0.794204665651262,0.48780476255264965,0.7944805788031895,0.7707240138089643,0.6971593074299274,0.7343001465549431,0.8782050723174971,0.6817257625005138,0.6085032731409594,0.8522409494143439,0.9743067245898412,0.5624102773156112,0.9946581255736884,0.7633578010120826,0.84961496255394,0.9652510694849955,1.090973349849934,0.7852582028605859,242692.0,303564.0,16.448275862068964,162.0,0.0019387896413239163,0.4454293628808864,0.6857340720221606,0.5385259994028413,1988.0,24.893418169146422,0.006291549005640054,-0.0013517499683903494,-4.654373332911536,0.003642157027951975,0.06101517180230305,0.007064260826848498,0.001587484993075473,9.722976880232872,14.892899811260204,17.210845236975967,18.797870972847637,19.95738458377401,20.83745443518916,21.572302020553984,22.208570280437602,22.78623353824132,23.316950710891994,23.797894246913536,24.22046418099289,24.645435762555532,25.015362619566513,25.371046665841117,25.72169025655702,26.075869907176745,26.38867602044182,26.77346791098582,27.40807438220252,104.94598337950139,296.6024930747922,481.9515235457064,663.095567867036,873.2340720221607,1110.9127423822715,1291.6108033240998,1464.2839335180056,1619.915512465374,1756.7770083102494,1865.8074792243767,1888.8407202216067,1946.8157894736842,1934.9986149584488,1821.948753462604,1639.1814404432132,1434.2673130193905,1127.2479224376732,726.8518005540167,323.58367911479945,7221.0,1268.0,2.3829402958616592,0.2943548541221385,1.1605589124681857,1.5534787537661867,1.8511544144955054,2.0971543830523354,2.2978157856674395,2.511731106563469,2.7746619045655545,3.104217881907348,3.563543065943788,7.433537584633357,1.0211702623810928,0.0609820535476319
35668,18.197597405691177,1.099590370383584,1.0000000000000002,0.6738202960515579,1.0390755756101566,1.1001445186393604,0.7500394217260361,1.2890212919874218,0.7440744587212345,0.37561944248969853,0.914251813374488,0.6763424678436728,0.5007996001400837,0.7092604436074817,0.792544242752763,0.5577032199271008,0.618476406726351,0.7204001195524457,0.7435652097374834,0.4798030960161875,0.9196783254719267,0.6447317860967923,0.7891314863643324,0.8359613758830239,0.8595971990553463,0.6121942990931082,29337.0,43751.0,10.484848484848484,72.0,0.0030659172202350538,0.41155419222903883,0.6625766871165644,0.5767103374094223,907.0,16.969550769890432,0.008405116806638621,-0.0015209134672949866,-5.526360958317702,0.008741312390239056,0.27465405295542794,0.021560422995354704,0.0036353315883454244,8.089001762751517,11.390150401555985,12.798584644040854,13.835224648390888,14.564157468916248,15.09149446005456,15.499947814286106,15.885787333286052,16.22018835188681,16.48638350669491,16.711787830581027,16.94622983338826,17.149991601852516,17.307222270318746,17.45967014815078,17.64166096814918,17.891378606267637,18.19570398366713,18.19759740569117,18.19759740569117,52.94871794871795,163.01020408163265,276.73846153846154,380.9387755102041,478.44897959183675,597.5948717948718,666.5102040816327,741.8367346938776,841.9589743589744,876.0612244897959,883.3673469387755,890.3333333333334,864.2142857142857,800.7448979591836,711.9384615384615,636.7448979591836,570.469387755102,488.38461538461536,293.5,97.5,1957.0,461.0,2.4463711595819206,0.35133732267776774,1.2091286951974896,1.6115530247568635,1.8757138487564338,2.0907926997607653,2.2830789731663805,2.5107104816925188,2.7556450024277326,3.1464334516197345,3.7830318898986617,9.107927938661492,1.1762620174864333,0.611561620505527
35669,13.758675329118802,1.4558722208606807,1.0,0.6405907019072575,1.1753635937862215,1.120877608094713,0.7440593991783996,1.3859605192977411,0.8096042001023068,0.5931293343058844,0.7858645050960963,0.7222949180673579,0.797153204382373,0.5670179591365919,0.8003486240315864,0.49321470185533545,0.760114805982961,0.7140374812126301,0.6628700644060808,0.5484390034198862,0.8941207405879409,0.5724528548353293,0.9674334260567615,0.7976970314428733,0.769364455939189,0.6980237983596783,26880.0,40012.0,8.058823529411764,68.0,0.0038314176245210726,0.38663745892661555,0.6500547645125958,0.5812596036759213,1117.0,13.425361557519743,0.006101854603660239,-0.00021810257929485432,-27.976994235410217,0.006737570157863155,0.12715495863167747,0.017301681368463752,0.00299968901595625,5.566216488793758,8.672010153595918,9.829544827024842,10.532469192629604,11.135900138727155,11.560015775046974,11.912495781195373,12.232289046936348,12.569707524191614,12.835177767883811,13.071055318673986,13.291071702955207,13.427996028436485,13.540591561699305,13.73094067361695,13.758675329118802,13.758675329118802,13.758675329118802,13.758675329118802,13.758675329118802,62.15934065934066,198.89071038251367,335.5769230769231,469.1912568306011,597.0218579234972,703.2912087912088,798.3825136612022,859.2076502732241,938.1813186813187,1013.1912568306011,1071.6120218579235,1091.1373626373627,1042.7978142076502,990.7814207650273,983.0604395604396,822.0,639.0,456.5,274.0,91.0,1827.0,574.0,2.067867039173631,0.37232330621197385,1.0723865108114115,1.2961289909332556,1.4707472015432324,1.6598007548948182,1.8573796242370832,2.0876064413991786,2.389853389014934,2.7178696209889903,3.2487627821807097,9.210472250735673,0.9940588073249248,0.763293346622959
35670,22.86313128448502,2.641173458757451,1.0000000000000002,0.6575690318628007,1.0823492157011958,1.0600787731816756,0.7204783175857253,1.1554672397653545,0.747504467933518,0.44583407328563457,0.9339995144760204,0.7051404922390717,0.6188029013553035,0.8083305889881323,0.9316891063926013,0.5941896610183929,0.9995520084692471,0.8788866732952957,0.8247155348262009,0.8650630446885108,0.9406381093486723,0.5996863938486586,1.0021733954747463,0.8873285015654835,0.8323448176180619,0.8673317260628365,1618956.0,2381598.0,140.21052631578948,804.0,0.00012526270372586952,0.38429740563411646,0.6496631778198418,0.5884556176550042,44664.0,22.366469718922133,0.00015104275236500406,-7.35612653587332e-06,-20.53291927870192,0.0002814547075176424,0.06084671538116363,0.0025049959611876857,0.00011094704387696338,14.429995006852636,17.661720810655122,18.91081375783396,19.71095792830385,20.305941532247143,20.79202018265283,21.197318523974182,21.53724279779982,21.824835552000494,22.070253576589828,22.27402779312972,22.4238389808028,22.582162645511794,22.69655603477826,22.84544919946757,22.863131284485007,22.863131284485007,22.863131284485007,22.86313128448501,22.863131284485014,2529.8853006681516,7534.6549756437025,12556.663187195547,17529.594154488517,22487.41391788448,27308.65692414753,31964.711302895324,36216.83409881698,39975.80347947112,42810.731106471816,44208.033681280445,43248.616144745996,42852.423938761305,40257.27561247216,38844.27487821851,32332.0,25147.0,17962.0,10777.0,3592.0,71849.0,19840.0,2.216458613193028,0.12697243629270022,0.9762367118586613,1.219172319285445,1.4432951282113287,1.6717793731138746,1.9201989746774093,2.2214621590361667,2.5746793772330197,3.0650467222121542,3.875979439434847,9.406790953869653,1.4832571036367272,0.0154423277569003
35671,18.435163716975218,1.2183048099785543,1.0000000000000002,0.64864079469419,1.1122573112785246,1.093778114063223,0.7350572005322186,1.256280512332139,0.9035165541963166,0.5183242696028678,1.3520377674822406,0.8260510450697235,0.7051482105441248,1.0762228293841312,0.8451046445154354,0.5273692006732225,0.8150369318933475,0.7726472432109629,0.7174532815832299,0.6487698598303702,0.9118993799232743,0.5858191590620081,0.9601687112658626,0.8337151458769857,0.7969708461298596,0.7642948384858894,206128.0,310562.0,29.91304347826087,172.0,0.0007089056269384139,0.3935661113080468,0.6551754696915987,0.5797645647491692,6752.0,17.923225593250528,0.0010312519136495201,-6.544389022701013e-05,-15.757802753967397,0.0015257762235906297,0.09112712911173142,0.00645413103594281,0.0005986943782540951,9.8590146590373,13.040163646851747,14.233735287044908,15.046889794364146,15.673980809943611,16.14879584722207,16.57021281414815,16.902304254975167,17.194799955489984,17.468554053785795,17.695526085753148,17.89034959894325,18.047509705050654,18.179469647082513,18.226795838162005,18.30012755941052,18.435163716975207,18.435163716975207,18.43516371697521,18.435163716975214,382.37056737588654,1156.6560283687943,1925.3020372010628,2676.398936170213,3408.0150575730736,4098.469858156029,4752.95837023915,5303.054964539007,5781.96191319752,6230.18085106383,6537.695035460993,6693.431355181577,6562.24645390071,6245.731620903454,5364.395390070922,4534.251550044287,3949.5,2821.0,1692.5,564.0,11285.0,3142.0,2.1271421800480743,0.2871147685355115,1.0042787490733704,1.231495676139326,1.4268939203111193,1.6242369763711946,1.8406622996846387,2.089321591530263,2.4152662318151306,2.8598941420324735,3.7047113647317005,9.655475427521736,1.290863633617008,0.134226728852373
35672,29.447678946425164,1.8450056562253183,1.0,0.5983614056131067,1.3598057868766693,1.1573784143058432,0.7589689815508792,1.6112714355340432,3.240209885234921,3.3392660394044147,3.825648544587448,2.7996114712216147,4.399739805678158,2.3743042048774776,0.9145409254791892,0.5110826936437717,1.4286824619489598,0.7901831537334314,0.6733907525435676,0.8866801895953889,0.8385526754315539,0.48726739689603493,1.0412679169235028,0.7245276610195721,0.6420122676164597,0.6462399158577418,106707.0,143285.0,10.775510204081632,82.0,0.0019706590759798557,0.4185282522996058,0.6732369689005694,0.5503179504482427,2559.0,28.340471787898714,0.0028867716169366448,-0.0005256987731136182,-5.491303698197395,0.006045263532676269,3.069097023849359,0.08225692348748766,0.0021956707238156826,19.850294784566348,23.764317909019077,25.029528854912865,25.835782432326003,26.447256575646612,26.927589052719345,27.28667355643973,27.608613349210273,27.927786017220907,28.178647391554367,28.337622389602185,28.438043549263668,28.683483479901543,28.79026177427965,28.950488096710718,29.075765934417333,29.297261620356362,29.447434279921197,29.447678946425142,29.447678946425157,148.64473684210526,459.4266958424508,766.6359649122807,1056.312910284464,1332.288840262582,1650.9956140350878,1870.8030634573304,2091.702407002188,2327.4517543859647,2478.0328227571117,2386.4332603938733,2148.3596491228072,2206.2035010940917,2001.457330415755,1838.0833333333333,1585.3676148796499,1415.124726477024,1141.0131578947369,685.0,228.0,4567.0,1452.0,1.912721785035224,0.3464130227607128,0.930589334677217,1.120258831126517,1.2859749604055926,1.4560403234585817,1.6235957435653772,1.8300615037465007,2.0563237666344163,2.3850522913169496,3.148780262639687,10.836272345992864,1.3170481818939945,0.34743978878716
35673,21.529169592684273,0.6852829258086397,1.0000000000000002,0.7292457597019987,0.8408673682373965,1.0347041672667021,0.6963723547660624,1.0256520673816134,0.8017027666516371,0.6599441516008449,0.3860449664202908,0.7748135090336334,0.9476886138343973,0.37638979016132124,0.8277952145043775,0.5173016326204259,0.601640343686803,0.8000308114068005,0.7428520518942872,0.5865930200118743,1.0182762419752105,0.8465230316014029,0.6723370440326333,0.9841230703314089,1.2156183768750868,0.6555215607852691,6042.0,7998.0,2.909090909090909,40.0,0.02535211267605634,0.4548022598870056,0.6977401129943502,0.5251118385525512,119.0,19.09527921881011,0.1057837109925918,-0.024041356170379797,-4.400072535131061,0.05888103578213456,0.5211438914378493,0.07944458281498396,0.027519172391511318,5.227670462762362,10.95714410708741,12.784821919656151,13.941628790598426,14.799463852314071,15.460721978138967,16.099112560981787,16.605940775523628,16.94205507293363,17.42793613458966,17.939473275930574,18.272930762198463,18.598158069639783,19.055171843830525,19.425581530699507,19.476665408324894,19.738897708567837,20.517724479395415,21.322200542659346,21.529169592684273,3.914285714285714,16.914285714285715,34.27777777777778,49.8,64.55555555555556,69.25714285714285,74.38888888888889,83.34285714285714,88.16666666666667,88.57142857142857,98.2,104.66666666666667,102.91428571428571,115.05555555555556,107.4,75.22222222222223,59.142857142857146,49.22222222222222,44.48571428571429,17.5,355.0,61.0,2.4296272589030674,0.8535942823027115,1.2542246823845802,1.3982048930267068,1.8333946885785846,2.180696359706454,2.320192435947649,2.7245031091000893,3.0495611323058758,3.193585322034811,3.5139608997647844,4.668522403323553,0.8808892507498458,0.974551788689569
35674,17.538102928631833,2.8071004091318073,1.0,0.6148961280101488,1.262230725337109,1.126206628956894,0.7340622832679561,1.5106900296966852,0.8855259631241742,0.7006021401049282,0.5941828109103614,0.7862908460629102,0.9544178417476138,0.3933188140717794,0.8186118785647717,0.4886803890084878,0.9315108597099666,0.7268753863782349,0.6657206072936238,0.6166128334725254,0.8791946413639187,0.5225251961480963,0.9890985196478043,0.7806690342235325,0.7118267864436212,0.6547329367404341,79262.0,120846.0,12.375,82.0,0.0015346249760214848,0.4113584036838066,0.671527244819647,0.5584133003923312,3290.0,17.466254562656925,0.0020714765144864687,-6.9367347433780346e-06,-298.6241497073169,0.002826362724386037,0.19143239497885983,0.01234922512007935,0.0012386308454233276,9.274539875625944,12.35705136978427,13.584994596293877,14.397631637022819,15.022720624039486,15.519530951074309,15.921397987330428,16.24639337053721,16.52047496140392,16.729927035587913,16.941303012527793,17.140437996179067,17.316793683984336,17.485960583778102,17.538102928631815,17.53810292863182,17.538102928631815,17.538102928631822,17.538102928631822,17.538102928631826,195.04030710172745,562.4011516314779,923.3013435700576,1283.844827586207,1631.7140115163147,1980.6218809980805,2314.4932821497123,2646.515325670498,2897.7658349328217,2952.190019193858,3100.52207293666,3180.829501915709,3186.658349328215,3198.809980806142,2867.0,2345.5,1824.0,1303.0,782.0,260.5,5213.0,1617.0,2.0011554152139204,0.3609339907008896,0.9314995066801768,1.1319145822503518,1.3101595302948492,1.4746406989310448,1.6717298001460128,1.886213985668024,2.1650864093224893,2.7358376914269527,3.5314937531992965,9.933455287648197,1.3569393119421436,0.299562303912826
35675,16.265226441828286,1.7591692132319094,0.9999999999999999,0.6426026991016996,1.1390017281105231,1.1221873226791088,0.75265745978874,1.3865287293243629,0.5873823936575111,0.3675219224279282,0.39978201264298735,0.5234263315817853,0.48829904978432853,0.2883330176921728,0.7701525800812957,0.47978217001330337,0.6506943599348638,0.6862959191542409,0.6374508931964499,0.4692974232506084,0.9193887738370132,0.6017466101502549,0.9293868109368489,0.819282801771513,0.7994959756582448,0.6702975504804194,32197.0,44761.0,4.487804878048781,38.0,0.00505902192242833,0.4364454443194601,0.6844769403824522,0.5335911749163035,764.0,15.697989493247132,0.011844325581260123,-0.0005610007837820577,-21.11285032689278,0.008158637361415285,0.08520775684614824,0.015141072492109334,0.003989010447693168,5.017692762342383,8.512320825241636,10.039461930551447,11.048943811812594,11.865041597477882,12.586590538812294,13.157591858867052,13.666152490159863,14.089379147766458,14.454930595484495,14.818393594785826,15.127017086700791,15.40974007224054,15.660561749641445,15.855064128792318,16.06322750835456,16.228239326937846,16.265226441828275,16.265226441828275,16.265226441828283,46.19209039548023,125.32022471910112,202.02808988764045,266.46629213483146,324.0280898876405,387.7808988764045,465.55367231638417,520.0955056179776,571.6685393258427,638.3988764044943,716.4662921348314,744.6011235955057,751.0056179775281,752.2824858757062,711.4662921348314,680.1067415730337,605.870786516854,444.5,266.5,88.5,1779.0,489.0,2.041298437729475,0.4081757350549006,1.1424286595364277,1.3723934922804626,1.5421171730978809,1.6964430812021705,1.8937383858099857,2.0995317885330063,2.322183923372334,2.6226208975227827,3.1621581616118166,5.4886249578962785,0.7017336900781415,0.51924897150835
35676,18.7864268465888,1.3211036750369591,1.0,0.6374322880658122,1.1626114293925527,1.116019347800905,0.7397584688339418,1.2859215079077957,1.04096301330995,0.7430321604295027,0.9887975316336605,0.9327463859485481,1.004425351967543,0.768940814468872,0.7957626469614948,0.5245784149867005,0.5509912126679293,0.7130366050817398,0.7091212025102965,0.42847966168976853,0.891511686369386,0.5692100955380474,1.0655888850289983,0.7988317479675356,0.7694539765597757,0.8286577979107914,9754.0,15016.0,4.933333333333334,38.0,0.006329113924050633,0.42712294043092525,0.6780735107731305,0.5462261188516874,386.0,17.818576311957376,0.02079089115220229,-0.0022741730247282247,-9.142176486191902,0.022136024298544794,0.5611950196945071,0.07427915005790661,0.009006679143313696,8.051344519855359,12.248645820256655,13.768753485116038,14.617594278401327,15.245724486262896,15.716633084550615,16.26472976890862,16.653350962919344,17.01184198128693,17.290423572263563,17.555025076610164,17.80212516438198,17.932939117892712,18.195537760349136,18.443822654603903,18.596912338168394,18.74288735513587,18.763013700820764,18.786426846588785,18.786426846588785,21.03846153846154,58.87341772151899,100.83544303797468,152.29113924050634,193.9240506329114,232.62025316455697,273.2911392405063,302.2911392405063,329.24050632911394,364.3164556962025,367.72151898734177,379.6835443037975,341.72151898734177,335.0506329113924,334.0759493670886,297.27848101265823,265.72151898734177,193.22784810126583,118.0,39.0,790.0,219.0,2.126954215466646,0.41761213843373307,1.2021662254773287,1.4072642680607743,1.5643869738429612,1.7616084071894438,1.9453300206843231,2.16301876393378,2.3703004273894357,2.723931024898954,3.2924882212833984,7.962968537254244,0.8753838293015365,0.70531926514348
35677,25.16464068209672,0.35057183880195547,1.0,0.590213430861202,1.3447783094101895,1.19526579152888,0.7739467431694091,1.6197746683037328,2.573584537770478,1.6733990984829719,3.2562774422737046,2.1531483256779,2.162163111676383,2.010327427631497,0.5797538148556117,0.30808758162706473,0.7685673360417782,0.4850417530263634,0.3980733614375162,0.47449028008731636,0.8092567215130543,0.47219726338362683,0.9909101010436024,0.6770516877906491,0.6101159641164968,0.6117579935246842,40364.0,55708.0,3.574468085106383,26.0,0.003355704697986577,0.42206235011990406,0.679136690647482,0.5416828477829115,1262.0,24.703840374073007,0.005505536224324676,-0.00034916710274648645,-15.767625818752986,0.01190123205913418,3.3825432304727205,0.07944021759950459,0.004148793778333538,16.600190722187378,19.723555732335253,20.934993280794068,21.714456974001546,22.30304802117029,22.825240916769964,23.220029205806693,23.561615337773187,23.886432838504106,24.14862859077306,24.37255840750784,24.61674604230086,24.773759524365275,24.853501689467326,24.961000758288172,25.105101243289973,25.15567636122514,25.164640682096714,25.16464068209671,25.16464068209671,72.82692307692308,209.7224880382775,344.40384615384613,485.0956937799043,610.8173076923077,745.1961722488038,870.75,976.7894736842105,1082.4903846153845,1152.1244019138755,1188.1674641148325,1237.4615384615386,1207.33014354067,1080.0865384615386,969.6698564593302,891.5865384615385,722.8995215311005,521.5,313.0,104.0,2086.0,662.0,1.852587152522882,0.35236327606606127,0.9579570236971074,1.1437550911855578,1.290439398327022,1.4442473885809373,1.580266820929746,1.7604314138308284,2.0312228082472137,2.31075227576788,2.8676452414585616,7.703481779367941,1.0787981063308758,0.849040934313089
35678,20.18267395129181,1.1131961171708187,1.0,0.7065680206162314,0.9347133267526144,1.0837165585720825,0.6982144435386424,1.204534854968584,0.9099291611613374,0.6360234984913183,0.6984663123592959,0.8396375915490952,0.9109285898868947,0.5798639279537602,1.0841904263852535,0.9185545923708834,1.0805700548564365,1.0004372617631638,1.315576612416564,0.8970849207054448,0.8718321986628763,0.6792529198031914,0.5235284410614075,0.8044836002244097,0.9728428365942252,0.43463120963408064,17674.0,27742.0,11.310344827586206,74.0,0.004804392587508579,0.46016483516483514,0.6875,0.5390314037810243,468.0,17.540949645239216,0.02289959081330968,-0.006573744824780183,-3.483492502931982,0.013097168842116065,0.0987757961553567,0.02274538417896954,0.0060579265752329255,5.655429947134935,9.36090073962141,11.74154071431276,13.17810362204526,14.192503589709336,14.937491405550748,15.513504965452228,16.01368696515153,16.477670975914677,16.875788108863354,17.228511562405306,17.575676486069383,17.870296476634856,18.166658877791495,18.419219025695917,18.739495522088912,19.098158915755665,19.51464725143538,19.934350477417972,20.117434954743945,37.2,77.97945205479452,119.30344827586207,162.26712328767124,228.32191780821918,271.8758620689655,310.513698630137,348.63698630136986,396.3241379310345,433.7739726027397,451.06164383561645,452.5655172413793,449.513698630137,426.93835616438355,379.3724137931035,340.74657534246575,295.43150684931504,251.79310344827587,192.65068493150685,72.5,1457.0,258.0,2.627412193759148,0.8486712774759773,1.5954664564773038,1.9047084359546196,2.1157529348135036,2.33802572311875,2.52278342375594,2.709508025717442,2.9660490960286525,3.309226165996157,3.8065918576419073,5.6745353732934145,0.798440397306274,0.564427891299129
35679,28.0937343301836,4.856816516450032,1.0000000000000002,0.6597340777135359,1.049757967578813,1.0435945202559649,0.7050810159421268,1.1310840433682234,1.8189492138178762,1.8053682758472394,2.4436909472884776,1.7429654703167072,2.560511820666328,2.1604857407513935,0.8755895632554009,0.5220357197572087,1.0382929311757259,0.8390131859265062,0.7403911152815063,0.9179626724145294,0.9588951147789924,0.6236722525511283,0.9565929213641232,0.9188387790152461,0.8845398449960813,0.8457310727463823,126556.0,184056.0,14.454545454545455,86.0,0.000998003992015968,0.4177955226008841,0.6690432054755454,0.5633842326994403,3253.0,27.120875354098985,0.0026906037885857698,-0.00025128012321720726,-10.707587031306906,0.0033134062189838255,0.7692966606853484,0.026116640443809746,0.001401596306575941,17.03874661969797,21.059542043624393,22.5374224876705,23.557693534606468,24.284818650267905,24.86959748485901,25.353126166355214,25.79295590813012,26.191256433451592,26.527179598529415,26.84318968682148,27.106557658909438,27.30354271231278,27.544979382101292,27.704507227990664,27.89700548491499,28.087219345149318,28.093734330183587,28.093734330183587,28.093734330183594,161.99714693295292,507.3851640513552,847.6509971509971,1182.2539229671897,1573.6875891583452,1905.0555555555557,2143.4037089871613,2398.549215406562,2664.733618233618,2900.990014265335,3114.6062767475037,3176.0213675213677,3056.4165477888732,3115.676176890157,2845.7991452991455,2656.2310984308133,2437.1683309557775,1753.5,1052.0,350.5,7014.0,1616.0,2.1763826520448846,0.26851637810326595,1.0580467740142148,1.3278434176362017,1.5462090345916017,1.7226322729985313,1.9384178385779087,2.1668388067512665,2.470376163530924,2.9006040649898788,3.6551266316682325,7.3006533628902615,1.151210363042035,0.172846248243004
35680,24.185824276897865,1.45441683900985,1.0,0.6841390851292751,1.017971542216344,1.0281001893009916,0.6998383081914243,1.1130099903038457,1.2969961061013873,0.9352046175627056,1.6584805626586305,1.2615464130818017,1.3363152697078455,1.4900859624861715,1.0010838241063391,0.7843485042975515,0.8439381386728025,0.9737220501700121,1.1207567449751714,0.758248484761949,0.969558492937605,0.663668279312272,0.9232184562707829,0.9430583741034138,0.9483165919101718,0.8294790382058917,133029.0,214125.0,47.22222222222222,286.0,0.000792393026941363,0.36748556549303746,0.6314955281331371,0.6132637053496447,4145.0,24.183872415534957,0.0020516031276296615,-1.7994347962269088e-09,-1140137.5209212939,0.002573463991609647,0.39700335092883243,0.01838977380574704,0.000962061009660426,14.60768196783557,18.24033567397214,19.528552977661512,20.34207470504885,20.888347313928257,21.32351898853759,21.74753016542645,22.09758601008109,22.31424493370126,22.588350569569734,22.9191645592578,23.221371431146835,23.488062346090732,23.690774541879176,23.931694856878146,24.169095568058253,24.18582427689785,24.18582427689785,24.18582427689785,24.185824276897854,282.5605889014723,901.4110985277463,1515.0746606334842,2041.8471121177804,2383.7599093997733,2821.1425339366515,3198.497168742922,3470.523216308041,3330.495475113122,3398.8799546998866,3682.611551528879,3882.072398190045,4032.3046432616084,3887.300113250283,3865.6945701357467,3908.331823329558,3092.0,2208.5,1325.0,441.5,8834.0,2233.0,2.5028082550135275,0.3148578012533911,1.2904282504601268,1.5577200107707245,1.804709839921903,2.0625561910385737,2.2859697080736585,2.5499696119435145,2.853669628287504,3.3081550650427096,4.039160066821991,8.762592883507956,1.2959023285950768,0.155410420801491
35681,27.8014353017651,0.813079710107359,1.0000000000000002,0.771762699193281,0.8545094238395625,0.9070339387644637,0.6309785209386973,0.8484277526972558,0.8142570957585158,0.547966897647918,0.5341496266831838,0.8977140335759366,0.8684398588286584,0.6295758536717554,1.1273061998999345,0.8683049969246774,1.187513400220818,1.2428489736949861,1.3761244925309233,1.399663549955276,1.1006842800588308,1.0637327896701065,0.7276001906485658,1.2134984514010052,1.6858462758567552,0.8575865043728658,20076.0,28326.0,4.25,36.0,0.005199306759098787,0.43538594969644406,0.6799653078924545,0.5516166936075682,240.0,24.1693764592519,0.06980165828761745,-0.01599942865568779,-4.362759432837809,0.023407073366572193,0.15866900036562984,0.03053229841916616,0.011577844562665288,5.430058895124874,12.127894617002505,14.87405751480192,16.568120353416294,17.858533717121585,18.899183873003565,19.768037656113805,20.575086896105546,21.32132347708592,21.960304390276065,22.44909554275573,23.001648490092364,23.498463373147107,24.041705617183368,24.527836825685362,24.938227163607703,25.47584788165968,25.986602499206747,26.478740818184843,27.667706547182462,15.121739130434783,41.61739130434783,69.53448275862068,98.2,123.79130434782608,145.51724137931035,161.19130434782608,180.08695652173913,200.89655172413794,210.63478260869564,219.1478260869565,214.43103448275863,204.87826086956522,228.8,223.55172413793105,199.9913043478261,182.24347826086955,161.0,88.68695652173913,49.5,1154.0,154.0,2.2437177799647454,0.3890560096553347,1.0325107806281373,1.2323773099610795,1.526481282498499,1.7675506180539666,1.9544865780458833,2.4060201260536394,2.6729955314657974,3.1600593599347886,3.934964002176379,5.525725909406111,1.251970493513118,0.447248212439008
35682,26.24892415803123,2.8301383824016058,1.0,0.6788723208910162,1.0292623986658618,1.061357632093872,0.7027079627720085,1.1887067368166646,0.6683031888194095,0.47998267535185285,0.5007907079233898,0.6296682368043699,0.6830471558319053,0.42129037584534795,0.9050249735130308,0.619026554469299,0.8255248453416782,0.8527050130384192,0.8809158103565425,0.6944730939713685,0.9546566494042965,0.6805098399620031,0.879037483094498,0.8994674561494665,0.9684106001553769,0.7394906210833335,97278.0,134750.0,10.695652173913043,82.0,0.001813236627379873,0.4520516889594196,0.6898662434822036,0.5247133557086843,1208.0,24.37829342812284,0.010525424792142413,-0.0018262709814742299,-5.763342296358409,0.00530917836672628,0.07642291391929931,0.011451981243226413,0.002471359399972714,9.063782503873622,13.875015940561923,16.434342813288932,18.000653142792896,19.216644677247675,20.163990311220147,20.97556217582558,21.613388571609335,22.193979016056154,22.73861319326952,23.21867314825701,23.620072188863386,23.983206252068225,24.354958944526693,24.638806039763512,24.97541816329308,25.352661022809823,25.689258222547178,26.03398111227642,26.248924158031226,76.99319727891157,163.88888888888889,296.421768707483,426.3333333333333,545.8231292517007,679.7664399092971,794.183257918552,898.8526077097506,979.5804988662131,1066.6349206349207,1152.6190476190477,1179.4920634920634,1175.6485260770976,1174.6990950226245,1081.764172335601,1027.7528344671202,932.562358276644,771.9206349206349,564.2494331065759,220.5,4412.0,853.0,2.2759296959857718,0.23073294500320057,1.293098690484916,1.5505722564338889,1.7776168013075437,1.9607184358802023,2.165977471695995,2.3805359394689654,2.56031267619333,2.849991250816975,3.304977630467043,7.958325854056608,0.87972403477617,0.175381519708317
35683,20.185629817012437,4.199778882397961,1.0,0.629090775571787,1.187926939523413,1.1229201241737556,0.7835797192436832,1.2837332528882692,0.8860252256490856,0.7549249753259553,0.6437785859330148,0.7890367325111595,0.9634309780944998,0.5014893744355212,1.1686320751665875,0.7307985217607756,1.6710188927783813,1.040708105597864,0.9326409346915558,1.3016870046941285,0.8534850783698105,0.4964129124860909,1.0097302653853117,0.7600585829716112,0.6335193475467081,0.7865576926620241,62990.0,95282.0,10.409090909090908,50.0,0.001885902876001886,0.41735439754774817,0.6746050459797218,0.5475784679739836,2357.0,19.45277968437608,0.003416906585263573,-0.0002542997690989868,-13.436530427731272,0.003769358862205724,0.16914289138014413,0.020678389807854056,0.0017297690438193118,10.532358243613423,14.371365047710736,15.655561199505012,16.530803879619477,17.20628897480839,17.66966758580884,17.994587477070375,18.385652713030545,18.732968327666853,19.057259219720514,19.35024798412172,19.50907861960052,19.701708877309418,19.803061515502435,19.99101097330613,20.17009187504596,20.185629817012426,20.185629817012426,20.185629817012426,20.18562981701243,132.5990566037736,401.33962264150944,664.8820754716982,924.1367924528302,1192.6415094339623,1379.367924528302,1411.8164705882352,1650.5990566037735,1907.0141509433963,2124.367924528302,2304.051886792453,2226.759433962264,2211.4056603773583,2006.04,1956.6745283018868,1877.3962264150944,1484.5,1060.5,636.5,212.0,4242.0,1302.0,1.8777329468557253,0.17615039687615222,0.7796007842512417,0.9695814302476816,1.1262687970647258,1.3080279281523493,1.469303758552976,1.732843914922848,2.0949872735893327,2.625785318705836,3.5132673787397812,9.278848140276633,1.545783355352423,0.469704106717836
35684,34.0758531788526,1.8344668406872062,1.0,0.671237710608054,1.0476793745947648,1.0521095432028325,0.700134226226252,1.220137188425176,1.5376824931460913,1.1402049529822806,2.2285721231687803,1.4615231874668462,1.628551940858577,1.8264930733282423,0.9651328833730837,0.714718170028361,0.8733644758342842,0.9173311748841528,1.0208302112020962,0.7157920306990485,0.9471108501337289,0.6512091259256476,0.8686187229508743,0.9002017482424249,0.9301203991064508,0.711902506694346,600166.0,935874.0,109.95833333333333,656.0,0.000258732212160414,0.40030402018176525,0.6560690837349202,0.5860299453364243,12044.0,32.37728214129204,0.0006849037604097026,-0.00013931930709886768,-4.916072112845508,0.0010427693760524399,0.6224741682276824,0.015353899765313131,0.00037614090319287874,23.060961319176755,26.882008478165478,28.310498706793915,29.243267722115252,29.92187264783316,30.45875150327485,30.912087302500094,31.316737964288375,31.676260172991697,31.9439191166333,32.24663987463532,32.50869851822539,32.758086991062214,33.00104384571399,33.23663349894696,33.43293727019111,33.69748978739889,33.93662542597872,33.98274211093504,34.07585317885258,872.0753801358784,2572.0620957309184,4255.324062095731,5819.755498059509,7216.382276843467,8416.801423027167,9456.2425614489,10548.302069857697,11496.826002587322,11539.722509702458,11823.018758085382,11830.558214747736,11762.732858990945,11326.818887451487,10628.304657179819,9411.5957309185,8464.026520051746,7176.965717981889,4317.6442432082795,1545.5,30920.0,7296.0,2.4033565037514175,0.21306426228804023,1.3008567206094288,1.5669218772086908,1.7846679266569838,1.9960118498517287,2.201923620119355,2.441249608860926,2.7192903596326796,3.1066511798206333,3.778310785977186,9.183369356398758,1.119940687384532,0.0396644941391423
35685,20.838802191834617,0.4692328628727262,1.0,0.678456691030907,1.0815414098541185,1.0651960222642791,0.6710128541960453,1.2778189271961569,0.8836250614291155,0.5533356388182925,0.8994961977037116,0.8295422090957497,0.8246274797242977,0.7039308767146089,0.8556705976221775,0.5723452461892538,0.827073986899165,0.8032987166092537,0.852957201356437,0.6472544499821778,0.963538883181528,0.7100095401154121,0.8880098763207814,0.9045648528928419,1.0581161533277772,0.6949418712002408,21205.0,28697.0,4.514285714285714,42.0,0.0051325919589392645,0.4503424657534247,0.6823630136986302,0.5262060337400145,362.0,18.733589434860626,0.03305777117261751,-0.005532810575505434,-5.97486046584879,0.017439699767946824,0.125679983776345,0.025519772510606623,0.008176290277220109,4.843568822754742,9.822999563011988,11.851019717004373,13.040346281351734,14.030645793966192,14.891159584132609,15.665308130437595,16.24251805840954,16.787372032906326,17.355904693393292,17.909582586963133,18.34434897073766,18.710185463907695,19.106689997068365,19.39587194647026,19.717854291627095,19.99799305366967,20.214149866340453,20.586769852308823,20.749935963915757,21.24137931034483,51.2991452991453,85.05128205128206,116.54700854700855,152.4017094017094,172.06837606837607,210.77586206896552,240.82905982905982,267.05982905982904,293.87179487179486,322.5982905982906,347.34188034188037,354.5811965811966,351.12068965517244,339.05128205128204,317.84615384615387,277.44444444444446,210.46153846153845,157.4102564102564,55.58974358974359,1169.0,203.0,2.2270959211351076,0.2779876238541947,1.1870725430157503,1.4719236874168984,1.6734344165643025,1.8650316170065688,2.0815354814402287,2.2802012507018317,2.6107814749923604,2.9508121960169498,3.46086205286321,6.48918386379895,0.8457054109201423,0.588437597453594
35686,0.0,0.0,0.0,0.0,0.0,0.0,0.0,0.0,0.0,0.0,0.0,0.0,0.0,0.0,0.0,0.0,0.0,0.0,0.0,0.0,0.0,0.0,0.0,0.0,0.0,0.0,0.0,0.0,0.0,0.0,0.0,0.0,0.0,0.0,0.0,0.0,0.0,0.0,0.0,0.0,0.0,0.0,0.0,0.0,0.0,0.0,0.0,0.0,0.0,0.0,0.0,0.0,0.0,0.0,0.0,0.0,0.0,0.0,0.0,0.0,0.0,0.0,0.0,0.0,0.0,0.0,0.0,0.0,0.0,0.0,0.0,0.0,0.0,0.0,0.0,0.0,0.0,0.0,0.0,0.0,0.0,0.0,0.0,0.0,0.0,0.0,0.0,0.0,0.0,0.0,0.0,0.0,0.0,0.0,0.0,0.0,0.0,0.0,0.0
35687,25.450713125967788,0.029059946063352802,1.0,0.6485651362735151,1.1270158239498194,1.072884752695378,0.7176581746095148,1.2296617660467148,1.0530788523860943,0.6228949202721087,1.1291359820494677,0.9815395826443373,0.8679548875912021,0.9182492399349529,0.8829323494747741,0.5570582529590276,1.0060389628118076,0.8229517170941316,0.7762166901563251,0.8181428345504793,0.9292258796984713,0.5886977109749064,1.0135433148215551,0.866100368528869,0.8203037766485736,0.8242456119295577,145739.0,212657.0,23.162790697674417,122.0,0.0010335917312661498,0.41103501744411425,0.6653314381703063,0.5643824687721377,4017.0,24.648818588773537,0.002056963460294975,-0.0002181003823459599,-9.431269391504935,0.0032848757177806475,0.30256572385213343,0.019312332118850372,0.0011656605556128379,14.681342496397145,18.840615149812844,20.375765124118143,21.407149127875982,22.11986085199466,22.676693740381587,23.11853657355605,23.49234515667983,23.818851403543373,24.090480990373234,24.33471772204542,24.566823036461688,24.716416570888182,24.850440138415596,25.041901892471255,25.164861989580338,25.26373630832674,25.437256669346304,25.45071312596778,25.450713125967784,202.3104786545925,617.5258397932816,1040.125322997416,1490.1666666666667,1939.8901808785529,2343.0736434108526,2761.890180878553,3106.6472868217056,3439.308785529716,3641.6808785529715,3809.1279069767443,3932.6111111111113,3718.8049095607234,3407.9289405684754,3280.5568475452196,2882.2751937984494,2327.515503875969,1910.0943152454781,1160.5,386.5,7740.0,2096.0,2.205342857401508,0.33577466449221005,1.0639460005127992,1.2993808628957368,1.488061920147798,1.67601512933095,1.91468951023396,2.193596634490176,2.48682807456653,3.0188452855374304,3.8068680824393963,9.4733280335203,1.3237225814322264,0.187342633814551
35688,30.702296935560522,1.5116938350053153,1.0,0.6981317069183108,0.9533344258292651,1.0437358564943875,0.7021304679754213,1.1497451869154283,0.8798640410013993,0.5767807686219,0.7681942592375927,0.8429949354778448,0.8214723543973749,0.6681430528955097,0.9994883404513777,0.7035823423130775,0.841897362988652,0.9576065957994155,1.0020678127554308,0.7322469122461127,0.9453631332799409,0.6968889178251688,0.7232343171062395,0.9057494071873198,0.9925347917668829,0.6290387864519397,75943.0,114759.0,15.560975609756097,128.0,0.0015112262521588947,0.40056143381559056,0.6532066508313539,0.5936776566760378,1543.0,29.381289431734366,0.010754007205515346,-0.0008491635175366765,-12.664236019832147,0.006303304491590414,0.07972477759397259,0.00937869979154342,0.0029968263230052234,10.527654217713867,14.000621126342264,15.473916910371948,16.543249107387965,17.38982187201413,22.297755509930177,24.977675358213155,26.259252583113526,27.111358820478266,27.71189002545075,28.225307494448565,28.67719678797398,29.05261311585762,29.380843337118826,29.683406694200258,29.951984641999594,30.172839572363408,30.33489034250629,30.672693136218598,30.702296935560522,128.9136069114471,364.38876889848814,473.6393088552916,415.1749460043197,200.90928725701943,173.29589632829374,434.1465517241379,672.7494600431966,908.3110151187905,1091.354211663067,1247.63282937365,1407.4665226781858,1456.328293736501,1510.2629310344828,1472.036717062635,1384.548596112311,1234.6933045356373,930.9546436285098,675.2030237580993,231.5,4632.0,1035.0,2.4931988478188942,0.36270468463059713,1.3598574710841065,1.667349360512747,1.904323477994451,2.1171275724883554,2.3490837310477586,2.6140902040425815,2.8580148756279966,3.198063397956984,3.8572875162959885,8.238314068854075,1.0413440103155653,0.189727396243252
35689,28.75386834979777,2.3725210922263695,1.0,0.605809220309524,1.205982603987734,1.208542752300579,0.7972878015402947,1.5190496375796119,3.452875524475703,2.3333868684328807,3.5609069307609538,2.857056995214127,2.926655674306027,2.344167591807434,0.9046466254579566,0.6070109620631527,1.2415189590765177,0.7485433376153832,0.7613448504924537,0.8172997961111399,0.7812257551137887,0.4909911692751628,0.7674089625070323,0.6464196269653261,0.6158267671054394,0.5051901817571864,39195.0,52913.0,7.073170731707317,42.0,0.004197271773347324,0.4398950131233596,0.6824146981627297,0.5414666016287374,843.0,27.5331818127646,0.009037331479876893,-0.0009334761629491765,-9.681373599648023,0.013848476250693648,2.3657283635062663,0.19698073143832195,0.005148780716267939,18.537956883721684,22.642310970288488,23.872352655258204,24.636191042843542,25.21840155678869,25.737049112145595,26.144791289370808,26.48220118157741,26.728468107295722,26.99978620484715,27.289168286128493,27.605593687919253,27.861302913899035,28.157695284673178,28.416194054687672,28.660603689227404,28.753868349797756,28.753868349797756,28.75386834979776,28.75386834979776,45.86842105263158,159.2408376963351,288.7842105263158,404.6910994764398,512.3105263157895,611.1675392670157,700.6578947368421,766.4397905759163,757.6052631578947,767.6073298429319,780.9319371727748,829.8578947368421,823.1570680628272,833.2473684210527,824.5235602094241,799.7736842105263,667.0,476.5,286.0,95.0,1906.0,604.0,1.8651562633125958,0.14347200653224082,1.0432827144909442,1.1774496965558896,1.371325560043365,1.5357502225806192,1.703032432365418,1.8785750323973682,2.113257183179015,2.4261721765450823,2.884557200855275,6.4214824577642675,0.7265986018972055,0.574664678273257
35690,15.33405435930976,3.552832261907923,1.0,0.6762050556524986,1.05035247725513,1.0118160563870175,0.6843708766830171,1.085674387389067,0.9015063078863551,0.5225299920843092,0.839539919161238,0.8909784562081814,0.7635187438379725,0.7732888690321261,0.9808604526080945,0.7090991227228108,0.8376376936601712,0.9694058978571075,1.0361328146510933,0.7715367548410181,0.9909055590445432,0.6619337476208556,1.0463852985040134,0.9793336968607305,0.9672149563539159,0.9638113514130698,33668.0,56466.0,14.764705882352942,72.0,0.002053388090349076,0.36288942143101677,0.6343717904827114,0.6099842478641708,1759.0,14.669753338031137,0.004214910019572381,-0.0003450864016913874,-12.21407160326705,0.0040332838402608135,0.11826936553782635,0.012696080886890913,0.002062111241607817,6.817708574146248,9.818447347047847,11.049608546463404,11.847301564052914,12.489384321967345,12.990243038152707,13.398227107281997,13.76595933075421,14.086891083133922,14.374469660223502,14.596202985978536,14.669844595654512,14.74539807735537,14.984211312427918,15.238311462197494,15.334054359309757,15.334054359309757,15.334054359309757,15.334054359309757,15.334054359309755,113.44520547945206,314.63013698630135,508.7945205479452,679.082191780822,843.8630136986301,1006.6095890410959,1135.372013651877,1283.5958904109589,1449.5068493150684,1611.972602739726,1707.5616438356165,1557.5,1378.86301369863,1429.6006825938566,1475.890410958904,1314.5,1022.5,730.5,438.5,146.0,2922.0,757.0,2.476020441114615,0.2373168541466125,1.097338722288683,1.502932668323603,1.7668709746473414,2.005167225119003,2.271573906187026,2.5719569070449477,2.9063585327360584,3.358399012153322,4.077679907455844,8.264981020430737,1.4971262180802318,0.687971029973123
35691,19.822998269376995,0.17807684198156268,1.0,0.6352934894913042,1.18076245784746,1.1144359407901776,0.7393406842938235,1.3753459927466518,0.6191843985682695,0.47643010186948825,0.21862591007657375,0.5556034007026407,0.6443985999831017,0.15896066242936016,0.8733494133226412,0.5824251829775405,0.935094090133126,0.7836694612553532,0.7877629289856275,0.679897345878534,0.8898150826818891,0.5537007070849336,0.9699064040520334,0.7984443520827014,0.7489114542828077,0.7052090231601066,76028.0,113230.0,18.57894736842105,110.0,0.0017353579175704988,0.4224343675417661,0.6712952918203515,0.5615316834795258,2234.0,18.385586480022464,0.0035330359973722286,-0.0006990595566375578,-5.053984261893162,0.004262295818484581,0.16227067053857608,0.0125944872894477,0.001632010811692298,9.676822248921532,13.192894092619959,14.57930490741614,15.429820798740174,16.118499136700482,16.704559981589895,17.190345060582974,17.512289229857267,17.834826559025128,18.102531564276983,18.356041583241744,18.520960669238555,18.707779569086366,18.85347641892303,19.05576765613471,19.156416282025415,19.22976521942887,19.594257056220982,19.821186622950037,19.822998269376992,147.7086956521739,434.89370932754883,697.2646420824295,890.0043383947939,1133.533622559653,1407.6529284164858,1663.1865509761387,1799.4967462039046,2012.114967462039,2097.9132321041216,2189.0173535791755,2102.2646420824294,2074.8394793926245,1876.7375271149674,1762.3275488069414,1474.0,1089.1822125813449,967.9826464208243,689.7331887201735,230.0,4610.0,1339.0,2.17978719264487,0.4940433252253094,1.1271146139683477,1.3453865204191464,1.5499868262293603,1.7140559050660242,1.9270181693072204,2.163363995771974,2.455888578148131,2.8546676871586802,3.471236884706791,8.546296541708836,1.1875525992840168,0.156876042943913
35692,20.951339771686524,0.08500520572793328,1.0,0.7195891037014882,0.9934862023261866,0.945327548281359,0.6510353777331381,0.8923725564069229,0.7618231824917879,0.48859149865387397,0.6640106270559712,0.8058827692864882,0.750483791457105,0.7440957504672315,1.0790328398870872,0.8169274126647847,1.026994905333574,1.1414380569452456,1.2548126270945086,1.1508589074822055,1.0638994809061084,0.7939632080910075,1.1235647469951926,1.1254294692250508,1.2195392681355268,1.2590758634702408,13598.0,19320.0,4.4,34.0,0.009019165727170236,0.41309255079006774,0.664785553047404,0.5658909210592268,302.0,20.95096222472958,0.04742285300936004,-2.459268873030237e-08,-1928331.3642288747,0.02355116768166884,0.19820304561873067,0.037772841638916456,0.010469261912052177,6.193288910514159,9.861412680524891,12.012649671837062,13.479330361232156,14.741970665397403,15.726574006843338,16.49089241701447,17.09398754705343,17.660749949568046,18.220632415781147,18.65403474488778,19.16531656454663,19.42115190451595,19.802402849055337,20.19279334316802,20.512873867915125,20.87624665905038,20.951339771686516,20.951339771686516,20.95133977168652,22.045454545454547,51.39325842696629,78.81818181818181,92.3932584269663,102.11235955056179,132.25,159.02247191011236,180.20224719101122,193.0909090909091,211.4943820224719,225.23595505617976,249.9090909090909,239.0,239.32584269662922,269.54545454545456,271.40449438202245,289.685393258427,221.5,133.0,44.0,887.0,147.0,2.5560162001238873,0.48600725774912545,0.974878395079764,1.399506477741923,1.8025299813767797,2.0589636591871203,2.3698990079547535,2.626548477752644,2.8492292839842315,3.371860765635951,4.468468393512771,7.859864420003651,1.9346981159901708,0.970038086390123
35693,16.917892136024523,4.31967312340865,1.0,0.6047937979728152,1.2894696628554208,1.0856297432891007,0.720616092861879,1.4217294013592885,0.6856190468743305,0.573346539506337,0.46114308176039104,0.6315404041870947,0.7956338266459319,0.324353622651048,1.101813179675678,0.6215909302475165,1.735046453978494,1.0149069574471559,0.8625826378355074,1.2203774166305128,0.900848074835305,0.5266515183248449,1.0943164368381766,0.8297931043285826,0.7308350778474615,0.7697079597509353,26605.0,34607.0,2.8,24.0,0.004705882352941176,0.40580847723704866,0.6703296703296703,0.5576892384506693,886.0,16.901232786463662,0.008563837554969424,-1.0356295669510394e-05,-826.920921172801,0.009888711940828786,0.2368216742134658,0.04985674358359862,0.004938396142393795,7.288760563124929,11.452554041206632,12.711427711166948,13.698081658423419,14.295445849489614,14.76502085686918,15.195621780351342,15.53058128517512,15.847723205204476,16.14267375436543,16.42775361735859,16.637553630301,16.806564363676134,16.90607294207817,16.91765455078565,16.91789213602452,16.91789213602452,16.917892136024527,16.91789213602452,16.917892136024527,36.98425196850393,109.71653543307086,193.0625,278.8582677165354,359.6875,447.0236220472441,520.984375,582.2125984251968,652.984375,730.1732283464567,790.9212598425197,840.046875,864.6141732283464,814.5625,700.8425196850394,573.5,446.0,318.5,191.0,63.5,1275.0,351.0,1.9339726018354355,0.248584407823441,0.6152752275038966,0.90723144138058,1.1880274777345463,1.3921420675354912,1.7338523418052987,2.0070244632064664,2.3120707733083963,2.746638125163482,3.4128629926853318,8.93094893037359,1.5639443535419384,0.770933976552915
35694,29.052748494687084,3.783239958856943,1.0,0.6633155604395091,1.0724566996915872,1.044402983528324,0.6990860626223258,1.1714501880208636,0.9269898010649016,0.6087454306226265,1.1767124457008515,0.8875786604259177,0.8707732326105536,1.0044920882968813,0.9738933508419946,0.6815574694191884,0.8961669269651903,0.9324880972207438,0.9749264158730525,0.7650064306014089,0.9550988193485709,0.6307838718123825,0.9714453814368788,0.9144926186652059,0.9022978793859279,0.8292673400634404,1296549.0,1982633.0,137.62962962962962,864.0,0.00012343012312154782,0.3891040377702004,0.6491598907626557,0.5927444485304233,33237.0,28.275894699028306,0.00022789344583397302,-1.71031736150058e-05,-13.324629157364473,0.00038988333414330677,0.24806708175506353,0.00539437475414801,0.00015365289440082052,19.51359738902473,23.149379713819904,24.509677908915233,25.373323996136637,26.01659658472639,26.511601047802028,26.925100810557886,27.283298364106713,27.58752258354355,27.860551669178104,28.11418648332788,28.311129013137172,28.488230773647302,28.680682711800554,28.835166295277695,29.024473142026093,29.05214488714865,29.052748494687076,29.052748494687076,29.052748494687076,2017.20907267397,6116.559018669958,10158.295433508176,14082.508563493288,17956.67227279741,21301.313329219378,24415.008177750347,27276.03595124209,29431.912835544586,31147.3994753896,32751.25489893535,32775.61447084233,31959.62474926709,31388.122666255207,29458.808238198086,28387.02885357198,22669.90881036877,16203.5,9722.0,3240.5,64814.0,16513.0,2.35436690067509,0.13616988161715385,1.13540645561999,1.4118215830183825,1.6416680560256118,1.865803596951412,2.106727895300196,2.3680953817029864,2.700127988407759,3.1372944177039233,3.8941594875931362,10.527482298062813,1.3918369392936623,0.0271860472718254
35695,23.055766769712548,1.5027652362430879,1.0,0.6149339922020923,1.2506940169593688,1.1377428363804514,0.7574117033469566,1.4081945096537478,1.7314515859884467,1.243746809512314,1.4312065261520592,1.5218303562312778,1.6421013882097042,1.0163415042031159,1.2036526601113333,0.6926441024394929,1.675731607077563,1.0579303350663702,0.9144882490972088,1.1899858972533548,0.8469474478339852,0.48817801249015275,1.0247204383679147,0.7444102663202999,0.6445345514637859,0.7276838755889461,41548.0,59258.0,7.619047619047619,52.0,0.002737583105201408,0.4104068857589984,0.6705790297339593,0.5564937995352496,1780.0,22.634013905739984,0.0038714661358200194,-0.00015507392925461435,-24.96529335671567,0.008432316718884765,0.9604320538111748,0.08468123117655016,0.0031139747776706356,14.587196210706871,18.151557872513635,19.33827111804375,20.11355225533011,20.65132987239175,21.10649229774016,21.477145611159493,21.814893298430793,22.115415818114805,22.380017689891986,22.59552276007284,22.744660392767656,22.899654393384072,22.964665373225653,23.004777636143768,23.055766769712534,23.055766769712537,23.055766769712537,23.055766769712537,23.055766769712537,87.04705882352941,277.453125,454.1333333333333,637.4140625,812.6796875,998.8666666666667,1179.390625,1352.0703125,1501.356862745098,1655.90625,1744.0859375,1739.7058823529412,1727.390625,1571.5,1357.0196078431372,1150.5,894.5,639.0,383.5,127.5,2557.0,834.0,1.86315038505842,0.29926178059866493,0.7991002510628311,1.0011838083536109,1.1701308390198122,1.3561500658754482,1.5457929511963788,1.7710692996326056,2.0064972881642933,2.4788860862339477,3.1295528400287416,7.212524476495557,1.436322896664044,0.732018282173667
35696,25.663861876239086,0.42610588257552284,1.0,0.7430516911472789,0.9477740189889318,1.0724782334079235,0.7009977413503687,1.26399130756743,1.0898109346797291,0.6231249383059737,1.3359311706163217,1.0161613548246373,0.8889114779537169,1.0569148400136872,0.7523375071998502,0.6593487967749019,0.3912919875904906,0.7014944301566017,0.9405861929095002,0.3095685747582694,0.9667080517964076,0.7833125080157937,0.6542371146569234,0.9013777824884903,1.1174251524788905,0.5175962134708129,16006.0,21326.0,4.111111111111111,48.0,0.009779951100244499,0.47368421052631576,0.6976744186046512,0.5139535967359854,249.0,23.361655238912768,0.04959439498727392,-0.0110632734474482,-4.482795731557473,0.03089076621011452,0.7006431877013235,0.048552890438713255,0.01312750164491078,10.019823799223571,14.557071382166855,16.287809124387692,17.600597801964817,18.58113814725038,19.387196400125923,20.11258881854462,20.752165297785417,21.26692575613109,21.690476809093532,22.170000589776283,22.590370433643024,22.995235123436277,23.399186946218848,23.6604793429189,24.030193280549344,24.280529848631137,24.710328351100472,25.144908410900232,25.64658664246604,15.506172839506172,46.3780487804878,70.52439024390245,88.01219512195122,111.66666666666667,132.7439024390244,155.1341463414634,176.4268292682927,188.96296296296296,198.1829268292683,214.47560975609755,226.47560975609755,233.98765432098764,235.64634146341464,203.109756097561,203.890243902439,168.09876543209876,141.91463414634146,88.71951219512195,39.109756097560975,818.0,146.0,2.4300645284658224,0.3727477470505379,1.3215490452181446,1.664343476250954,1.9611496246551707,2.24075095380972,2.4746593284634653,2.678462931891489,2.84313966326847,3.089102782389203,3.5937573884066163,4.7013744577855885,0.8125234517407856,0.720686434146482
35697,26.20285626290044,1.266790142813618,1.0,0.6315515925871943,1.1671375442029488,1.083536776673679,0.7022137720699897,1.3435015624103221,1.4143828505250233,1.1196510484282634,2.0103750925158645,1.3053390350690264,1.5944589709879224,1.4963697466113337,1.0973908029627022,0.7105008751219153,1.3387329857228891,1.0127859308398866,1.0118013963575463,0.9964506355475479,0.8971891585985114,0.5672827966614443,0.932458726169567,0.828019111038177,0.8078491468334563,0.6940510917580776,56974.0,81388.0,8.904761904761905,60.0,0.0019524894240156199,0.4397786458333333,0.6829427083333334,0.545609215595167,1293.0,24.917821736230245,0.007827523039466454,-0.0009872894104416621,-7.928296360400367,0.008117209023465763,0.32156006309273194,0.038782732089887854,0.003096150600784704,12.812694099869791,18.283807050254907,20.093224018059267,21.158134701370667,21.981721658997614,22.647259836520696,23.19259936860437,23.67150952685283,24.05497655122693,24.425197530903983,24.725592014087177,24.960869483741448,25.170788714947676,25.40412802628157,25.56677126381074,25.71832798791008,25.885868962094463,26.151536626636467,26.20285626290043,26.202856262900433,60.22475570032573,195.37459283387622,340.08794788273616,464.8636363636364,610.4690553745928,720.6156351791531,832.8729641693811,973.7727272727273,1062.3615635179153,1162.8208469055376,1257.442996742671,1275.9610389610389,1247.8501628664494,1252.42671009772,1139.257328990228,1000.3311688311688,854.5048859934853,735.185667752443,461.0,153.5,3073.0,792.0,2.1851106497704076,0.4624374548794492,1.1695183389092685,1.4115008373802853,1.5773832082399497,1.7617946127969009,1.948298308594971,2.167387863328039,2.416495803124395,2.743577198617135,3.3893570837677007,8.0918133583664,1.127234058507155,0.243418801692314
35698,17.06116421326226,1.4563536696432717,1.0,0.6932246819606411,0.9558052289434479,1.0313042502883092,0.7039133149268183,1.062508351441078,0.8374049447674158,0.7221190056676823,0.6825862444415394,0.8119863217215605,1.0258635408008396,0.6424290628075996,0.9458967156720134,0.7644220152032695,0.6338298684484361,0.9171849290910811,1.0859604428462075,0.5965410696196165,0.979661858978955,0.6573205664742141,0.9064342964918791,0.9499251638932767,0.9338089684275284,0.8531079264106339,6385.0,10793.0,5.84,28.0,0.011816838995568686,0.41863905325443784,0.6789940828402367,0.5654501629505876,308.0,16.696428905441604,0.034922894069676844,-0.0006598669418500509,-52.92414554328859,0.02308403926570856,0.28244990467935105,0.04305225813920956,0.010818858378811178,5.698003856308797,8.900813799654172,10.49024147604203,11.678156458826557,12.575382540964979,13.32863779994421,13.994946980301492,14.501176612256144,14.86800286531246,15.222133759180686,15.5411271413857,15.899594198405246,16.230825897636933,16.51547757411968,16.792690051816955,16.978958418715468,17.061048995578968,17.061164213262252,17.06116421326225,17.061164213262252,19.0,48.26470588235294,72.80597014925372,97.02941176470588,117.23529411764706,141.83582089552237,178.64705882352942,204.91176470588235,209.67164179104478,220.41176470588235,228.14705882352942,244.37313432835822,269.4117647058824,293.0,297.94029850746267,279.47058823529414,236.5,169.0,101.5,33.5,677.0,152.0,2.454610398791631,0.5780559662637398,1.335412453137748,1.5618026629415231,1.8344435150178977,2.03034902597606,2.187059072969281,2.4884116842337116,2.807793283313831,3.3972262116852003,4.017183715089097,5.744636813040445,1.093769613204261,0.947466444901656
35699,18.459743051811177,4.378734008937535,1.0,0.639070200653006,1.1284412171455145,1.1194173925043491,0.7420406559505268,1.3892539083510886,0.8530220832939148,0.5256177903641932,0.8256487333149537,0.7620232533510513,0.7083409596889217,0.5943108947556748,0.7964376175774162,0.540420935992084,0.6972664000384773,0.7114751145644022,0.7282901976574647,0.5018999017005219,0.8893857580908238,0.5678978081370581,0.8529028735096831,0.7945077180738626,0.7653189937545968,0.6139287198565431,77576.0,121768.0,21.72972972972973,130.0,0.0015414258188824663,0.40855656195798806,0.6650607053382155,0.5764538422126396,2990.0,18.096632590636823,0.002427843302265416,-7.364752340896689e-05,-32.96571547672458,0.002713626718611224,0.21091522849376526,0.012597338329869898,0.0013138537438907303,9.741610524732865,12.846880983464592,14.148710886043093,14.963691897489358,15.577333424921015,16.045443038193863,16.476748402137407,16.843272075443252,17.144640474165296,17.38891713886883,17.63709077459938,17.865417667362156,18.07927786737278,18.242275717097773,18.37186516046822,18.459743051811163,18.459743051811163,18.45974305181117,18.45974305181117,18.459743051811174,179.8976833976834,506.4527938342967,825.9306358381502,1157.7244701348748,1467.9344894026974,1783.8169556840078,2090.7398843930637,2342.5452793834297,2481.552986512524,2587.8169556840076,2735.1714836223505,2885.8901734104047,2955.1676300578033,2870.3911368015415,2671.8959537572255,2335.0,1816.0,1297.0,778.0,259.0,5190.0,1400.0,2.1845549868559995,0.4185073940375436,1.0521068273324994,1.2978719399631422,1.515330140599645,1.7187924187352908,1.9215450925835538,2.1702523794817172,2.4902149875798005,2.9110175902273863,3.6884221700778737,7.380166341190158,1.2066863114843898,0.281044466460589
35700,24.64110421924666,1.046302763662775,1.0,0.7595505870930801,0.8480973939519323,1.0156649985172648,0.7108466941714621,1.0333883625685432,0.8218606593500861,0.7434211448995168,0.3614103555728479,0.8091847809562138,1.0458248606839515,0.3497333322726247,1.0429207665963243,0.7974155986454241,0.7422863470276647,1.0268353917077475,1.1217828051867973,0.7183033735571315,0.9700939275463526,0.7711468451313337,0.6431725143492022,0.9551317894803505,1.0848286296529175,0.622391868968373,20545.0,30485.0,10.733333333333333,96.0,0.003714710252600297,0.4074349442379182,0.6483271375464684,0.5858843126308432,325.0,21.08737822872216,0.038940311864267683,-0.011688085827713154,-3.331624394127725,0.01754260331270177,0.24872831511539387,0.02443616933298715,0.008385178293205283,8.189909326242924,13.371766596531947,15.00727996609107,16.06831149012688,16.923299045628905,17.57101241459482,18.27663961786951,18.921151949248284,19.437169373097465,19.900281711733808,20.329412057351835,20.76144892303375,21.189517904413727,21.547565231740425,21.993229189065467,22.447558084933597,22.85383018767012,23.184523911717918,23.744835047008273,24.542856825559138,25.828358208955223,93.84444444444445,146.11194029850745,192.38518518518518,215.52985074626866,218.7925925925926,232.97761194029852,267.34814814814814,296.45522388059703,305.2518518518518,307.2,304.57462686567163,301.6074074074074,271.2164179104478,274.85925925925926,270.44029850746267,263.56296296296296,190.6044776119403,128.57777777777778,57.785185185185185,1346.0,267.0,2.805119842216447,0.6565877846708542,1.6342917264675207,1.9789948462506646,2.128956507966795,2.3513622412614876,2.5909763645952437,2.807541125866578,3.0911177617284165,3.578437689987959,4.247478866584174,8.915917936220136,1.349081934918834,0.294293394358829
35701,29.56532828702827,1.2161628208297854,1.0,0.6916285541203678,0.99278802274171,1.0074354872794093,0.7040597804847267,1.003284349900135,1.2425145078773547,1.1139366015898644,0.8732641231887106,1.2333439942966262,1.5821619590639706,0.8704054072762459,0.8834959143951837,0.5915311470769911,0.7037254947629482,0.8769751766250306,0.8401717630706548,0.7014217802091658,0.9968011982156225,0.6811236147287001,0.9938990893463667,0.9894441984642561,0.9674229853887752,0.9906454630188317,80892.0,124642.0,22.358974358974358,168.0,0.0014050582095543958,0.40072274643645855,0.658703071672355,0.5812524271581184,2395.0,29.564948891887617,0.0039148640582749895,-5.575311220722967e-10,-7021785.696417747,0.005691460643685702,1.090334386177402,0.04614108357923955,0.0020655619755658348,18.108475991567627,22.433755289834576,23.927877481352343,24.950862307243014,25.740043617748356,26.28204428808111,26.834703961383955,27.311641876922973,27.712358410237318,28.04830779369466,28.303580541379517,28.577632691290173,28.817462509092888,29.084254730511667,29.344705264510555,29.559605526178707,29.565328287028258,29.565328287028258,29.565328287028258,29.565328287028255,115.644578313253,366.50803212851406,613.2630522088353,835.2630522088353,1069.0943775100402,1199.9578313253012,1430.122244488978,1664.20281124498,1853.4477911646586,2062.3072289156626,2096.4638554216867,2165.379518072289,2185.620481927711,2203.3507014028055,2270.4036144578313,2226.9497991967874,1743.5,1245.5,747.5,249.0,4982.0,1086.0,2.378298975999355,0.172243741959715,1.2048257676226815,1.5124881291460324,1.7289653509562175,1.9493010121686059,2.180334746692741,2.4416695326537954,2.7795208998889374,3.147677067299166,3.8657586311596206,8.591359175346433,1.169362921160964,0.21889875160763
35702,17.28537024861639,1.8815280305621027,1.0,0.591081983728874,1.3862606374519237,1.21743510831809,0.7701489687196961,1.761189178098648,0.5736141800999919,0.2989867795815586,0.5262219887869201,0.4711661230900847,0.38821941173095054,0.29878788453323396,0.7205849129881385,0.4676502341506476,0.7613884937963425,0.5918877384632355,0.6072204899891958,0.43231499674460044,0.7906064246281762,0.4826380076234604,0.9345836222406857,0.6494033392222557,0.6266813658477047,0.5306548744806889,59355.0,86729.0,10.142857142857142,66.0,0.00320326150262085,0.4579085348092048,0.698514418875619,0.5298871085988229,1975.0,16.621570875783483,0.003390241641871769,-0.00024857518500558985,-13.638697047718301,0.004486991616095044,0.17425907151907655,0.019465995121949128,0.001851610843748523,8.829671505746003,12.148030110785307,13.303696192014666,14.0364455557513,14.616857054113156,15.069617181545594,15.472537327412056,15.84085332924616,16.070111844181568,16.281033449897297,16.50345052413177,16.655642988911428,16.847179272040947,17.031735273241416,17.184141113775144,17.282803181890994,17.285370248616378,17.285370248616378,17.285370248616378,17.285370248616378,119.86880466472303,375.7201166180758,615.3720930232558,863.9679300291546,1116.7638483965015,1314.5348837209303,1528.4110787172012,1757.603498542274,1830.8662790697674,1840.6793002915451,1907.1953352769679,1839.7093023255813,1827.3148688046647,1824.6180758017492,1724.639534883721,1540.7667638483965,1202.0,858.5,515.0,171.5,3434.0,1271.0,1.902252076352368,0.28423396867237455,0.9800173415805098,1.1832187608894507,1.3442532904481346,1.5057287226946876,1.688025931426185,1.8950284901043855,2.103625318746851,2.48430492600708,3.022268909400177,10.065606655671008,0.9235652621665512,0.43182384082349
35703,24.92056804544638,0.3495702581963607,1.0,0.6702830472584099,1.0609387591076451,1.0179257462547535,0.7019118886663642,0.9957525057193781,0.97625772625844,0.6754533734861058,0.6345121380877572,0.959065756859356,0.9623050761677086,0.6372187209605423,1.1414299618075112,0.4695492501226326,2.707812587150141,1.1213292973551026,0.6689575396917387,2.7193630662208483,0.961950086059241,0.6530997355817546,0.9301076938460847,0.9450100752422627,0.9304582898896998,0.9340751728002246,10597.0,14079.0,2.342857142857143,18.0,0.011904761904761904,0.42589437819420783,0.676320272572402,0.5401321934338057,257.0,24.05217001190532,0.04257965611644659,-0.0031654696464787834,-13.451291868747344,0.04185859929684841,1.0138582703549819,0.12522851521457745,0.016119981139908486,10.40773055405764,15.51647915222506,17.88055414873719,19.402296683568203,20.579365551500462,21.264564929917693,21.77382910944008,22.28670308296176,22.723546381855975,23.120956159439018,23.491252263179998,23.752291046619405,23.987673751039093,24.167385126141202,24.35978241491932,24.544899208923603,24.768140902263482,24.784456944869305,24.89011793583206,24.920568045446373,12.362068965517242,35.779661016949156,47.559322033898304,68.83050847457628,94.08620689655173,116.33898305084746,138.35593220338984,159.864406779661,184.67241379310346,204.9322033898305,228.40677966101694,245.47457627118644,248.91379310344828,247.72881355932202,236.11864406779662,202.54237288135593,192.98275862068965,139.0,86.27118644067797,29.0,588.0,122.0,2.2760129812897456,0.3924401066162776,1.097225745749602,1.241116628697038,1.4325015637650993,1.6827730411419266,1.8633742135627631,2.1427030463273096,2.5640907575246743,3.1283029354451584,3.9665693827314814,6.828304231033183,1.6861026433898156,0.754565319381654
35704,23.228558622471468,3.6127958463882512,1.0000000000000002,0.5779169346901335,1.3864932676444015,1.1968439026526283,0.7663779121619948,1.7354277093233461,0.6847739212981064,0.5787894052026776,0.333076738250456,0.5721497346315638,0.7552271484049957,0.1919277515629416,1.0510926024472174,0.5361443597469313,1.7628596919784438,0.8782202926527222,0.6995822181701952,1.0158070442852347,0.7923508970421443,0.4635940748332107,0.923131741686523,0.6620336163187324,0.6049157569343119,0.5319332731217353,90622.0,128588.0,11.957446808510639,74.0,0.002328042328042328,0.4375529212531753,0.6850127011007621,0.5404961527641725,2653.0,22.671457823481987,0.0026576622142396285,-0.000145806200453011,-18.227360743112666,0.004152362992396955,0.45399014580320834,0.03806173353009406,0.0017176664432759269,14.138004060909784,17.83980052189114,19.162572521877166,19.990267732015983,20.606080435316578,21.076841561417552,21.46143037501552,21.741302162228905,22.008159463931726,22.248471152260812,22.458045399903774,22.649144294121722,22.775593437314267,22.952666776015153,23.144733119734912,23.22855862247145,23.22855862247146,23.22855862247146,23.22855862247146,23.228558622471464,158.34322033898306,480.6906779661017,804.2959830866807,1133.7415254237287,1473.0422832980973,1777.6313559322034,2071.797040169133,2204.8389830508477,2405.2410147991545,2546.478813559322,2611.3686440677966,2608.5581395348836,2456.75,2458.112050739958,2404.9110169491523,2126.0,1653.5,1181.0,708.5,236.0,4725.0,1586.0,1.8990733493100729,0.3373790917315042,0.9332510180469232,1.1074633435165113,1.2869821426946972,1.4471246846366863,1.5905459519348786,1.801542755983402,2.0652199743145774,2.4213806290371243,3.1001792785132585,9.200072093672636,1.283147728638214,0.401644276534207
35705,20.858455359853178,0.6718045887374472,1.0,0.6076158669330638,1.2563850560851657,1.1808825884009215,0.7532205146290403,1.670382263624363,1.7388416500031838,0.973244780929309,4.222000750186442,1.472493258078956,1.2921113565376405,2.527565601077221,1.0365785959510994,0.7092953253610801,1.1213593928026364,0.8777998813199289,0.9416834931937651,0.6713190251251426,0.7941220114394549,0.4954205079425069,0.713057747209896,0.6724817685006315,0.6577363445637173,0.42688297327985103,19527.0,31681.0,8.0,50.0,0.005034612964128383,0.4181360201511335,0.6675062972292192,0.5572238770156185,963.0,20.43909374614022,0.008022804650137492,-0.00047434461147512127,-16.91345164686935,0.012711996707251719,0.7548592001720172,0.056125324078933156,0.0047817404061245425,11.122900113276359,15.027200250018858,16.52070195327041,17.341555999032746,18.00774524694038,18.513619833553733,18.9027346438653,19.27394524619473,19.56187093595798,19.822005559811128,20.037857186285045,20.28203671089507,20.44912445810525,20.536779761085135,20.60151092315069,20.720775868625726,20.84060355940542,20.858455359853167,20.858455359853167,20.858455359853167,48.424050632911396,144.73584905660377,238.16352201257862,333.0377358490566,442.9056603773585,549.8050314465409,626.1582278481013,713.9496855345911,770.1320754716982,846.9182389937107,878.3333333333334,916.0754716981132,927.4905660377359,851.1075949367089,737.0188679245283,649.2515723270441,549.0440251572327,397.0,238.0,79.0,1589.0,465.0,2.0027601278743714,0.6633475673352631,1.0989803245252567,1.3237930939190716,1.4984547209156125,1.6550273269413327,1.8493647179334485,2.041944730432508,2.253128691549481,2.5720774485658944,3.082029249530934,5.8058227073562465,0.6832766074580494,0.617091542377602
35706,18.222413577379925,2.600218138385108,1.0,0.6349866333071161,1.2030411392150384,1.1250060767918106,0.7363941707384869,1.4364144196442394,0.9167920167077132,0.5819876140379951,1.0516347707566334,0.8149218351976699,0.7903207781429796,0.7321249051628809,1.0318933300569146,0.6493995263591535,1.2227962992767911,0.9172335610840198,0.8818640235947394,0.851283781723414,0.8555913298492156,0.5297567184666716,0.8993147957677423,0.7605215185051379,0.7193928734327288,0.626083102110934,35534.0,57544.0,10.882352941176471,90.0,0.0031847133757961785,0.41238938053097346,0.6686725663716814,0.562585637898047,1423.0,16.88378381936243,0.005403079850293123,-0.0009247922013706987,-5.8424799022795,0.005529980686369847,0.16415174806850188,0.020428526365609212,0.00243828609006281,8.313597925545166,12.140046194089086,13.58236576164334,14.386688666583504,14.982614706472763,15.449964295377423,15.93517728334121,16.324050974902804,16.65302871401878,16.87101311546904,16.986827773248784,17.253484046308422,17.46367007345943,17.64037033485806,17.810787196324128,18.011680843277823,18.161900667590537,18.222413577379918,18.22241357737992,18.22241357737992,85.03900709219859,251.51590106007066,429.9822695035461,613.9575971731449,795.386524822695,917.7349823321555,1085.8829787234042,1248.0989399293287,1337.8191489361702,1345.7773851590107,1203.4628975265018,1275.3510638297873,1267.183745583039,1230.5567375886526,1164.8833922261483,1076.4078014184397,932.5335689045936,706.5,424.0,141.0,2826.0,842.0,2.1614064909327406,0.49805789474634005,1.0798890323998485,1.360356656282561,1.5067425814583295,1.7178556892802088,1.902671525252692,2.1258354870029126,2.4287320661999368,2.7962205489429555,3.3693640998855927,10.476714104329249,1.3041224561603133,0.589217792314012
35707,20.87023315016127,3.9233778540096504,1.0000000000000002,0.6325458951920159,1.2016165139645771,1.1168630260286132,0.7169838545049216,1.451465832248649,1.0033842385549643,0.6706254936476687,0.9853698383785953,0.8983950718852594,0.9353425316818835,0.6788791141242605,1.0062264119431994,0.6521742025192288,1.1314891905490425,0.9009398542999315,0.909607933876776,0.7795493117437768,0.8714485350255702,0.5662173023624562,0.9043670833492133,0.7802644681723435,0.7897211336138524,0.6230715620416253,118038.0,196092.0,33.833333333333336,168.0,0.0009194345477531318,0.41333333333333333,0.6681609195402299,0.572334498533298,3863.0,19.46350411007718,0.0018996079705897073,-0.00037382284145227895,-5.081572766420174,0.0019479144018565077,0.10841391599508618,0.010038466316747255,0.0008756055439634148,11.139252397726164,14.737471099528005,16.045268238477124,16.895602533865226,17.51609002284713,18.005449249985006,18.409340297877108,18.68395339711618,18.927353018357877,19.218344942541812,19.458163038766948,19.67853129845536,19.87721077765983,20.089566045051118,20.280724907084245,20.467792901776633,20.73811810839599,20.870233150161255,20.870233150161262,20.87023315016126,278.8425287356322,847.0264367816092,1427.4057471264368,2001.3022988505747,2476.1298850574713,2953.8931034482757,3410.998850574713,3578.6563218390806,3555.2655172413793,3729.493103448276,3749.8333333333335,3723.4241379310347,3557.283908045977,3408.522988505747,3167.658620689655,2843.518390804598,2692.0172413793102,2175.5,1305.5,435.0,8701.0,2504.0,2.2220913408739427,0.5255132684932764,1.1449456276302388,1.3661547815541792,1.5812870916966233,1.7730496441541037,1.9907492780342113,2.2078008062319343,2.512539497913812,2.866135068295448,3.587993434013102,8.233933438642092,1.1653970321811935,0.208111026475672
35708,21.548042339196222,0.387339027728193,1.0,0.5715029171575148,1.2898014307883148,1.1909113183074267,0.776509116612667,1.5779014725255567,0.9969937774687949,0.6978346686932261,0.9030422012330214,0.8371687817072428,0.8986818747696883,0.5723058232448637,0.8895571957467667,0.4568822079266917,1.2731304891475317,0.7469550268537567,0.5883797088174956,0.80685043478018,0.8022767632095721,0.43384718170973974,0.9050520908935057,0.6736662511107894,0.558714859140731,0.5735795971119146,33192.0,44212.0,4.545454545454546,34.0,0.0053699284009546535,0.42388059701492536,0.6752238805970149,0.5314498115067944,965.0,20.76087201426766,0.008273340570168307,-0.000670133034023301,-12.345818143745824,0.012633255708339123,0.7142225042965007,0.06842613216764855,0.004602559074435681,11.812598573372185,15.787767784812061,17.043996696284893,17.890152061555217,18.56053787079939,19.10863865235238,19.588913789506893,19.978276066189128,20.30633495971926,20.555428109600676,20.742587409057684,20.91042471727739,21.081620724530847,21.23816444884373,21.354343705277195,21.527820659514287,21.548042339196204,21.548042339196208,21.54804233919622,21.548042339196222,49.538922155688624,161.47619047619048,257.92814371257487,363.7738095238095,456.7245508982036,547.4404761904761,641.556886227545,724.1071428571429,817.1197604790419,909.6309523809524,937.7857142857143,928.814371257485,919.8571428571429,868.3293413173652,771.25,735.7245508982036,586.5,419.0,251.5,83.5,1676.0,575.0,1.7691420309348636,0.4478993857394895,0.8739684062229354,1.0286617777191411,1.1974568659496159,1.310699108608026,1.4371623546421692,1.6257824747496525,1.9225948974774538,2.2763753696108595,3.028674646106094,7.488721828743524,1.1454620415848336,0.782732988276985
35709,19.31238942428525,1.3895199299876189,1.0,0.646767585339966,1.0743204489885028,1.0151136691485134,0.6598484843850837,1.1237659436813887,1.443433304983309,1.16451281505364,1.0799677238694527,1.4219425359468107,1.7648185039613382,0.9610254964050114,1.086575346664811,0.7650812509992755,1.0839728917757656,1.070397709821246,1.1594801975066424,0.9645895552099902,0.9729692771140741,0.6260610390469166,1.0164089809932157,0.9584830809442352,0.9487951459498254,0.9044667946276446,27996.0,47770.0,13.0,82.0,0.002765705254839984,0.39644268774703556,0.6505928853754941,0.5902738147364469,1547.0,19.31045547189965,0.004709197110913392,-8.367252855855504e-09,-562812.8122861543,0.00708413814003859,0.4215648217816029,0.031899461146257184,0.0027802958892316487,10.308512564635322,13.760921034817725,15.12108844296255,15.995294474963552,16.58767112231486,17.102111813636984,17.567646825669986,17.947694693232233,18.237165233802255,18.5003689029623,18.680796678143388,18.8864804700707,19.015876304609943,19.219611839097045,19.312389424285236,19.312389424285236,19.312389424285247,19.312389424285247,19.312389424285247,19.312389424285247,85.00395256916995,234.57312252964428,405.8102766798419,572.8181818181819,732.1185770750989,901.6561264822135,1070.1739130434783,1217.1818181818182,1325.9446640316205,1421.600790513834,1443.2569169960475,1486.8814229249012,1422.3873517786562,1498.7233201581028,1392.0,1139.0,886.0,633.0,380.0,126.5,2531.0,675.0,2.3135752706517154,0.35628527079872174,1.0485381283335355,1.279796471137118,1.5388325014076347,1.76714953346117,2.0220485275366764,2.3150488625121692,2.7150556367202494,3.164365712871184,4.0187503049550575,10.552340271842569,1.5559460124560534,0.672340158920269
35710,23.392905939251143,0.680105429902654,0.9999999999999999,0.766622112704128,0.7750336902310866,0.8431432974284911,0.6235331532009767,0.6000670037882855,0.6073621124352159,0.5359298228254261,0.17085420329582413,0.72035455217116,0.8595049358228521,0.2847252093802921,0.951485793910153,0.9306942743575692,0.5223689289432485,1.12849831910198,1.4926139365320783,0.8705176682695083,1.5448483610669086,1.7053671502916457,1.2500182724208815,1.8322488784273714,2.735006377025751,2.083131157903011,15287.0,21979.0,5.75,46.0,0.007172131147540984,0.44,0.678974358974359,0.5375252626013345,184.0,16.506785564688204,0.06603715192861086,-0.03943438187149494,-1.6746085216653457,0.023295180009588193,0.06771851376709426,0.0170308543259482,0.018716305302049863,3.7835552365315026,7.142494017672341,8.757495876096884,10.12355874346082,11.321861994138573,12.35022150467104,13.30336895251509,13.989666445471473,14.630709998251632,15.342003473327226,15.939792966394567,16.607433815163905,17.25554555478886,17.98351588035279,18.71871720706717,19.404477841259386,20.04294726674075,20.64994230248508,21.58277707568284,22.781750596137048,15.216494845360824,41.357142857142854,62.09278350515464,84.35714285714286,89.25773195876289,110.5204081632653,136.38144329896906,159.78571428571428,167.79381443298968,174.19387755102042,170.76530612244898,173.94845360824743,164.66326530612244,163.01030927835052,159.92857142857142,150.58762886597938,135.21428571428572,104.72164948453609,76.31632653061224,39.724489795918366,976.0,116.0,2.6217568599050365,0.19628986209082908,0.8419085040012506,1.3236876031105824,1.8095569107089693,2.0550981110440123,2.2905637175654205,2.596378389805428,3.202911710827517,3.7867784418458923,4.706535870696577,7.386293829881437,2.3756507829964444,0.321683584172279
35711,27.915247194667153,8.056843617938867,0.9999999999999998,0.5934026904719112,1.287138505637667,1.1826195191692503,0.7631053585760869,1.5676348341632789,2.124973239995651,1.0962428228591496,5.614850591132582,1.7968359269838299,1.4365550058574863,3.5817337486822907,0.784890571041469,0.468316718593791,0.8527956498959749,0.663688158633495,0.6136986371942723,0.5440014672493243,0.8178375097495152,0.48575212474702695,0.9397433555781982,0.6915474474191141,0.636546604329203,0.5994657270293332,388441.0,577461.0,43.38775510204081,290.0,0.000520697734964853,0.43548219121016457,0.6840762341178921,0.5414783468586802,9843.0,26.609368996228344,0.0007497329677636336,-0.00012313149701354174,-6.088880472891347,0.0010340764203670217,1.1612559362401254,0.014355074947918557,0.0005011339320687122,18.498687089041894,22.0676115602595,23.347930518315877,24.180984615637993,24.817632353370783,25.295243519617554,25.703897454450445,26.04267112704216,26.33996315349389,26.584267038478337,26.73840397155465,26.99159178614306,27.200220783493318,27.397707019997593,27.570423932745204,27.722499525960203,27.888381390128604,27.915247194667135,27.915247194667135,27.915247194667135,613.1760416666667,1790.4375,3070.5465903175427,4225.9,5463.788131181676,6539.113541666667,7588.949505465903,8451.098958333334,9165.83185840708,9481.388541666667,8836.119791666666,9047.000520562207,8881.990625,8656.915668922436,8165.152083333333,7419.2451847995835,6545.413541666667,4801.0,2880.5,960.0,19205.0,6391.0,1.917712704032126,0.2614235294156214,0.978773975211827,1.1795970157016462,1.3390027680589753,1.5070779600938822,1.6792087038291723,1.8671406902540133,2.0978868021404504,2.4440596181744656,3.126292628518447,11.710759402561472,1.0760995114273193,0.0604574454412796
35712,18.89107630175651,0.5039423771134658,1.0,0.6132150692111413,1.218371754260559,1.1846270678642261,0.7816135306892085,1.5459320901303852,1.014268610752815,0.3306940450738891,1.1976695998287048,0.8561923311286886,0.4230915050591446,0.774723293134883,0.8963786539420193,0.5242764048229492,1.476431567369303,0.7566758165994871,0.6707616798299981,0.9550429652086331,0.8013861006146286,0.525521272855928,0.7261464821851487,0.6764880884069736,0.672354369802856,0.4697143469762018,20702.0,29744.0,4.5,28.0,0.005287009063444109,0.4414210128495843,0.6825396825396826,0.5426935225612872,659.0,17.875713799664307,0.012513119288722,-0.0013453712007506656,-9.300867509086087,0.013898060411672745,0.39460240042229666,0.03995289748744319,0.005444003544917018,8.429090577395048,12.181792281862807,13.653495056233837,14.63587932488341,15.359406591709886,15.964723075826585,16.465253464436866,16.83706449515518,17.19131999326585,17.467702437606746,17.744793422595762,17.933430314509508,18.151585029322565,18.331979053299243,18.481658952159307,18.65060761700937,18.66261848470602,18.798710030384175,18.891076301756502,18.891076301756506,38.54545454545455,108.16666666666667,171.54887218045113,231.74242424242425,307.2878787878788,387.78195488721803,455.04545454545456,508.6969696969697,567.6390977443609,593.7424242424242,640.2272727272727,628.6390977443609,632.1060606060606,615.2878787878788,587.6842105263158,531.7575757575758,403.6060606060606,306.0827067669173,198.5,66.0,1324.0,402.0,2.074560349302545,0.2142345773123547,1.0607804847224804,1.3658372303175494,1.5255748023936115,1.6902700292798496,1.8212847656739841,1.9826107409804927,2.2576642615684244,2.8137857584915693,3.418007811090297,5.716336514843242,0.9548548116591324,0.870889581018128
35713,39.48235421836075,0.24477269521798745,1.0,0.7542586094795309,0.8740933527457069,0.8790287710107737,0.6521477087183591,0.709408123816168,1.0344559370547806,0.7218925632813631,0.9481592945634822,1.1768169270105744,1.1069464074328665,1.3365498120644341,1.2447684436574349,0.9905020190673802,2.014799508425521,1.4160724707862589,1.518830789138209,2.8401133857717484,1.0930947733555574,0.9278905808651122,0.741194857210214,1.243525592568073,1.4228227262941089,1.044807399756086,47967.0,69765.0,12.564102564102564,106.0,0.002416292716603383,0.4375,0.6795580110497238,0.5416893621843049,499.0,34.6641633268582,0.03987305214283792,-0.010438458285555684,-3.819821955701316,0.013548888647494046,0.10645666106656744,0.022413259039769203,0.005974666980630003,9.911919556326287,19.973747935616448,23.109958595221922,25.04228556997751,26.880530968206923,28.207701247555455,29.26511503438672,30.203022414980786,30.977702403640354,31.690928263778876,32.356128578290964,32.999339027646,33.59838735779083,34.17013624404464,34.73355097998987,35.26319762956702,35.85379843610149,36.546318884880506,37.48835445151548,38.703524292128456,29.19031141868512,79.5,148.77854671280278,182.23103448275862,237.11379310344827,283.1280276816609,330.20344827586206,384.38275862068963,415.69896193771626,448.00344827586207,479.348275862069,457.280276816609,460.4793103448276,462.5,474.75778546712803,402.6310344827586,351.0586206896552,278.1038062283737,221.30689655172415,81.02413793103449,2897.0,347.0,2.451998950059054,0.3474109474560713,0.9566075474577315,1.3300180623108637,1.641262811147903,2.0072383758547914,2.2475260115619635,2.4998654334905037,2.824768468767072,3.427820001639624,4.2974036763027925,7.603642900723719,1.6972372524897195,0.152735506640747
35714,16.026040755335558,3.290973501703801,1.0,0.632223238208862,1.160200379393913,1.1340616707667306,0.7851410756655568,1.3045297180633957,0.5784871551360377,0.43350095464478144,0.2247094036015008,0.5101020253553996,0.5521312896249972,0.17225318863190564,0.796889593363772,0.3610217402184872,1.0558844234193754,0.7026862946747868,0.4598176702351898,0.8093985202474805,0.8769600553302276,0.5331079007368653,0.9769541049646909,0.7732913279198665,0.6789963195912972,0.7488937135253628,85057.0,115425.0,7.215686274509804,54.0,0.0027200791295746785,0.39945584961662134,0.662132080138511,0.5578331875589635,2874.0,16.0020159061876,0.0024851910282683186,-1.2289398273720469e-06,-2022.223523817783,0.0031499053310986287,0.15245745690060192,0.012400841327536266,0.0014867932109045969,7.99826700687259,10.891318550312196,12.053644679581959,12.798425761088078,13.353908291412,13.835371784711846,14.264119491289561,14.62226338616409,14.94121009359519,15.205398305440186,15.49202625401042,15.753009122768283,15.95302497440197,16.026040755335547,16.026040755335544,16.026040755335547,16.02604075533555,16.02604075533555,16.02604075533555,16.026040755335554,141.97029702970298,415.529702970297,700.2518518518518,979.1188118811881,1249.8019801980197,1485.7061728395063,1705.6287128712872,1923.5594059405942,2147.432098765432,2278.40099009901,2479.371287128713,2690.3234567901236,2810.529702970297,2628.5,2224.0,1819.5,1415.5,1011.0,606.5,202.0,4044.0,1256.0,1.7919024168085267,0.1610656116626763,0.6924867310531302,0.9189885760358101,1.091703811451315,1.259228505166205,1.4737010529381949,1.6972878206955115,2.0191722403109753,2.5080505845974876,3.327468685556053,8.683827571075287,1.3366553999649462,0.500691991532221
35715,34.925055767280206,0.2512531264597476,1.0,0.6751875080047249,1.0268252887927047,0.9780896392325598,0.6621746306638843,0.9629679895696995,0.7519958945827102,0.48571403083764364,0.617621299490252,0.7688414889792209,0.7335134998311179,0.6413726169301173,0.9030115365267948,0.6751875080047249,0.7406274501131953,0.9232400593010334,1.0196517304321886,0.7691091065697244,1.1745921209241665,0.8015187553525362,1.4017571841387948,1.2009043688938255,1.210434103385912,1.4556633235183314,13169.0,16319.0,1.608695652173913,22.0,0.015306122448979591,0.4940374787052811,0.7206132879045997,0.4718846785729691,88.0,27.45837544394678,0.27124335725214005,-0.11642840103250415,-2.3297009565253335,0.059069510461363633,0.1491603731391782,0.055585411547102705,0.03867930004574344,4.4245789436002125,9.12561333016934,12.117063649743383,14.558699144748498,17.685059132108258,19.28859765568692,20.560930403705147,21.759390682417404,22.78956688512444,23.938624132030913,25.02802367159865,25.9610155410577,26.661697064957718,27.52169467997035,28.33136150331787,29.39385108881671,30.746212744869375,31.80138317682598,33.09400983862961,34.60005841720559,8.637931034482758,14.932203389830509,25.93220338983051,21.677966101694917,23.086206896551722,38.847457627118644,54.932203389830505,60.779661016949156,57.12068965517241,54.28813559322034,62.13559322033898,73.47457627118644,77.98275862068965,79.9322033898305,65.10169491525424,53.932203389830505,53.91379310344828,57.47457627118644,36.94915254237288,21.135593220338983,588.0,85.0,2.1687793902962094,0.6004519648840496,0.852411716254843,1.0686326210115693,1.3523522177911445,1.464584777353702,1.770408390758368,2.1606409730539538,2.488265552866273,3.104541681178926,4.061542968704881,6.2478488682209115,1.6081125993059104,0.488884937581606
35716,44.613995688411244,1.691725430940852,1.0,0.7266943183280944,0.9473851880353643,0.9724029134709707,0.6367162455639274,1.0516560317898525,0.9791522660271448,0.6950382740797649,0.759081542452312,1.0069409012073836,1.091598147404238,0.7217964044388191,1.211310551824679,1.0254468905526388,1.1713165174090803,1.2456879088329063,1.6105241505883365,1.1137829119047349,1.0122634979590839,0.7868482607824573,0.8107137334617627,1.040991839839138,1.2357910863190884,0.7708924866640843,65486.0,83022.0,10.130434782608695,114.0,0.003064798598949212,0.4384581690757775,0.6727989487516426,0.5514927387355383,586.0,39.725625957895815,0.02778039891302288,-0.008927676058559143,-3.1117167256969696,0.018800819210455715,0.48775278778654974,0.07943900777713794,0.007111579373421969,19.33758177175573,29.63109192454477,33.017369438065764,34.961666522451935,36.20691976761338,37.08217650206084,37.83946072148964,38.47013409300365,39.051083827890324,39.52625442977816,39.861439638601745,40.19181496390895,40.568588646361725,40.95227216527807,41.28502504557688,41.73152186985558,42.24196697283285,42.729062192616844,43.28621768595642,44.42633593536265,24.210526315789473,82.20175438596492,143.50218340611355,210.55263157894737,269.9035087719298,327.07860262008734,388.5701754385965,469.6578947368421,524.5065502183406,569.078947368421,559.9035087719299,529.0,513.5175438596491,488.82456140350877,439.89519650655023,378.2368421052632,336.86842105263156,261.3755458515284,174.26315789473685,92.14847161572052,2284.0,373.0,2.6865414252862845,0.22221449956383416,1.3822601139359743,1.7806160240084261,2.049188699994779,2.3097512253171946,2.5299562383699477,2.731651083537853,2.9926942656270366,3.4492494725154548,4.181048035890125,7.5089308300550535,1.3912053982824948,0.297000067592599
35717,22.423885697334384,0.3437968793677902,0.9999999999999998,0.6240086263416792,1.1886357085831338,1.099456232796256,0.7420916297967011,1.3100828127150406,0.9491627012670794,0.6632264656699486,0.8831191349564271,0.8633019423184005,0.8937258406372837,0.6740941308330228,0.9523512229320305,0.5834330286626781,1.0903587934649444,0.8662020319898572,0.7862007941290375,0.8322823434384763,0.8963728880088528,0.5311981216805169,1.0451325104853397,0.8152874678140669,0.7158120376941063,0.7977606456185676,345697.0,486129.0,26.035087719298247,154.0,0.0005845294537896993,0.4146531566640686,0.6710184463497012,0.5525016880776951,8205.0,21.761704065281975,0.0009284739366096775,-8.21295334668827e-05,-11.304994651942938,0.001434144506233216,0.0762013373582911,0.0070334246569659555,0.0005243504114211691,12.125588399134033,16.192651497555058,17.674323229424903,18.62924411186078,19.336252122122634,19.872339993053732,20.311660266581676,20.671780471184153,20.980693812028743,21.218676947626545,21.448218871271433,21.64910742914805,21.825238784003677,21.888298854627372,22.10419960169296,22.256175166786182,22.401666783673857,22.423885697334377,22.423885697334377,22.423885697334377,425.07277452891486,1283.7467532467533,2174.2378167641327,3091.3246753246754,4001.961038961039,4908.173489278753,5817.42987012987,6672.966233766234,7400.595191682911,7730.763636363637,8021.822077922078,8079.304093567252,7959.075324675325,6865.407792207792,6655.803768680962,6027.461038961039,5271.3,3849.0,2309.5,769.5,15397.0,4532.0,1.9584642557508614,0.1266509262754244,0.9335371757085296,1.1179867777296861,1.2903250630955532,1.4649586213002155,1.6604658001152606,1.8782277838844341,2.149671715216726,2.5521049455940954,3.4216109903323595,11.985401798581998,1.30513196854381,0.114524970082566
35718,20.015125897725962,2.6139078773390847,1.0,0.676250162945903,0.9632834372839659,0.9893245610688927,0.6397418180717773,1.005218490011619,1.250873563387923,1.000350847255246,1.1255240231467218,1.2643712817929496,1.5636790014296194,1.1196809791408755,1.0396815155923733,0.7297220589923878,0.8608849391480711,1.050900337973085,1.1406508663007473,0.8564157421518583,1.0003840563208974,0.7023277225956308,0.9259819150001474,1.0111788342139771,1.0978299413230346,0.921174773644926,18183.0,29477.0,12.222222222222221,68.0,0.0044444444444444444,0.3742058449809403,0.639135959339263,0.6045339188985426,626.0,18.526030012455852,0.014869806997195863,-0.0018289822534924018,-8.130099113210251,0.011055411702914152,0.24439231444198922,0.028288104639518856,0.0050336137865846665,8.158632665936443,12.197088071161556,13.655423545073212,14.709424570941435,15.472235202070362,16.066262971698233,16.5310795218868,16.958536923452492,17.29770857586825,17.59407032809656,17.95602307802396,18.30397168967536,18.53609519120572,18.741057557800755,18.93035080033815,19.241266539668995,19.44541766313746,19.445417663137462,19.48378843249861,19.945165282418195,39.77070063694268,122.82165605095541,199.29746835443038,267.68152866242036,346.94303797468353,402.859872611465,450.5886075949367,507.69426751592357,538.120253164557,536.1847133757962,573.0191082802547,609.0569620253165,606.108280254777,582.5,542.3312101910828,552.3987341772151,499.0,341.5,187.71974522292993,76.42405063291139,1575.0,275.0,2.5676142043035077,0.37174651497908395,1.176573750484916,1.4947402951489914,1.728825939220072,2.0277287182371975,2.2448548035640847,2.4976234409505405,2.924243836264252,3.55756420105663,4.732656569615371,6.963026519172044,1.7695904230620108,0.654500215242151
35719,26.60774103392701,5.504521590198532,1.0000000000000002,0.6181945388934904,1.1714952013279318,1.1023225518639357,0.7378219472192085,1.2937189598962275,0.7488707605384024,0.44018542728284643,0.8156451937651713,0.6793571983736741,0.5966011568805589,0.630465517665905,0.8796521761644429,0.5239875714812848,0.9638833864387435,0.7979988930436235,0.71018160066416,0.745048512326092,0.8986881537622337,0.5251211476266754,1.0314918387638825,0.815267865329097,0.711717982374765,0.7973075070698671,2932750.0,4079332.0,117.48648648648648,744.0,0.00011099087100086017,0.4152299382145103,0.6717414628732102,0.5526777251096694,54042.0,25.774188458762012,0.0001406788304974327,-1.4648504862475962e-05,-9.603630665256473,0.00019519053094572936,0.06708642534936504,0.001886909439583526,8.586001876747716e-05,16.6012446889032,20.302677775466446,21.729697425831787,22.65396530802631,23.33713415095556,23.87980577779971,24.327488181771244,24.705020737560314,25.016344030899837,25.286251530612418,25.530887171922394,25.745929563995734,25.928004600824906,26.09728311453838,26.215204797320325,26.348066903062904,26.519072715199773,26.60774103392698,26.607741033926985,26.607741033926985,3062.3351216353713,9330.364594894561,15545.390250670613,21784.36533481317,27875.8098409175,33871.10341319027,39700.08731039586,44804.84517203108,48808.555915271485,51375.06455789863,53200.5162782094,53804.3967255573,52670.03792082871,50492.49963004069,45207.51623346591,39816.19644839068,34964.18017018128,27029.0,16217.5,5405.5,108117.0,30830.0,1.95593202042937,0.10747457179143585,0.9059898080918096,1.0904125095065507,1.2558667116370916,1.4266050821246363,1.6130241988702625,1.8464488750734789,2.1512259361513784,2.649030183169501,3.5078751891158744,10.33668417321844,1.343938396544914,0.0106596195488237
35720,22.167213158164714,1.7550005488179494,1.0,0.6720094096322108,1.1141233294731836,1.1005467232071469,0.7237189276034299,1.3274080743740964,0.9183229573144505,0.5988394128510522,0.8875140223032103,0.8344243256100288,0.8274474937861417,0.668606767908726,0.9400004216450082,0.5823208889868566,1.178049885822365,0.8541213215425472,0.8046229921265041,0.8874813319015276,0.8953136370542838,0.6229990556605405,0.8523059382047288,0.8135171530430029,0.8608301260319116,0.6420828339518808,17332.0,25452.0,7.0,44.0,0.00516795865633075,0.4017241379310345,0.6551724137931034,0.5710350294665439,505.0,20.81341122012368,0.01810936274971817,-0.0026311537889881515,-6.882669810297325,0.017596735008057553,0.5574263083519096,0.06066475917268616,0.006992962782562058,10.1968014504017,15.18155309640853,16.492328100978426,17.356914722867305,17.997533966296643,18.57106991114943,19.05645398649596,19.45233848901388,19.827594376472202,20.167389659190075,20.47239121532647,20.797924782242756,20.99431516721763,21.220658748661663,21.37757797263237,21.609242406463675,21.653065169274207,21.86837263907655,22.124679084866642,22.145440491151486,28.586206896551722,93.84482758620689,146.81034482758622,213.13793103448276,258.87931034482756,318.8965517241379,353.67241379310343,382.2931034482759,428.2586206896552,461.62068965517244,466.2586206896552,489.6896551724138,483.05172413793105,478.1034482758621,437.67241379310343,410.63793103448273,308.86206896551727,237.77586206896552,174.5,58.0,1161.0,259.0,2.2638003795512445,0.46861978317355324,1.3102892710415388,1.5589037390990987,1.746573449650342,1.992295409467506,2.1084620865534927,2.28214377035901,2.4934701623119837,2.858088170928451,3.3563463152109163,6.2612870667702545,0.7672778558445296,0.975569583054166
35721,19.958394878618805,0.4919569102979492,1.0000000000000004,0.6894529935130582,0.9029398644673289,0.899668930219795,0.631108826368704,0.7461846335363561,0.5404280644178818,0.4453153201880471,0.1397282311857691,0.6006965965645292,0.7056078152960051,0.18725691324352522,0.9791785288279938,0.6919277737250086,0.9263423795742564,1.0883765082215011,1.0963683992604678,1.241438563514887,1.4104586085267774,1.202003058497687,1.232997360423583,1.5677529379415083,1.90458920597548,1.6524025087197245,7228.0,11350.0,6.296296296296297,48.0,0.009478672985781991,0.43037974683544306,0.6693037974683544,0.5570411422310217,137.0,14.66281706562087,0.08777498017424956,-0.042476872328268286,-2.066418155647384,0.030801325899241856,0.09374924183569107,0.021375867031909326,0.024243446393390607,3.8505258462879133,6.332723897657954,7.478013410191325,8.310596862514146,9.156375627713688,9.891287361588265,10.822070875122753,11.569737329406124,12.26420153118791,12.915589059178387,13.489428138131556,14.174144095130114,14.724652848540542,15.18699720822103,15.585326333322895,16.257254188606588,16.93680354867131,17.676151675853934,18.599683694143952,19.297170072878117,13.507936507936508,36.666666666666664,57.34920634920635,70.625,81.01587301587301,92.52380952380952,97.36507936507937,103.59375,116.68253968253968,119.42857142857143,117.76190476190476,126.28125,133.20634920634922,124.65079365079364,115.46031746031746,111.5625,91.98412698412699,72.57142857142857,64.74603174603175,28.125,633.0,74.0,1.9156819164204046,0.5476529135322592,0.8268724529681368,1.0555107104029031,1.2795436032745537,1.4167113648752203,1.6871670466569184,1.8421425972974632,2.43686597981879,2.7007287287400903,3.237330570065754,4.868076988384096,0.977124639007575,0.477404642591719
35722,13.085012505358113,2.441304947922602,1.0,0.5956322688520044,1.2283308255970455,1.1193713341182443,0.7113464624521149,1.3916602510157685,0.6731595449345602,0.40431230587566164,0.5208240902539945,0.6013728638716875,0.5683760687892342,0.37424658056723725,0.7947324284717099,0.4410957180167723,0.8073702619836511,0.7099810440453522,0.6200856281709072,0.5801489705510767,0.9023258811428156,0.5244425389949432,1.0900485253420893,0.8061005795307412,0.7372533170223597,0.783272012365422,38602.0,55844.0,7.3,48.0,0.0034231921266581087,0.4233732876712329,0.6742294520547946,0.5522108378536971,1529.0,12.849766689856205,0.004343201668460247,-0.00010542503672507682,-41.19706099592143,0.004556381659861093,0.07008775218566655,0.012892142611740154,0.0022527273708706635,5.16306258913888,8.063149591225413,9.23631374660901,10.071882724761492,10.662114986692869,11.148836991316282,11.542220165237081,11.854654460938137,12.119441427166201,12.367462059386161,12.576255263874707,12.743624562646298,12.860962019679686,12.96487861609922,13.084691426534052,13.08501250535811,13.08501250535811,13.085012505358113,13.085012505358113,13.085012505358113,91.78540772532189,262.3974358974359,440.7424892703863,596.8504273504274,768.6452991452992,924.9527896995709,1085.576923076923,1231.3974358974358,1320.7510729613734,1409.2350427350427,1453.405982905983,1490.4034334763949,1440.9786324786326,1351.8675213675215,1284.0901287553647,1051.5,817.5,584.0,350.5,116.5,2337.0,792.0,1.9365576943091938,0.28081754715122154,0.8250599511861842,0.9907417109676013,1.1604974571131534,1.3713205388590126,1.5555898744069263,1.810263314961591,2.139260358265081,2.623875632423157,3.6881819022436924,8.304999862264665,1.5767600020971835,0.646375385418069
35723,12.930487501813717,0.19640067562232355,1.0,0.7341456273396706,0.9827658652658828,1.1065690898247271,0.7190013930060137,1.4205659443534746,0.5833309035604315,0.42308791515049443,0.2706960934874009,0.527152718184842,0.5884382412412874,0.19055510556435284,0.8439561418847099,0.7146162958815472,0.36614954616676365,0.7626782183283167,0.9939011284719028,0.25774906657600116,0.9733240854061364,0.763814457038349,0.6289815993820743,0.8795872705610313,1.0623268111414639,0.44276832193688503,6534.0,10500.0,5.04,34.0,0.009708737864077669,0.4100486223662885,0.6564019448946515,0.5707330554588596,206.0,9.0681845501068,0.03743230428775718,-0.019402143959113542,-1.9292870090356453,0.02063871446708492,0.07380619775011166,0.02095401626629707,0.011870021592625514,2.2876497062523264,4.820188676345564,6.23253842202847,7.171661062427331,7.85833719108,8.423705240560436,8.930909252424376,9.244346398485003,9.5960274910418,9.965681709525667,10.409255233837948,10.708322995369201,11.05656457519411,11.34138927618186,11.615950516512822,11.966732176208506,12.320820823930116,12.614013079830503,12.869088839869415,12.93048750181371,21.081967213114755,49.33870967741935,79.14516129032258,111.04838709677419,138.14754098360655,160.24193548387098,189.53225806451613,193.6290322580645,186.49180327868854,192.40322580645162,194.01612903225808,186.20967741935485,186.8360655737705,182.43548387096774,166.33870967741936,166.6290322580645,155.08196721311475,128.24193548387098,89.62903225806451,30.5,618.0,138.0,2.371265059511713,0.4548894595720416,1.4355332313156162,1.6651321218827637,1.914896777093741,2.073985259612066,2.2218007150690533,2.404066157321958,2.6618222491272556,3.0188496075806888,3.4551945978737018,5.24220975783659,0.897985728225347,0.96726826381404
35724,30.18223744384944,12.258581889931143,1.0,0.6225311512282029,1.2243908969152413,1.1147070734102378,0.7561207302786466,1.37060162859141,1.8680301477191172,1.894589336052295,0.08825905703232943,1.6758036189760852,2.5056704044526046,0.06439439089462831,1.8909232020940638,1.1097065687630094,5.788463047232398,1.696340901748419,1.4676314566247364,4.223300867649849,0.8623461451441501,0.5267525820943986,0.927106875355104,0.7736078524252684,0.6966514221879343,0.6764232990937762,40690.0,59796.0,8.05,52.0,0.002736512900703675,0.42588971450919044,0.677356276886977,0.5561320218909444,1581.0,29.895484139712515,0.004692918227746022,-0.00017215843395250238,-27.25929900733631,0.007009642375408016,2.0562322913151223,0.1829826876812013,0.004001930648195975,20.276115205976442,24.804646216653282,26.059416732627582,26.840341183165688,27.48324353609777,28.00124689307446,28.37654593483139,28.692355648817237,29.00115500889995,29.273881976901386,29.50753679368673,29.7001849635733,29.882621811604963,29.975807341968455,30.042766602769433,30.095794883526636,30.182237443849427,30.182237443849427,30.18223744384943,30.182237443849434,71.52549019607844,238.90625,404.1171875,579.796875,752.1333333333333,927.9609375,1075.6953125,1196.1796875,1326.7254901960785,1438.2890625,1514.1328125,1544.1796875,1551.3333333333333,1425.7265625,1270.0625,1064.46875,895.0,639.5,383.5,127.5,2558.0,780.0,2.0357276266353193,0.39515194600480674,1.0712483401248245,1.2420432051870154,1.4003255530813106,1.6220297041874794,1.7901792032584125,1.962000308345611,2.2162142593467475,2.645412875939001,3.2638918549631173,12.153368531433964,1.2790698532545797,0.553291137914639
35725,17.62367703096451,2.349171529077389,1.0000000000000002,0.6534962063587394,1.1513513851271477,1.0903446047226377,0.7398040268564597,1.3207804727275259,0.6531564348694262,0.3602633208212173,0.45340767771922635,0.5990367009112467,0.48697128934541106,0.3432876901813216,1.0095457911150172,0.6563295147811907,0.9343587278153649,0.9258960761050639,0.8871667238282482,0.7074292413529051,0.9023834345333839,0.5827606280934837,0.9740565444754451,0.8276130597839134,0.787722973839062,0.7374855735593472,22867.0,37787.0,11.548387096774194,68.0,0.0030211480362537764,0.3808564231738035,0.6503778337531486,0.5951698362533681,1013.0,16.788787534217988,0.008185459652606766,-0.000538519945958881,-15.199919174826205,0.007694964988356232,0.24449048416080302,0.03040774117413426,0.0033156602308175454,8.443023432037988,11.969680146605873,13.152020790763345,13.853502628758655,14.438063451107938,14.87766269758427,15.183429779285289,15.445065699374425,15.87121612487103,16.203369636335516,16.54517181016609,16.845077849857248,17.035758967986716,17.25494526908742,17.467765346356252,17.60842440422308,17.6236770309645,17.6236770309645,17.6236770309645,17.6236770309645,68.42929292929293,206.06532663316582,347.9040404040404,450.8040201005025,555.7424242424242,646.5075376884422,667.479797979798,658.4623115577889,769.1666666666666,863.3015075376884,932.1407035175879,993.1464646464647,969.5527638190955,977.2676767676768,962.0,882.2171717171717,695.0,496.5,298.0,99.0,1986.0,532.0,2.243873822816375,0.43990147643011324,1.0559317221240492,1.2908854497430486,1.507982337523526,1.7766551930667918,1.9803919124937441,2.2166279011280254,2.602371672397525,3.0921551878321125,3.8607677011812758,6.87570452376242,1.2680962111626506,0.433606435719412
35726,21.90355286524227,2.779880145521506,1.0,0.6558854759531351,1.0557521405457928,1.0665529982230613,0.7091597418057716,1.2253579877784768,0.83479122759879,0.8269616606451631,0.2986969097106161,0.7827001836660722,1.1661147861262204,0.24376297595459526,0.8397376651765658,0.5777992289110846,0.649308104716424,0.7873379631163356,0.8147659756316727,0.5298925793054099,0.9428353439670513,0.6221710819849572,0.9003596850452146,0.8840023379408892,0.8773355921201752,0.7347727717330421,70300.0,106470.0,19.435897435897434,134.0,0.001389854065323141,0.3927247451343837,0.6492122335495829,0.5838216060202678,1947.0,20.79368674089331,0.0042474235898497005,-0.0005086473731118789,-8.350428635587317,0.004430878758044662,0.5115657043222464,0.019258179364321875,0.0018605884216357598,11.85842615024002,15.238292838935633,16.530289221124338,17.468544409658435,18.143527462370844,18.663690799361245,19.06761595855249,19.416131455976895,19.78781318954029,20.133027649989238,20.428867902487482,20.712867005748762,20.924288995850347,21.147687627854847,21.396999909452557,21.448601617255584,21.549819291478435,21.698707297826754,21.903552865242258,21.903552865242258,129.87238979118328,387.537037037037,623.9907192575406,850.3425925925926,1081.638888888889,1285.1113689095127,1395.1712962962963,1488.375,1618.8352668213456,1756.8564814814815,1818.0,1917.2041763341067,1875.587962962963,1850.7453703703704,1861.3039443155453,1511.5,1209.148148148148,900.6055684454757,647.5,215.5,4317.0,1046.0,2.331345429643748,0.17363518904852202,1.245126843072546,1.5103767773161199,1.7184886801657158,1.92515090537175,2.1077812595115826,2.3683517734373782,2.6548657909917304,3.0661993029005075,3.639724894824973,9.506153590224192,1.1255461150316866,0.221449491393287
35727,20.834456858068076,2.9120992052289565,1.0,0.7159154347979257,0.9688869752707401,1.0483987695464434,0.6791019880624825,1.2360406298690152,0.9074112426406777,0.8315059479052201,0.41898673573890705,0.86552108701276,1.2244198404978244,0.3389748893475351,0.9855616379378055,0.6281808541254056,1.1679048923257702,0.9400637110287506,0.9250169564628167,0.9448758107972022,0.9458229733223884,0.7494474751922569,0.6016366514531888,0.9021595606522591,1.1035860421060968,0.4867450445516059,9206.0,15832.0,7.52,44.0,0.006586169045005488,0.42527472527472526,0.6615384615384615,0.575165310603867,291.0,18.637424876024454,0.034681356725230726,-0.008858448187344034,-3.9150600637682333,0.019694898519603425,0.21519823515887992,0.042804785401297764,0.009624883644145267,6.719700578015407,11.854567279603195,13.397555172613973,14.250341570352182,15.03587502911648,15.783214319681077,16.383152258526366,16.87073384666655,17.27706936282247,17.587370104017268,17.9381280231442,18.26381499418389,18.628655272859255,18.86476969322132,19.197017093674123,19.59244256148721,19.932420790436158,20.14770340177019,20.569548126534887,20.824264218688562,19.373626373626372,54.43956043956044,98.16483516483517,133.23076923076923,165.0,193.0989010989011,218.0989010989011,252.02197802197801,274.34065934065933,262.5934065934066,263.9230769230769,268.989010989011,276.6263736263736,254.94505494505495,229.06593406593407,236.52747252747253,214.2967032967033,159.8021978021978,118.01098901098901,45.108695652173914,911.0,160.0,2.425908097795022,0.7515434592963232,1.451518432539224,1.7517463433108504,1.9224694090414625,2.1433264181181113,2.374060245020191,2.5818184025351263,2.7717968358972995,2.981921549042755,3.388176560161251,6.135284605027729,0.6808586236184012,0.697407314830925
35728,15.669937457515093,3.1691817405537352,1.0,0.6824946510145501,1.050421193728143,1.0492754843707512,0.6681748226938715,1.2594233884150383,0.9079065006764065,0.6239431759312862,0.5503142119955344,0.865269906902358,0.9338022845813658,0.4369572750972133,0.95410471687315,0.747895470607856,0.778310632546411,0.9092985884877746,1.1193110623243416,0.6179896607493537,0.951238897418637,0.6855342102684809,0.8532640128247295,0.9065673520325249,1.0259803078251615,0.6775037058018646,7673.0,14509.0,6.714285714285714,42.0,0.005263157894736842,0.3761854583772392,0.6396206533192834,0.5988728065439166,503.0,15.66646404393478,0.0168270439267763,-1.3120864205751123e-07,-128246.46046866859,0.013172556076882358,0.2563828089161809,0.03976458985698323,0.006508281664933054,6.379035251933538,9.799005131201083,11.086437913859692,11.913731230481668,12.558123246013716,13.08474792186661,13.44235941316964,13.807059880160036,14.116938264394618,14.418774379816112,14.756288131832626,14.990991790481049,15.128802523386812,15.371918563715973,15.597031529179192,15.669937457515084,15.669937457515088,15.669937457515088,15.669937457515088,15.66993745751509,34.797872340425535,91.23157894736842,158.0842105263158,214.6,269.4947368421053,315.7157894736842,332.65263157894736,357.42105263157896,364.5263157894737,390.53684210526313,447.81052631578945,469.0210526315789,446.37894736842105,472.13684210526316,489.57894736842104,427.0,332.0,237.0,142.0,47.0,950.0,251.0,2.5029314377962324,0.5682210327638959,1.3118631097384141,1.5932194995708566,1.764885731505697,2.051252132272321,2.2765024205407287,2.6013302773036524,2.962475020488473,3.380508646951485,4.03779725372501,6.514249030288738,1.1713776546382342,0.925750418868847
35729,31.09682375388676,4.976785339962725,1.0,0.7633887942402291,0.8859752751399447,0.9806489338395242,0.6614646077509275,0.9944345460368295,1.1770116854906973,0.8987838117474132,1.352077360199117,1.2002375619604828,1.3587783854428799,1.3596443985052808,0.9619611990601739,0.648368167743538,1.2818599742267252,0.9809435016604948,0.9802008454361311,1.2890340337987924,1.026394776486092,0.8421973583940427,0.6971016536590049,1.0466485416625697,1.273231172953655,0.7010030538834351,23639.0,34225.0,8.363636363636363,76.0,0.006122448979591836,0.427501701837985,0.675289312457454,0.5647057187300648,431.0,28.82015149093422,0.027841762286928414,-0.005064437446708246,-5.497503440391952,0.017780829417238964,0.9840204379253923,0.0549739706694887,0.008142387267352573,14.798205259330258,19.41632384075418,21.51326703422988,23.20312984217147,24.365312299274187,25.20598053511775,25.946585956590503,26.54782273563034,27.091744108227306,27.486387023620406,27.886869787153056,28.256688799511004,28.59399758439167,28.953965466369542,29.314239427163372,29.631063221589727,29.93620620816822,30.123097577824336,30.47562652835666,31.061550481837493,28.746575342465754,74.10204081632654,114.89795918367346,152.68707482993196,193.89115646258503,227.01360544217687,268.13605442176873,328.6734693877551,369.15646258503403,386.8095238095238,400.4625850340136,412.7687074829932,409.9183673469388,409.5986394557823,396.5986394557823,373.3673469387755,337.59183673469386,246.59183673469389,153.78231292517006,70.79591836734694,1470.0,269.0,2.7598866578870114,0.45335670287030805,1.3233683331349606,1.73481630299367,2.06499176448913,2.3392790625852404,2.5951666056282976,2.811856218485851,3.103391647004528,3.605766169119745,4.4547302407119655,7.003222262585494,1.5960719812294026,0.33876845613122
35730,19.340402099971406,0.9693518855495211,1.0,0.6289125359776048,1.1736865787686,1.1226492744045702,0.7511643493554988,1.4571015307311115,0.6602833835162791,0.3952318487037963,0.6077854243917911,0.5881475172791428,0.526158954485668,0.41711947422554024,0.8744006794523433,0.5511382690883371,0.8316669550845793,0.778872528925926,0.7337119627165684,0.570768019622685,0.8791987618642522,0.5447151382057872,0.8643252317549458,0.783146421513131,0.7251610631856455,0.5931811981017302,30956.0,49476.0,10.628571428571428,74.0,0.002953586497890295,0.42296327564373154,0.6779231743351625,0.5540844091357693,1300.0,18.325202231419606,0.005514991775930235,-0.0008064011698730418,-6.839017578308455,0.007754770035636085,0.42395655236711355,0.030950015039238266,0.0030062172185358746,10.062176171895468,13.43404988135168,14.742498112147157,15.626690586318071,16.283703739415,16.771491657492298,17.162945328555516,17.50357140864077,17.79520495756086,18.033062697164144,18.276723405344633,18.464202274937627,18.574742823393244,18.804845335984606,18.920867538773454,18.920962378941116,19.12616328940932,19.340402099971403,19.34040209997141,19.34040209997141,81.94915254237289,217.63713080168776,361.337552742616,523.4430379746835,674.8987341772151,840.2362869198312,982.8227848101266,1088.6835443037974,1170.223628691983,1215.6540084388187,1268.5274261603377,1246.776371308017,1135.565400843882,1119.2911392405063,1021.0,784.084388185654,685.6835443037975,592.0,355.0,118.0,2370.0,734.0,2.1436953417947087,0.48518181670743815,1.0541874378548373,1.3072080435727846,1.5224635581343846,1.6946202209222154,1.9216944777119913,2.143496281179779,2.4165438884788943,2.714899605473581,3.4594661177902783,8.20035967538939,1.1950871825819234,0.7514212566684
35731,23.865105009078277,3.907456023660088,1.0,0.6681023236314318,1.0752080476220114,1.0397408171278733,0.7047875643736401,1.1653517912896638,1.1240638901550142,0.7244782874108816,1.0466682774004141,1.0811000892126854,1.0279385222336337,0.8981564925060905,0.9921707502719413,0.6624130177168562,1.0404900694603967,0.9542481490845603,0.9398761431120837,0.8928549106265277,0.958097200408091,0.6372255008092149,0.97847940888747,0.9214769533187026,0.9041384000234609,0.8396429440457742,305483.0,547233.0,88.5,448.0,0.0003357535568892433,0.3867203894904726,0.6468563753882314,0.5978680486203798,12350.0,23.114900018038867,0.0006395752065881749,-4.633276789475178e-05,-13.803949896561674,0.0008376416093938634,0.12336259214235451,0.006639806530726699,0.00035238094641897575,14.471975559063194,18.039886568351825,19.373525727957826,20.2024026317829,20.78397334238008,21.191669546956724,21.56132450181967,21.976557569058237,22.335551814490103,22.635031362139543,22.87512140743413,23.113056168974484,23.247572609349948,23.46210703641555,23.642774296030737,23.850655903271324,23.86510500907826,23.865105009078263,23.865105009078267,23.865105009078267,786.8123425692695,2401.1535879143935,3985.363140218304,5521.999160721779,6836.611414183802,7425.075146935348,7888.663029794377,9206.806966009231,10486.432829554995,11378.564834242552,11689.481745698698,12084.041561712846,11204.392782207302,11203.185480486782,10788.484047019312,10559.93033990768,8339.0,5956.5,3574.0,1191.0,23827.0,6222.0,2.38937050707243,0.27234763357516856,1.1475992366477035,1.4373305227198798,1.684935041719013,1.9272076437596806,2.1591729016414325,2.4297757906501998,2.7336830642951155,3.1891533991082817,3.8914567800867834,10.301323340508004,1.4026126518596318,0.0612426027865149
35732,16.413634463553276,2.38001121934567,1.0,0.6267754929685013,1.1935370168583241,1.1391114833649862,0.7381001889467961,1.4571457962869665,0.7250255906165006,0.4054834182321363,0.6879734479923729,0.6364834357342642,0.5493609462568021,0.4721376884491833,0.7164129818263879,0.4188251811991014,0.6726902978803994,0.6289226228411569,0.5674367619343493,0.46164927325358834,0.8795639234408565,0.5613519469319534,0.9163909225777793,0.7721491147140273,0.7605362460792121,0.6288944626631635,87914.0,138646.0,16.40909090909091,96.0,0.0012050266827336891,0.41115702479338845,0.6694214876033058,0.5665634074372732,3559.0,16.16277105663988,0.0018963637040893006,-3.507416949902868e-05,-54.06724467536764,0.0024162574456280312,0.1266024560497696,0.008703850470821532,0.0010622198718423504,8.346585467413524,11.19315810655266,12.37055008905757,13.138586013269952,13.758501321703477,14.23238818251218,14.611939826920908,14.94792955208746,15.233433004771058,15.483903893870385,15.71764342391636,15.945198909821306,16.135130172463427,16.28195200000683,16.410588805312308,16.41363446355327,16.41363446355327,16.41363446355327,16.41363446355327,16.413634463553276,216.6344827586207,637.5283993115319,1036.1015490533564,1410.223752151463,1783.5576592082616,2119.776247848537,2469.4206896551723,2782.070567986231,3003.156626506024,3170.8072289156626,3374.6230636833047,3499.299483648881,3503.817555938038,3397.293103448276,3186.8072289156626,2614.0,2033.0,1452.0,871.0,290.0,5809.0,1753.0,2.0310650192068325,0.34712093858409004,1.0048254584740621,1.2297610217044617,1.4244926797652613,1.609019801743676,1.8081077644542858,2.0059563409722476,2.248743706232511,2.629117029279158,3.380281095326806,8.848382129002754,1.1219802916223836,0.287056165186223
35733,44.99214196783091,1.079954292047923,1.0,0.7439291202810463,0.8647492591481262,0.8893746784541872,0.6348391530660275,0.7778701491962188,1.1403481898065257,0.9047140760703903,0.8924709424762944,1.282190979159147,1.4251075594518257,1.1473263801143339,1.085077948551288,0.8767890863813678,0.9630653861206994,1.2200459208454761,1.3811200556027707,1.2380798866184088,1.1129204398533035,0.9162312156444921,0.9233232336519631,1.2513516145834722,1.443249382492321,1.186988901175913,21112.0,27844.0,4.195121951219512,30.0,0.00508130081300813,0.4211597151576806,0.6744659206510681,0.5681953078014939,228.0,39.656081676651965,0.11505909040788029,-0.027473891526291934,-4.18794295295849,0.04467160496010477,0.21389333591182255,0.10256439574609696,0.019597136092808182,10.437659810112626,16.015941482017567,18.666385237974296,26.183115682057895,31.3829144921013,34.05473897449555,35.5487248541009,36.71765472563255,37.669970764481434,38.44257892340786,39.109207560346334,39.60867022900423,40.01929761128932,40.51337492415659,40.97533315392708,41.48220307471207,42.22364311721678,43.058254201016695,43.86677881751506,44.94552578363166,16.418367346938776,30.5,32.85858585858586,16.846938775510203,36.47959183673469,64.24242424242425,99.54081632653062,120.8265306122449,146.57575757575756,167.94897959183675,197.74489795918367,215.97979797979798,199.66326530612244,199.72448979591837,170.07070707070707,131.76530612244898,108.4795918367347,97.13131313131314,66.41836734693878,44.55555555555556,984.0,128.0,2.4516938826884425,0.16053041766323345,1.0841732991145485,1.424133950537213,1.7594015044615197,2.12839456564996,2.490901898215256,2.7504919844358855,3.03893424316806,3.2937209610943285,3.80562470610047,6.202605869134532,1.1998160554030728,0.490582836468238
35734,22.16087959318107,0.8298352530806339,1.0000000000000002,0.6874921103994515,0.9077450435291551,0.8345774333626599,0.5855172155419953,0.6190127650704075,0.5460594577548201,0.44714762677382985,0.22137892678160292,0.6542945398782832,0.7636797260690602,0.35763224811110794,0.929946269028154,0.7067741191606186,0.676813051636868,1.1142720038346068,1.2070936607839609,1.093374950934794,1.4227347764633436,1.0444374013528681,1.477562575920772,1.7047366961875472,1.7837859820843431,2.38696624576508,11389.0,16949.0,3.9444444444444446,34.0,0.011002444987775062,0.4357405140758874,0.6817625458996328,0.5650027761852489,190.0,15.722940404115024,0.050000893833791415,-0.039885737635122466,-1.2536033378949416,0.026108989400367728,0.2160703890804769,0.020259449098901032,0.016436112222282688,6.0658335878869485,9.714172020865888,10.932429813647184,11.902593071996545,12.710340190487715,13.370727870155655,13.999067506313772,14.605977327177401,15.230464624862494,15.754577604110697,16.33483218133032,16.942306388970973,17.58384945196754,18.149112361579633,18.653720628349,19.221245346452672,19.88434400476548,20.422842532455167,21.050345080412573,21.675494419800238,16.074074074074073,40.91463414634146,69.79268292682927,99.86585365853658,117.81481481481481,137.5731707317073,152.109756097561,160.67073170731706,174.69135802469137,182.32926829268294,175.20731707317074,162.35365853658536,154.23456790123456,157.6951219512195,143.52439024390245,133.5,132.49382716049382,114.23170731707317,84.13414634146342,38.207317073170735,818.0,106.0,2.094420186704315,0.3233317699327929,0.9078601016793655,1.082724015387302,1.465272278234119,1.6256174275811908,1.8035206051111212,2.054945107191257,2.5708002459168835,2.963428376187685,3.5425294840825066,5.685067975244134,1.13700638969314,0.438333725864068
35735,23.01960361285382,0.7348225573629362,1.0,0.7600745574292012,0.916477137869587,0.9729562236534968,0.6778479001536782,1.044332811870782,0.7729647155921932,0.5869645127202916,0.4513332436637796,0.794449633807443,0.8659236276858244,0.43217376542567565,0.8534843965875681,0.6563378896101226,0.6959983124249494,0.8772073972482479,0.9682672019214356,0.6664525949138397,1.078223510245955,0.9190849582501068,0.8073419957465363,1.1081932403877068,1.3558867085694837,0.7730696446282211,26176.0,39896.0,12.0,124.0,0.003316749585406302,0.4391592920353982,0.6780973451327433,0.5668084421099914,525.0,20.634631270387402,0.01938528586804846,-0.00429185143051629,-4.516765359167267,0.012325653238656463,0.20395457230540812,0.021347169705882612,0.0054191362201574675,8.616148777671363,12.751826610846923,14.483242850433758,15.679108342212317,16.58994035913686,17.284066040352993,17.880369957868545,18.443709799204854,18.931208667559133,19.359956388713382,19.73703923654827,20.110439184732886,20.499724123416172,20.871560661459483,21.205714649061974,21.526301961253736,21.826338173696747,22.270974655393072,22.628785468543224,22.69733847848614,35.922222222222224,99.95580110497238,157.8950276243094,226.15469613259668,290.0497237569061,351.2817679558011,412.26666666666665,456.9226519337017,484.28729281767954,503.1988950276243,498.121546961326,493.2651933701657,505.7900552486188,512.5666666666667,487.98342541436466,457.10497237569064,379.24309392265195,323.3259668508287,257.09944751381215,80.12154696132596,1809.0,274.0,2.5417700580031215,0.27975948629335434,1.2120139674898578,1.4792020311206209,1.8602335283234581,2.1770076428066405,2.4632877820475696,2.791909769792293,3.10887776066012,3.5745437455944558,3.923067226827602,5.503845807179386,1.1484193618407508,0.331026062415913
35736,17.151881742078672,0.7677991680987049,1.0,0.7472377050829143,0.9387407885017423,1.1262563075390388,0.7593931590610811,1.290768242865227,0.4529136398189296,0.3580166102570106,0.20875220467619515,0.4021408242397173,0.47145092892285834,0.16172709998877127,0.7483197469152771,0.588838888377829,0.36905512657181927,0.6644311262952359,0.7754071541885806,0.285918970048873,0.9778317973889216,0.8227568720224155,0.6449110217543813,0.868214269561396,1.0834399312204468,0.4996334743430145,16838.0,22876.0,4.285714285714286,38.0,0.011061946902654867,0.4684385382059801,0.689922480620155,0.5246520697067386,289.0,15.804364344482998,0.037464287220953615,-0.005830551763630852,-6.42551318292791,0.018144056006622333,0.10234906685097044,0.020217995180693733,0.010122424670392073,4.007961115648715,7.265737764455295,8.930492138114992,9.873665311557685,10.760879646125515,11.441586760115605,12.031246776107027,12.569666669573209,13.104421784242886,13.579912049767229,13.952514626725673,14.411985620637221,14.844168053087369,15.274238944299993,15.640973335907544,15.857092658987703,16.11720560529858,16.453400087968568,16.760188468946755,17.140788540987703,20.744444444444444,43.43333333333333,85.72527472527473,117.85555555555555,148.1888888888889,182.6153846153846,205.16666666666666,224.63333333333333,236.1868131868132,254.2111111111111,235.27777777777777,241.8021978021978,255.4777777777778,275.0777777777778,280.95604395604397,252.76666666666668,219.5,175.71428571428572,109.9,43.81318681318681,904.0,206.0,2.1643210713866456,0.18644083027119238,1.1498995290594707,1.5681897307413009,1.7749224044063467,1.9164911588469424,2.106529857853631,2.2178916203952057,2.4455465732819226,2.795318989870438,3.214115784414191,5.151025780164106,0.7163329018047078,0.456272277520038
35737,16.616725982226775,1.2484639778292588,1.0000000000000002,0.6221836652664573,1.17003100437961,1.158166261042858,0.7201724225696479,1.5727386609945695,0.6671613348094452,0.48769955215126254,0.3767459009077383,0.5760497065496513,0.6771983164963487,0.23954768217466688,0.7943613028811987,0.5939591337579274,0.5430455667898805,0.6858784697854389,0.8247457346931187,0.34528658845740395,0.8632510973974126,0.5645403607775519,0.7801338133991834,0.7453602530435549,0.7838961102720581,0.49603524905138524,33780.0,48506.0,6.9743589743589745,62.0,0.0035335689045936395,0.4444444444444444,0.6878787878787879,0.533853202448821,843.0,15.187183024999879,0.01071024738151634,-0.001790758419182717,-5.980844354429663,0.007761748487069453,0.0850114223848647,0.012509187743229188,0.00372674809241358,5.377218056423062,8.605422577882553,10.054071075899788,11.104305852895777,11.928485580591587,12.573507219146487,13.139344256305849,13.621262975044012,14.059753141925368,14.416285510810502,14.754251430773921,15.081176331882428,15.325890495270562,15.476966481539172,15.68246111263518,15.884243694278782,16.108717668759652,16.217968906194262,16.47132352471612,16.61184614878185,51.0959595959596,138.0050505050505,223.1969696969697,306.75252525252523,385.1060606060606,454.8838383838384,537.9040404040404,615.530303030303,693.6313131313132,732.8232323232323,777.479797979798,817.9343434343434,813.3383838383838,750.3080808080808,704.1161616161617,625.1262626262626,558.3585858585859,401.6111111111111,273.12626262626264,98.46733668341709,1981.0,513.0,2.1025157859597585,0.29045468107980865,1.2426634129928238,1.4774108638169385,1.6634039634891646,1.793753115438378,1.9591286781239068,2.1314656600157,2.295896814888505,2.5455012371781067,3.069535875862977,8.917246374152924,0.7992233935266994,0.370725348568521
35738,21.85701013499214,0.5794622396901341,1.0,0.666747883606061,1.1361581106736294,1.0680729686169674,0.7456215332345932,1.3183516899187637,0.768337163487656,0.3189838067599984,0.615841892580956,0.7193676706213855,0.42780927393044754,0.46713020303323155,0.9665922493555795,0.6532391963391959,1.1150970129165283,0.9049870914785964,0.8761002294359285,0.8458266647993148,0.9307005952032497,0.6229134170367456,0.9318534226517784,0.8713829696564652,0.8354284167927319,0.7068321979465121,27959.0,38665.0,5.948717948717949,90.0,0.005412719891745603,0.4116452268111036,0.6553825321597834,0.5811638780411743,747.0,20.989488686631873,0.01144979978939646,-0.0013516038995878708,-8.471268685217405,0.0144059227456344,0.4281620909134197,0.05569495742590002,0.005469981127554295,9.874390684408697,14.822727884303719,16.54876442698629,17.477761676625715,18.248314644451,18.87414209393363,19.34341031169477,19.75706328042706,20.065360058611077,20.36119751329197,20.652189847755682,20.89018926938367,21.040444956335023,21.205671243188785,21.351002899760747,21.472939243863653,21.71815601284938,21.857010134992127,21.857010134992127,21.85701013499213,31.857142857142858,103.33783783783784,170.75675675675674,245.3783783783784,336.84353741496597,414.56756756756755,489.55405405405406,564.8918918918919,626.8231292517007,680.527027027027,721.6621621621622,732.7837837837837,687.8231292517007,651.4864864864865,577.6486486486486,490.72972972972974,452.4013605442177,369.5,221.5,73.5,1478.0,336.0,2.2350436926831483,0.5857608552105976,1.1427496167464812,1.4365462932559356,1.675442642445529,1.849624425646782,2.035333663707072,2.210937511610155,2.4908667728227547,2.794633281509576,3.433320717333408,13.005519566915371,1.289139791842516,0.856574101287406
35739,32.34073430493328,0.954598621737546,1.0,0.9328346379242294,0.6703865740694955,0.9079709305602368,0.6520432779012777,0.8133547810100946,0.9238223898067013,0.7881554508180175,0.5250606033457953,1.0174581131542215,1.20874714536563,0.6455492923933261,1.0184817191557403,1.0672277492449165,0.47930959305519977,1.1217118135349509,1.636743733759494,0.5892995335442075,1.1270313160982723,1.1732324624752049,0.517382145708966,1.2412636552173215,1.7993168586163042,0.6361088147369539,366193.0,521387.0,58.40909090909091,632.0,0.0006185056902523503,0.44405269994433105,0.6718005814313107,0.5541308300587574,3316.0,25.73726229392703,0.004300883132382481,-0.0017821089443662641,-2.4133671210050056,0.0019413704263744498,0.023498165148886696,0.002466391041552433,0.0009488715444409536,10.221611273848213,16.070593183028638,18.43196849323501,20.050666081665092,21.263179290538343,22.248132485311928,23.08691806200738,23.826655029622383,24.49310695243801,25.08985631733057,25.638692481025284,26.139597439594414,26.616209816963913,27.12268880072029,27.65053517943009,28.17232334470671,28.70594807127148,29.348331486242646,30.053873759705844,31.302624918406572,210.32673267326732,622.1620284477427,1023.2758194186765,1437.9455782312925,1807.3378712871288,2077.3525046382188,2362.742115027829,2659.0667903525045,2927.795792079208,3151.976499690785,3271.6889301175015,3263.517625231911,3183.232673267327,3035.5949288806432,2838.482374768089,2584.400123685838,2265.647277227723,1841.7835497835497,1227.3475572047,513.5188620902907,16168.0,1762.0,2.824365005742094,0.16577451696426165,1.3477552574853024,1.7757600471850032,2.112514540085765,2.447482925087397,2.782849986486103,3.103702784535245,3.46208247380261,3.8090771398301597,4.382500954287291,6.702243193535047,1.3145812532760768,0.0240153223532252
35740,20.037138849748143,0.15571322742452887,1.0,0.6323188838552782,1.190908760985482,1.0713396968991227,0.6979051605258759,1.3391022187388555,1.1545842904995631,1.0064024926732604,1.0698460271148145,1.0777013993240268,1.4420333156942553,0.79892782802076,1.1641847658777567,0.7217726678725999,1.3951795841455477,1.0866625863368677,1.0341987832970594,1.041876837049456,0.9024383353744994,0.5623107156194851,0.989640427426412,0.8423456518847475,0.805712219115532,0.7390327740315741,26247.0,37351.0,5.052631578947368,34.0,0.004781829049611476,0.40789473684210525,0.6674641148325359,0.5676645518430019,834.0,19.47344091647656,0.009688867408195542,-0.0006515605567939823,-14.870248524357924,0.011890804798040437,0.3264883862725413,0.044747849532697774,0.004421140454148268,9.330161426050845,13.807241796963991,15.347399119654893,16.310604171704664,17.052566166998,17.51199293523922,17.959970739416818,18.237130025708495,18.55887128593052,18.76989009303532,18.957514565776954,19.13250316126253,19.399046861243445,19.515395313550574,19.663889253054272,19.877651485338568,20.037138849748136,20.037138849748136,20.03713884974814,20.037138849748143,48.604790419161674,144.93413173652695,239.10778443113773,354.14285714285717,470.07185628742513,534.0299401197605,648.0,679.9166666666666,776.8323353293413,799.3053892215569,785.6467065868263,771.6785714285714,813.1497005988024,750.1137724550898,682.1796407185628,648.0833333333334,585.0,418.0,251.0,83.5,1673.0,473.0,2.1833988780727758,0.22775027250676094,1.0150100819268975,1.251386879323043,1.4894366912186638,1.7294306960626837,1.918148651343596,2.1759605469825685,2.537090403667774,2.905416695266083,3.6390951201904693,8.929630815558074,1.3222460211996516,0.735618952498771
35741,21.527287673339803,5.036051056371457,1.0,0.668195168183404,1.1018571034003686,1.020295363227854,0.679207633254182,1.1649593097328506,1.2050134032302695,0.8818238331184137,0.8824266425198608,1.1810436925029562,1.2983126071382152,0.7574742183246036,1.2360771000534587,0.9032159997106094,1.4961326995430029,1.2114894809900416,1.329808375950033,1.2842789332153561,0.9600943708999063,0.6439803842054423,1.003463429670245,0.9409965050340983,0.9481347862950821,0.86137208509056,31947.0,48287.0,7.052631578947368,50.0,0.003134796238244514,0.3951612903225806,0.6505376344086021,0.5804667469441572,1459.0,21.466229744673814,0.005661924245648628,-1.2496412284875478e-05,-453.0839825524408,0.007388546871401589,0.33749321313101577,0.04884639647361817,0.0034659893090872476,11.128985020359378,15.68681774381804,16.987532930565845,17.89057114601411,18.583243747686968,19.148016056348045,19.621266486408107,20.014441455619444,20.34005550799877,20.614092139349054,20.85563844275679,21.10343026776966,21.308499394535918,21.48608556145206,21.527287673339792,21.527287673339796,21.527287673339792,21.527287673339792,21.527287673339796,21.5272876733398,57.82511210762332,192.97757847533632,316.95515695067263,432.83035714285717,563.3273542600897,691.8430493273543,814.9596412556053,940.1160714285714,1081.5470852017938,1176.9237668161436,1230.946188340807,1326.4375,1390.3766816143498,1408.1928251121076,1228.0,1004.5,781.0,558.0,335.0,111.5,2233.0,541.0,2.2705888986223517,0.35665213850124955,1.0315140826087867,1.2668456542480668,1.5000533156620195,1.701635805736921,1.9783722301671927,2.312119341037178,2.6344637855785242,3.108615410328503,4.050552128274212,7.6576507664409625,1.4346595375479088,0.417063187549356
35742,14.968512809309697,3.3955316771321162,1.0,0.6173052181147326,1.1545337643287916,1.1268881488227644,0.7429334720374577,1.323955994169147,0.7042387875123961,0.49246342912197605,0.6052398478726307,0.62494116052964,0.6628634294419659,0.45714498860851566,0.769292642337798,0.4418095114673414,0.7897824288567973,0.6826699199396686,0.5946824690179875,0.5965322354633303,0.8921768055683098,0.5428914378711576,0.9816844826383748,0.7917172671487827,0.7307403129681384,0.7414781812702425,36086.0,52922.0,8.216216216216216,38.0,0.0029787234042553193,0.4057045551298425,0.6641123882503193,0.5628837456757968,1419.0,14.598504484863183,0.004773212058057831,-0.0001332748017767638,-35.81481266093341,0.0049267693197861135,0.1551181925620933,0.015801006169580488,0.0024867338333016626,6.812595551649799,9.549274533595726,10.760363869969215,11.585435921776932,12.280719840497488,12.810969305844907,13.207748527255337,13.515287368480676,13.812461021013439,14.07484858997026,14.209075639077213,14.424664702404552,14.648999217462524,14.806727024187449,14.965526060971268,14.968512809309688,14.968512809309688,14.968512809309688,14.968512809309688,14.968512809309692,83.38034188034187,234.65106382978723,376.06808510638297,546.7702127659575,717.8127659574468,896.0468085106382,1031.5829787234043,1127.8,1245.3787234042554,1345.1872340425532,1296.1446808510639,1343.3659574468086,1388.4170212765957,1321.604255319149,1288.2382978723404,1057.0,822.0,587.0,352.0,117.0,2350.0,745.0,1.9530513534412486,0.28809489633662105,0.8500023338304751,1.1196161668882847,1.2997309228008864,1.4585151137066223,1.6664614932338255,1.8536349983851248,2.1885205056282797,2.6647787136672476,3.342081218083394,8.367907784484917,1.264195909403864,0.749671032137703
35743,20.868280239722885,1.0661883477953489,1.0000000000000002,0.6187513346920641,1.2506703945181188,1.137091432417544,0.7285479102961447,1.513052396540436,0.6404237588857545,0.4723313063673188,0.5130164181278491,0.5632121926415049,0.648318799206112,0.33906057668647227,0.9217593295817955,0.679438220912231,0.844591910607031,0.8106290341332218,0.9325923680654697,0.5582040070378087,0.8592971212617201,0.5336148510752513,0.9613715054472837,0.7556974723086147,0.7324361837210461,0.6353854682398575,113969.0,174147.0,27.95,160.0,0.0011766436240623621,0.41615180935569285,0.6718152397764048,0.561887735196507,3537.0,19.86584733091795,0.002032570550545353,-0.00032362879940582264,-6.2805614156623895,0.002912929080895489,0.19553418672195963,0.013371208892962486,0.0011137070195148314,11.437333456744998,14.966575248869386,16.25107741487026,17.090454618349245,17.70241215766473,18.175191108618844,18.605188206335892,18.936897558121842,19.212103696240032,19.470998179008898,19.682849346057576,19.850971029321226,20.010948609081943,20.135309987724334,20.29946609638565,20.510824590297204,20.59536661975811,20.75734913139848,20.846425199190396,20.868280239722875,228.0780559646539,671.8529411764706,1112.9558823529412,1566.2941176470588,1969.9058823529413,2326.3470588235296,2700.1354933726066,3017.244117647059,3211.9323529411763,3379.711764705882,3477.0205882352943,3408.211764705882,3225.5676470588237,2915.536082474227,2651.1823529411763,2482.6882352941175,1998.835294117647,1565.4470588235295,996.0882352941177,339.5,6799.0,2049.0,2.1436164090906185,0.4428804424397484,1.0924799840576727,1.3268263012984656,1.499565803644268,1.6902262801333106,1.9156320120788082,2.1182075299708605,2.380054960373499,2.759476402827478,3.4822822949223453,9.636609240093765,1.1849384910849896,0.142365570222028
35744,26.64707915425748,2.226841084585014,1.0,0.6456800732659329,1.1301312975374682,1.0673000981078882,0.686536003841447,1.274593829226142,1.194870931154398,1.0332829133500814,0.628678674491888,1.119526676023611,1.5050673345147887,0.49323844198554173,1.0159018586106627,0.7190870907013656,1.1671023590449345,0.9518427482688849,1.0474135175399135,0.9156660987081116,0.9270192536439448,0.6018130881046604,0.9657750287456388,0.8685647600776637,0.876593630541257,0.7577119915385125,131488.0,198456.0,28.73170731707317,200.0,0.000931842385516507,0.4116628944215151,0.6683530821461856,0.5694564523321402,3206.0,25.837456872428092,0.002840920772498058,-0.00027069149931177903,-10.495049825062742,0.003251263223228926,0.44092606000607637,0.02125132528356419,0.0012546858246594572,15.356193395845702,19.605560388002427,21.05744864277737,22.019331799595374,22.749359654726028,23.329907899069635,23.798105163733243,24.209060700251356,24.56909424803378,24.872960412397788,25.106923591413366,25.38442107493395,25.63919375869904,25.87867158500045,26.064401620684755,26.13196203834117,26.352024497905962,26.61945277458463,26.647079154257476,26.647079154257476,188.71770972037282,618.3515312916112,1012.3821571238349,1389.704394141145,1751.3089214380825,2108.798934753662,2352.654255319149,2552.9733688415445,2772.790945406125,2901.988015978695,2882.785619174434,2996.278295605859,3093.392809587217,3152.6436170212764,3011.02396804261,2426.982689747004,2105.7270306258324,1828.8521970705726,1127.0,375.5,7512.0,1920.0,2.2990056296255896,0.3571556956494757,1.1719213185583754,1.4358556235627067,1.6459331630727283,1.8356801352061372,2.038016056485142,2.2846267812207612,2.614138849372746,2.9993698906161628,3.763218410947147,10.87400113866599,1.231246340508778,0.177834206335247
35745,17.159977649668786,4.369376661646588,1.0000000000000002,0.6817656172419996,1.0724941308629976,1.065168824874528,0.7861266348764249,1.0349225547520404,0.9718240181911358,0.6991226877105599,0.521719677829788,0.9123661859946121,0.8893257863225286,0.5041147044619083,1.1124114385748234,0.7495039334505618,1.179750737585994,1.0443522309300222,0.9534137379385192,1.1399410827109215,0.9171205664107481,0.5653765935168504,1.0962579189340749,0.8610095836392704,0.7191927717927084,1.05926565606325,18799.0,30623.0,7.542857142857143,40.0,0.0035419126328217238,0.38984051978735973,0.6568222090962788,0.5824165895575882,1225.0,16.96119705600468,0.005694240855743914,-8.636100134581212e-05,-65.9353269069065,0.007554991723580743,0.36193194800605755,0.038346111721228045,0.003736958459493052,8.789857185954661,12.050578643403274,13.344966052748973,14.083269917906266,14.679201830452488,15.178738019498857,15.566885694758252,15.885917347867162,16.172768965656253,16.427631582387946,16.68865448286591,16.898727182001622,17.018822654463584,17.146716695779887,17.159977649668775,17.159977649668775,17.159977649668775,17.159977649668775,17.159977649668775,17.159977649668775,62.5207100591716,172.0887573964497,286.7705882352941,400.698224852071,516.112426035503,626.7352941176471,737.9526627218935,848.3727810650887,956.9823529411765,1049.4437869822484,1130.3846153846155,1190.1235294117646,1150.3905325443786,1092.3136094674555,931.5,762.0,593.0,423.5,254.0,84.5,1694.0,455.0,2.312239738003329,0.44344636413842353,0.8537059206703754,1.03217229685919,1.2855994091134981,1.491061877788957,1.8072549143116048,2.092461820753136,2.592190253106091,3.497083760397854,4.471576233906587,10.188887105469334,2.6853765478193874,0.878662877029274
35746,26.77757431077979,0.14544913924163475,1.0,0.7928736046796669,0.8655895718954286,1.0259105175106622,0.7073466470219443,1.0813312781775624,0.7456578039282166,0.549206342680588,0.5318586948668899,0.726825382137158,0.7764316760287827,0.4918554615041431,1.0376932547600644,0.8860329290742606,0.7714853411995929,1.0114851510422103,1.252614871088479,0.7134588231830555,0.9765965700992775,0.8442399189061339,0.6232239766180259,0.9519315314838146,1.1935306719280212,0.5763487926367816,41599.0,57089.0,10.526315789473685,106.0,0.003972194637537239,0.4495777446597119,0.6915052160953801,0.5305972261792441,556.0,23.089257890905014,0.02565567260168937,-0.006407551195988198,-4.003974656925492,0.013230067149298638,0.07620047486749648,0.024429160828103962,0.005669899172146227,5.976640528870703,12.377290748422606,15.594901170366501,17.433552424284617,18.58787621295449,19.51031972014918,20.281965979986737,20.888757475686273,21.440577333311253,21.94575310984537,22.40948597076767,22.85224575874158,23.263955740508006,23.641473006028317,23.9896168508916,24.344446679219686,24.758321910300996,25.216915730455185,25.705056138197456,26.254916614301322,30.965174129353233,64.42288557213931,112.23267326732673,175.66169154228857,230.46268656716418,287.6980198019802,340.5074626865672,386.4726368159204,436.1930693069307,463.59203980099505,493.81592039800995,531.9554455445544,544.3283582089553,524.9502487562189,471.85643564356434,410.4378109452736,367.5074626865672,304.76732673267327,230.0,81.73762376237623,2014.0,319.0,2.5670782733275583,0.5648237798944241,1.5290084430589033,1.8402427026290866,2.1034401739413413,2.3068183146156898,2.5224909615977076,2.7737107200081383,2.9805655170895813,3.2718287283484746,3.6517152097846965,5.825176717120735,0.703086885689766,0.209394366217311
35747,32.83834927245938,0.12869740395111393,1.0,0.7099230444793444,0.9275126614608901,1.0301617953208788,0.698971744263729,1.0898401779576954,0.8207620844542951,0.3282940790153333,1.5803295024433825,0.7967312398715397,0.4696814738357502,1.450056195767015,1.0488330951902343,0.7453210531446532,0.8613323391529967,1.0181246285332681,1.0663107046333424,0.7903290377558747,0.9658771797180684,0.715967211653199,0.7551350417946886,0.9375975541950798,1.0243149562610323,0.6928860369322895,152346.0,246962.0,47.62162162162162,326.0,0.0008726849607291768,0.41330488750969746,0.6601047323506595,0.5789049320317269,3335.0,30.07560498631844,0.002885540332864633,-0.0009212524043850679,-3.132193000669256,0.0031719988235558833,0.400820039025306,0.019914297541649275,0.0011231042993374107,19.580365582896,23.790345877112305,25.308584010913,26.31562085802044,27.08742494568176,27.691391684238923,28.279900071984542,28.78401786622981,29.221099502625556,29.61002459970508,29.95037047506266,30.242112968268643,30.56750745098143,30.91287315846309,31.207559826948433,31.49398389015072,31.80939377787303,32.18157224960601,32.49748812111979,32.83834927245937,241.4034917555771,708.3472356935015,1145.0368574199806,1577.0232558139535,1949.862269641125,2164.712900096993,2528.3239573229876,2798.1608527131784,3000.7478176527643,3184.03879728419,3277.556741028128,3104.6841085271317,3043.431619786615,3007.2483026188165,2798.368574199806,2465.922480620155,2122.123181377304,1820.4306498545102,1175.0290979631425,515.5,10313.0,2015.0,2.4832281744401183,0.35709091013211736,1.3265719599218622,1.6453014886183286,1.8784221100482499,2.1033041975798445,2.3486799639578964,2.5646901510726843,2.859238351098613,3.1857535644413346,3.793934451574086,8.964758789309323,1.1008035477786884,0.0855608662846498
35748,18.593390546176806,2.5882124336144523,1.0,0.6401952643006492,1.155631891543215,1.1700031874466135,0.8036907009805662,1.2821419614886695,1.6121619100997613,1.1868676813193462,2.0643712445789597,1.3779124086132657,1.4767716982058816,1.6100956887660547,0.4992059796956515,0.26351534086345313,0.5954416218674959,0.4266706151332002,0.3278815351999763,0.46441161724099606,0.8534801808196115,0.5127833525438085,0.9851561606729002,0.7294682527166665,0.6380356919871939,0.7683674587243483,27898.0,38930.0,3.4893617021276597,34.0,0.005111821086261981,0.4149616368286445,0.6662404092071611,0.5533485312638212,968.0,18.537069586821175,0.007041195894288503,-1.26860942308956e-05,-555.0326023229779,0.010233489841791784,1.2231204657453278,0.045680023215206866,0.004296402166863875,10.77516948445822,13.323017192451251,14.328538125310374,15.142404832376368,15.775764938123174,16.260886575223815,16.70642892333331,17.077224847424624,17.374372368503508,17.644193894590583,17.81338102362795,18.074656311670353,18.302153892788432,18.516697321238972,18.5933905461768,18.593390546176803,18.593390546176803,18.593390546176803,18.593390546176803,18.593390546176803,60.166666666666664,169.89743589743588,262.11464968152865,362.8333333333333,456.69426751592357,556.474358974359,654.6369426751593,741.5897435897435,820.4904458598726,875.8076923076923,855.2051282051282,904.4331210191083,921.7179487179487,947.687898089172,860.5,704.0,547.5,391.0,234.5,78.0,1565.0,454.0,1.8161306877207526,0.2663004359486061,0.7069487956736227,0.936463735402599,1.102525468285571,1.3024491380821106,1.4956259401265841,1.7115370317675949,2.0185900001333446,2.5385004807725884,3.3331609429457596,7.962919507408608,1.386682392491894,0.907354456991889
35749,16.178734042615616,1.1010641693758445,1.0,0.8368028063785033,0.7549610837831936,1.0230029742271622,0.7773980675484964,0.9567623958415977,0.6690891675692076,0.5691355770300464,0.27279620398197907,0.6540442055651672,0.7321031538254268,0.2851242954025373,0.9912013207979495,0.8772649782953347,0.5134410761238442,0.9689134301361757,1.1284630293226299,0.5366442894865298,1.0420828366335075,0.9243120032596085,0.6163669605139981,1.0186508376681498,1.1889816065203265,0.6442215571942737,7205.0,12255.0,5.153846153846154,28.0,0.009536784741144414,0.44201909959072305,0.6725784447476125,0.5515235366009943,191.0,13.132547289513635,0.059793554809270046,-0.01593939683780803,-3.751305988407325,0.020569808831159307,0.05781293736447389,0.021680356281311063,0.013532783697479844,2.085575777854427,4.223071603047884,6.261712346676136,7.589077403218959,8.667991011262322,9.551148674103246,10.192155807857858,10.841400580011182,11.490569619286358,12.052792451439172,12.487270029413702,12.913085401555852,13.276533692183344,13.663514922485504,14.025014132191398,14.381718576799821,14.743006285079234,15.14086910808984,15.494817518067652,16.04831242717638,23.47945205479452,45.986301369863014,55.445945945945944,80.27397260273973,101.08219178082192,121.58108108108108,138.65753424657535,145.95890410958904,156.1216216216216,172.87671232876713,184.31506849315068,184.85135135135135,184.1917808219178,181.93150684931507,167.01351351351352,173.04109589041096,157.3013698630137,135.90540540540542,90.43835616438356,35.63513513513514,734.0,104.0,2.52710147290135,0.5371522513242836,0.9635756540993745,1.7248378997117102,2.0261238304790723,2.3522792169936912,2.543980156832724,2.7320756486295896,2.9801391728959583,3.5296602156396513,3.833754102619826,5.000628237814508,1.0120259426352385,0.910877800467424
35750,21.26568241050433,1.8225054576661712,1.0,0.7121681145409645,0.9945990417734922,1.052191907591623,0.7395153909450749,1.1962893178827818,0.7139238061864328,0.44086295294822375,0.43942006166840214,0.6785110216448472,0.5961511529662908,0.3673192221143436,0.8794678572827437,0.5783741408269252,0.9645024298389113,0.835843586077154,0.7820988554244735,0.8062451243365678,0.9610088858272756,0.7134712004335384,0.7633254298670055,0.9133399324719599,0.9647820845510018,0.6380776108725563,18866.0,28218.0,8.5625,74.0,0.004604758250191865,0.4109062980030722,0.6597542242703534,0.581219571835319,554.0,19.787416806467576,0.015529690846311223,-0.0030426426847915285,-5.104013995443985,0.014933315631980151,0.5293141216979192,0.03836133444721876,0.00632357756658506,9.559428498871034,13.348344624774786,15.03844536386565,16.23064274912466,16.999487938290102,17.644816515916435,18.14131912931428,18.531265078055412,18.85381097471228,19.17504150641198,19.474115740543724,19.771756092660354,20.02619553796114,20.181862561354606,20.38769730267294,20.612719828146226,20.961506321258263,21.21267355422084,21.265682410504322,21.265682410504326,30.346153846153847,94.85384615384615,140.8230769230769,200.16030534351145,253.36153846153846,323.9769230769231,387.9923076923077,433.41984732824426,478.1461538461538,518.4384615384615,535.9615384615385,544.4198473282443,524.5307692307692,473.16153846153844,423.4384615384615,372.19847328244276,365.3,312.16153846153844,195.5,65.0,1303.0,278.0,2.4156064659311,0.6786936502141865,1.2865468817012427,1.6082593063932107,1.8696236364505,2.0325383136689963,2.266471266141446,2.4378339425670004,2.7170792559741472,3.0737283408902054,3.690475459682336,6.934584499996919,1.0594786959442464,0.605770820928738
35751,12.382319322725216,1.9434913771680433,1.0,0.5941555125017601,1.247487747769546,1.1945164820365717,0.773980625961531,1.605563204159393,0.6717800687048009,0.31010324555441526,1.0101084022985425,0.5623866047954904,0.4006602170037112,0.6291302638736005,0.6089351778340699,0.4104121983645109,0.38923389446646045,0.5097754505621184,0.530261591308759,0.24242826035007906,0.8608740433271362,0.5104653726592123,0.9042459881186069,0.720688292102427,0.6595324941435728,0.5631955103206497,8757.0,13723.0,4.344827586206897,22.0,0.008962868117797696,0.4269230769230769,0.6897435897435897,0.5369089788353387,499.0,12.074649263790588,0.013716880341620765,-0.00038254640343247557,-35.8567750697517,0.013383112750714323,0.22870939500087065,0.026002029072408336,0.006817727216698009,4.677722617192128,6.981249377574223,8.058420258951932,8.861742388717687,9.569040451035695,10.143058861549056,10.549430415299268,10.919105954431851,11.253425893500605,11.541838396488103,11.78075441375515,12.009332731318487,12.141718568982684,12.286315494499227,12.353285671524741,12.353285671524745,12.382092263698997,12.382319322725214,12.382319322725214,12.382319322725216,32.782051282051285,86.57692307692308,132.26923076923077,169.93589743589743,221.8846153846154,265.29487179487177,316.2435897435897,368.37179487179486,407.78205128205127,440.7564102564103,465.9871794871795,490.06410256410254,470.5,466.37179487179486,423.5,345.5,273.4230769230769,195.5,117.5,39.0,781.0,262.0,1.79912109589481,0.19241332537036723,0.9097871162268465,1.091225236588429,1.2704129916480666,1.4396988779676096,1.5611415609994992,1.7073671591934465,1.912333966329999,2.3037693317193404,2.8490661929146928,8.793500391372762,1.0499749608813451,0.99217481929576
35752,31.162863715110078,1.1111248526290367,0.9999999999999998,0.6007331290313559,1.3639209850783072,1.1505505171944517,0.7543968664361227,1.4671034154815463,2.5204824107444543,1.3169504388656468,4.283376891830145,2.1906751360127146,1.7456997734986712,2.919614831940266,1.8218800076824493,1.1600826979483636,5.460382879062661,1.5834854536635161,1.537761819489996,3.7218800129849083,0.8326662164855662,0.43204518670801645,1.1306239716070945,0.7237111313599447,0.5727027854039995,0.7706504938072075,32900.0,46038.0,5.069767441860465,36.0,0.0045871559633027525,0.4242733299337073,0.6807751147373788,0.536848711631083,1348.0,30.761758632997775,0.005484783521156965,-0.00016201442617983107,-33.853673715876525,0.015324701102744028,3.3748805991592183,0.3755992123836553,0.005375925718696821,21.936138224567138,26.027104789111853,27.303020226375672,28.11774737483662,28.734513237202194,29.210578248845653,29.63912437125297,29.98159390497293,30.25314047788859,30.47207675680447,30.684540971543534,30.832769398292935,30.98556115011406,31.144903239345506,31.162863715110067,31.16286371511007,31.16286371511007,31.16286371511007,31.16286371511007,31.162863715110074,59.642857142857146,194.4795918367347,337.1530612244898,477.4591836734694,603.469387755102,737.0,868.0913705583756,1010.2857142857143,1136.642857142857,1225.938775510204,1312.4489795918366,1311.3265306122448,1301.1632653061224,1259.5583756345177,1078.5,882.5,686.5,490.5,294.5,98.0,1962.0,661.0,1.7020366600475334,0.2683044107041226,0.7114873101136964,0.8646936396985382,1.0133095557000942,1.1663434078527117,1.332847572908309,1.5442907771663843,1.8082949653492515,2.280897062158362,3.4559815978407395,7.433794116440698,1.3018131498994132,0.778466959816869
35753,16.21367845424951,1.6269803323031125,1.0,0.637230368430044,1.1281324073026233,1.0691568432177216,0.7022558760020216,1.2483000802130408,0.6612526037509711,0.3784725881097154,0.44203108682857395,0.618480448351126,0.538938300188215,0.3541064314865179,0.9163827962521336,0.5554903755507923,0.987811260197013,0.8571079183239373,0.791008512044395,0.7913251595949817,0.9362238915438406,0.6043509618513687,1.006059398625762,0.8756656214500693,0.8605851264527248,0.8059435504114227,38384.0,60416.0,11.771428571428572,66.0,0.003089598352214212,0.39938186813186816,0.6617445054945055,0.5803013620745132,1768.0,15.541798344299432,0.0038268308634158378,-0.0002914548587916347,-13.130098016831122,0.005009168311107966,0.16376276263242812,0.016486975265282314,0.0021147493233134754,7.864103203613794,10.922977316205134,12.219180846379372,13.044653189468924,13.608599452911493,14.106643709467237,14.500802748337906,14.848023735320666,15.1321923979849,15.364343767508714,15.553117868152423,15.683217445694606,15.814453815069042,16.00516763066656,16.16806313715602,16.2136784542495,16.2136784542495,16.2136784542495,16.2136784542495,16.213678454249507,110.71821305841924,317.7525773195876,500.4020618556701,698.3356164383562,910.7766323024055,1118.5876288659795,1305.4364261168384,1478.3972602739725,1608.0103092783504,1719.6701030927834,1711.6116838487972,1637.0684931506848,1553.7731958762886,1559.721649484536,1524.872852233677,1310.5,1019.0,728.0,437.0,145.5,2913.0,825.0,2.3244505415677343,0.4428001542021815,1.0460131168804503,1.3184440545357763,1.5526618682694613,1.8047483790515908,2.029232684941757,2.3582843979974206,2.6768919093633294,3.112351675244721,3.9382038546639584,8.829256960189426,1.5729393948804462,0.703644700469449
35754,26.7898487667468,2.140209432087395,1.0000000000000002,0.7616546580618887,0.8898816460081336,0.9696688652010677,0.6764436119894649,0.9882913731936361,0.7478346781543883,0.5836032274801166,0.5813045126672406,0.7712268641309006,0.8627522193072403,0.5881914265716711,1.036084886929818,0.8654933922399602,0.6400139628113317,1.0684935075387603,1.279476037469683,0.6475964277044576,1.0325902984109128,0.8267423366128287,0.8140330786093891,1.0648896086776984,1.22218958381664,0.823677207642584,92735.0,152847.0,32.37837837837838,236.0,0.0015379883112888342,0.4054760806029842,0.6569758498692508,0.5825652005100153,1979.0,24.376140772821454,0.005335709258977839,-0.0013256397844584507,-4.02500688462483,0.003791668871659653,0.14521701109146007,0.010395213618916065,0.0015994270641066753,12.194775541460446,16.62495310039514,18.57284506241655,19.790578330842422,20.682020115556444,21.382542707094316,21.9638444086016,22.48182260707984,22.916942433407865,23.34166675799145,23.716854313582527,24.073085412951713,24.412554932140445,24.726528072288687,25.031410288132168,25.301989757624597,25.58398605539741,26.05690179133642,26.30454227272262,26.774401304723863,136.1246153846154,369.43538461538463,616.0384615384615,863.623076923077,1113.823076923077,1299.3984615384616,1510.4193548387098,1652.7123076923076,1736.4076923076923,1844.783076923077,1900.416923076923,1921.7953846153846,1932.3861538461538,1847.689708141321,1744.6353846153845,1510.6046153846153,1226.4046153846155,1113.8323076923077,697.34,314.46543778801845,6502.0,1141.0,2.5512043107044176,0.2583523762881223,1.2322962132995503,1.544204208524862,1.8824227142080157,2.1942269938787975,2.471169384315072,2.78433350287908,3.044445904852802,3.436352365386621,3.934752612384574,7.4306061223339395,1.2056508019139989,0.103766106839757
35755,15.905257354513427,2.7440140243706703,0.9999999999999998,0.6490790990165071,1.1023885375596187,1.0705180367461173,0.7111439438662912,1.217365600801944,0.935324391499415,0.670694009064186,0.557621758266549,0.8737119407556843,0.9431199053989123,0.458056115516336,1.0254958337464815,0.6762854043983935,1.0297532971178542,0.9579435362560703,0.9509824420659739,0.8458866395103497,0.9176071066299682,0.5705928952602706,0.9766286711651642,0.8571617433173494,0.8023592131827998,0.8022476325286393,33670.0,53602.0,10.055555555555555,68.0,0.002583979328165375,0.4032496307237814,0.6650664697193501,0.5660687815975978,1799.0,15.900143201905015,0.004151991381651111,-9.465394429072845e-09,-438649.58959325764,0.004860134169181226,0.13915835343633287,0.017654272071112292,0.0022219414203378156,7.394210390268941,10.646202060008076,11.9259249916534,12.74199988143366,13.362244863222703,13.86040856747833,14.235621660978103,14.566570883826204,14.850296536154916,15.097206161221607,15.36310916763434,15.512797136513704,15.713365465690746,15.888125429402558,15.905257354513422,15.905257354513422,15.905257354513422,15.905257354513424,15.905257354513424,15.905257354513424,100.08518518518518,282.3874538745387,474.73062730627305,655.9889298892989,841.7416974169741,1018.8966789667896,1179.6333333333334,1273.0479704797049,1424.1512915129151,1494.169741697417,1624.2250922509224,1586.8487084870849,1657.029520295203,1732.5740740740741,1490.0,1219.0,948.0,677.0,406.0,135.0,2709.0,776.0,2.098703855490782,0.28887320280256384,0.9170042019952727,1.0887414571105962,1.28562839473065,1.5408709532059899,1.8118720968487163,2.056977360360786,2.37962140616429,2.790401287123764,3.7948965850473915,7.223234715883656,1.5389484260867106,0.684230627056677
35756,22.087440568173353,1.195026549697477,1.0,0.6207411354507043,1.2221025515115305,1.0814666024212762,0.6874319432539383,1.4753377503887184,0.8055698637254645,0.6647395670514537,0.27391127146313643,0.7448864920302564,0.9669896395924359,0.18566004387196555,0.7465485149436387,0.41967987943044627,0.932878202940999,0.6903112063490492,0.610503895765891,0.6323150090175667,0.9340249515073243,0.5770905506505782,0.9606310062490837,0.8636650909201935,0.83948753955037,0.6511261614474239,43863.0,58913.0,5.619047619047619,38.0,0.002894356005788712,0.41312741312741313,0.6645752895752896,0.5678230302220807,1029.0,21.265838761160182,0.00811789626485106,-0.000717697013469298,-11.311035315041522,0.01008321139887832,0.4395519928166849,0.04585835977552077,0.0038820771903669846,11.352144530951454,15.469630979413942,17.02574811980589,18.03166791480079,18.75900867495873,19.358652405124005,19.811058118364336,20.183170487651758,20.475089682236128,20.780988200287496,21.0313093739445,21.24182688174851,21.370749603104077,21.58080936382466,21.768754370555737,21.94152194952383,22.08660901584444,22.087440568173346,22.087440568173346,22.087440568173346,50.95169082125604,164.70531400966183,294.42995169082127,402.65384615384613,523.6135265700483,635.0772946859903,733.0338164251208,826.0,888.0917874396135,957.3429951690821,1001.7246376811594,1003.4903846153846,924.6763285024155,908.304347826087,873.0531400966183,819.4615384615385,724.7198067632851,518.0,311.0,103.5,2073.0,567.0,2.276605321655422,0.27631926995341466,1.1138985805264123,1.3593478051443448,1.5717883015188856,1.79323236610177,1.9781494345833952,2.243444354358228,2.5782566417321333,3.013975059342041,3.712696556316039,7.873100282344723,1.3975472979275554,0.711463643319439
35757,23.464431095962954,1.7146940701455886,1.0,0.6730365433756146,0.987923667044988,1.0671141259909067,0.7210886408976165,1.144934764826421,1.0600357977298867,0.8099168547941271,1.0343217023753521,0.9933668498161363,1.1231862615197163,0.9033892009840068,0.9836602932824302,0.8029446787235445,0.8374152763619089,0.9217948383627829,1.1135173031210601,0.7314087248358347,0.9175584799688207,0.6283861676957279,0.8094975222732705,0.8598503736578215,0.8714409464466228,0.7070250176183577,25665.0,40109.0,9.75,74.0,0.004208311415044713,0.46,0.6936842105263158,0.526168327495357,623.0,21.515120202804876,0.02047625797572376,-0.003590539534166108,-5.7028359612476205,0.011447230013588086,0.14363221256888853,0.02402027327852388,0.005113463980956727,7.473738520838504,12.484731643494692,14.85089223618184,16.29152081552487,17.283540164967736,18.07103981491344,18.711672647968523,19.211079651820995,19.695507221169468,20.029388623539145,20.487136947710816,20.90863116905988,21.335425319311266,21.6543857682849,21.93063436646181,22.300536297273997,22.551481161370134,22.821100643829965,23.308753858811542,23.46443109596294,32.66842105263158,95.98421052631579,147.60526315789474,208.59473684210528,274.4578947368421,335.37368421052633,392.7526315789474,425.79473684210524,479.9421052631579,458.9421052631579,512.5315789473684,544.2473684210527,591.9526315789474,589.9526315789474,535.3,512.3736842105263,422.7315789473684,312.5,250.4578947368421,95.0,1901.0,401.0,2.2670160349803257,0.33233492142922016,1.25431176157054,1.579568628979229,1.789825321098705,1.9319177865938075,2.107500504602477,2.3344914541379875,2.597085149648379,2.917082939853822,3.470044920618564,5.468300527970605,0.8067586999861808,0.468964122298639
35758,16.567962104581785,0.9107550965649088,1.0000000000000002,0.6717503506724922,1.086197410603538,1.0096858983871628,0.6865219817528312,1.1061190334011337,0.9026850661675329,0.8356541584797652,0.6637899427369025,0.8940256248101024,1.2172285530408933,0.6001071518459075,1.1220754008391403,0.8016443381687558,1.2565072680690743,1.111311352007099,1.1676892502727934,1.1359602629795833,0.9763461454085525,0.6388855846752235,1.0512577980499287,0.966980074662956,0.93061198571387,0.9504020510500432,19228.0,34918.0,13.925925925925926,92.0,0.002997002997002997,0.3823088455772114,0.6486756621689156,0.5991888255990745,1099.0,15.522485745807318,0.006977332720300153,-0.0009193628465063629,-7.5893133454483825,0.007824691158429223,0.11031099771343388,0.02550836327508063,0.003183313150095759,6.596491766965881,10.686782765149976,12.13332788194665,12.945852579997432,13.582919697393004,14.096270807437536,14.5009841209868,14.85645912956551,15.147794667936452,15.399159921406557,15.596125800734953,15.69305791599388,15.924204234049181,16.140410759693125,16.160979050367732,16.320322565498046,16.566902409917272,16.567962104581785,16.567962104581785,16.567962104581788,57.08,180.74,311.18,437.38,562.03,689.41,801.502487562189,911.79,1001.08,1058.97,1075.56,966.5,986.29,999.2089552238806,818.5,721.49,699.44,500.5,300.5,100.0,2002.0,510.0,2.3590614230043507,0.4817642673718341,1.1257980346777547,1.423793579587422,1.6692377067303268,1.9298244679114642,2.171865935213863,2.4444601722277044,2.738851295811831,3.078038963331225,3.722883832060986,9.28407813760998,1.3228696157153454,0.887697320478037
35759,16.370667983604115,1.2243172478567366,1.0,0.6652935119468979,1.109591651930863,1.1114119740751678,0.7600496780555209,1.4008639612793996,0.6373948817227242,0.5805472185755066,0.3027896893639469,0.5735001031036359,0.7638279909028501,0.21614496320357268,0.8899274037418878,0.6309250587273179,0.7765967401499794,0.8007178476571818,0.830110290081893,0.5543698471910997,0.8980514346397674,0.6250464422653628,0.8137998352276178,0.8080274961830038,0.822375773994741,0.5809270976493534,22277.0,35639.0,10.6,62.0,0.004006868918145392,0.41809851088201605,0.6706758304696449,0.5617538581472397,722.0,14.86762381541339,0.011161424778339658,-0.0023572759267752085,-4.73488260392523,0.008674885873853023,0.10263477612669256,0.017369728096348683,0.0039531772274513126,5.7475255706298976,9.09456747221669,10.607398366635682,11.61174260144931,12.319688430453471,12.90587159843646,13.337129349281994,13.732519444734857,14.056388193467457,14.283729744608154,14.563825597114109,14.861997036052939,15.076141379061127,15.311413986953193,15.558008874172858,15.840087779998436,16.029311750444815,16.279798608847504,16.37066798360411,16.37066798360411,55.224137931034484,138.18857142857144,235.91379310344828,311.22285714285715,405.32,482.91379310344826,544.2057142857143,623.1028571428571,695.6609195402299,662.6057142857143,673.6057142857143,686.7988505747127,643.9657142857143,618.5314285714286,583.6379310344828,554.6971428571428,475.08,400.9712643678161,262.0,87.0,1747.0,445.0,2.203252447804346,0.4790512964925395,1.2475448061253427,1.5804757708986175,1.7316949578939316,1.8796467400296208,2.043236839022498,2.263203330299003,2.498509394551328,2.8257806196030906,3.231268223023935,6.543240095288375,0.7262220987453495,0.490221858513541
35760,16.528400477421773,1.4405533432823483,1.0,0.6184928418973112,1.1639132938523153,1.101681779987128,0.7336194745573292,1.344626658392705,0.5201377881607402,0.2642932794943343,0.4898093748417307,0.47213069836447463,0.36025935605623144,0.3642716524951415,0.8695166083492488,0.5422424927156886,0.9027594286902841,0.7892629470185195,0.7391331766961083,0.6713829619958559,0.9193653532123642,0.5624944416121015,0.9880955439598134,0.8345108087592282,0.7667386991757741,0.7348475041696184,108209.0,142463.0,6.074074074074074,48.0,0.002469690166142793,0.4331911071187963,0.684257803727824,0.5375706063814017,2059.0,15.646467659613224,0.004251628335234082,-0.00040073208176671146,-10.609653004296254,0.0033882432369502415,0.04105028818742359,0.006866747865293447,0.001565427050766119,5.690241332573722,9.049725287104021,10.614284747788359,11.656852866051237,12.508601823203005,13.174752324752681,13.723280814534704,14.195923217514583,14.58643487060383,14.935559815874598,15.245977703552505,15.468293192281465,15.708819075312698,15.921564027387424,16.091056824480848,16.180818468775804,16.334650679711814,16.490130346276956,16.528400477421766,16.528400477421773,125.01123595505618,340.352808988764,537.8542600896861,703.5685393258427,867.3191011235955,1059.3430493273543,1268.5303370786517,1473.5483146067415,1671.6210762331839,1829.5640449438201,1958.5370786516853,1969.1367713004483,2032.2157303370786,2005.3775280898876,1850.414798206278,1560.2606741573034,1347.1258426966292,1071.8811659192825,668.0,222.5,4454.0,1153.0,1.9705213517855624,0.21856253580254634,0.9743587259048183,1.1670581841109233,1.3554310774289438,1.5260465834136556,1.7009983849661925,1.883231554820521,2.1538139078464567,2.588964750934262,3.256452425224026,8.677899782982896,1.1929635914669692,0.110818485124037
35761,25.1235044144112,1.6485132695886604,1.0,0.7802529901421568,0.8723859246087741,1.0137262532329068,0.7119542381407427,1.032574743727221,1.287131478722463,0.6030448686254049,2.69505849331657,1.2697032109187574,0.8470275704801576,2.6100372003951837,0.9030241042860317,0.788193431534673,0.6002028310046813,0.8907968018053876,1.1070844013697114,0.5812681693512727,0.9951382444833498,0.8231015936140407,0.697267176619968,0.981663680219115,1.156115870260928,0.6752704158762259,15983.0,23661.0,7.8,88.0,0.0054694621695533276,0.41788321167883213,0.6624087591240876,0.575751251714157,368.0,21.975223121671878,0.02758363206264256,-0.008782201799906327,-3.140856096353511,0.021418787540896482,0.6022021274083638,0.054241270550916015,0.008896001309578305,10.422557254959582,15.547712085897187,17.33202559954436,18.62393777432263,19.47496719488701,20.162313178323334,20.711184935559327,21.172521533410634,21.565232495207898,21.911807722237885,22.235295806570882,22.54644975671072,22.820328208572214,23.096828268835118,23.418625932449828,23.649215074365635,24.01375671464429,24.30739995368185,24.724377078884036,25.1235044144112,19.486238532110093,63.68181818181818,110.08256880733946,143.20909090909092,195.11818181818182,238.1834862385321,277.3545454545455,317.42727272727274,339.091743119266,358.3,344.8272727272727,344.9724770642202,356.04545454545456,332.7909090909091,318.72477064220186,274.6272727272727,238.6818181818182,184.86238532110093,130.9,54.5,1097.0,163.0,2.8549528830371793,0.4510596421743356,1.6170734642224014,1.95997006405445,2.3040038386269717,2.50930379403419,2.7675005982217558,3.1216855444200307,3.3283763510163538,3.6627121884392855,4.176692108233763,5.748244065437602,1.050741568175053,0.580844236637931
35762,30.279633083818368,1.3946249683162546,0.9999999999999999,0.6435713573467821,1.1069963147479212,1.0922523214586317,0.7254258000261665,1.2956521671961962,1.385525401615302,0.7620144747886053,2.1886983037220076,1.2685030504352908,1.050437515127142,1.689263800220681,0.7838052139743608,0.5139687485299939,0.6699620190474241,0.7176045301763607,0.7085062986613582,0.5170847824823451,0.9123026843699208,0.5876474588953977,0.9088373513854308,0.8352490230019379,0.8100724552038278,0.7014516506788728,1356259.0,1973781.0,140.54545454545453,894.0,0.0001753586083540841,0.4159228408592722,0.6675317843051294,0.5642714160006014,24293.0,28.699425021924284,0.000335100406356021,-6.226013095416973e-05,-5.382263114780334,0.0005065323650241493,0.3223505153730625,0.004714697377918899,0.00018395882685006456,19.517597861273714,23.18143720810269,24.666034553092615,25.65047102847473,26.375942527123676,26.941114722212106,27.405456530135044,27.79459384226994,28.116930018603465,28.415913310458166,28.685450963333544,28.91166161639359,29.15267610983781,29.377033882554393,29.58680953438699,29.752182126511237,29.89685005463625,30.083925707873465,30.252811463815256,30.279633083818354,1600.193791652052,4564.862879186393,7503.962644686075,10377.278975977555,13324.075938267275,16224.645449763282,18735.66730971589,20850.601437839734,22160.322518414592,23286.916535156935,23948.81395756619,23611.3916169765,23535.268630545328,22760.637846369696,21606.14343328073,19106.950017537707,15769.356654392424,12396.833917923535,8439.674907943188,2851.0,57026.0,14839.0,2.1942327528512093,0.11960047178290305,1.1918308108347468,1.4166856879075014,1.6136593885251063,1.7887778287126046,1.971481802711727,2.1903032936456337,2.4576016039410193,2.820672855059031,3.444987381997394,11.393570505923725,1.0348383638531924,0.0238705652719364
35763,29.201658444906062,2.3568738014344923,1.0,0.6415454697840363,1.1360692766375422,1.1284847024473266,0.7130200708506736,1.4853644188848802,1.4815072743139348,0.8884675745283027,2.7881221965667544,1.3128288501394958,1.2460625034977069,1.8770627336420944,0.7026963666023026,0.4826232250982577,0.4766084194673551,0.6226902013632762,0.6768718649426806,0.3208696892208871,0.8778073284332405,0.6061637121479257,0.7598934902489484,0.777863737567336,0.850135552881054,0.51158724457627,144346.0,192020.0,18.043478260869566,138.0,0.0015822784810126582,0.425531914893617,0.6676630912607702,0.5632516107808663,2288.0,27.348434123102564,0.003485216147213564,-0.0008153420522941604,-4.27454482128951,0.004720377113323645,0.9448630570433482,0.03814262470790695,0.0017885090229934524,18.01823875289267,21.778132984583443,23.15821454853433,24.057441382039535,24.72599879323286,25.30235639870711,25.789347992908166,26.17445201675142,26.512090355944764,26.835801441518225,27.13499710624325,27.395257574546147,27.571721780975654,27.82803117431579,28.08281360715809,28.264466664765134,28.508020404746212,28.691216917998194,28.871259538125695,29.152287699151152,147.25704225352112,454.8576449912127,769.6608084358523,1062.091388400703,1346.5035211267605,1618.92618629174,1882.9666080843585,2041.5448154657292,2129.9647887323945,2203.01230228471,2242.992970123023,2254.632688927944,2059.426056338028,2006.602811950791,1926.4253075571178,1690.1318101933216,1465.7147887323943,1117.1001757469244,703.1089630931459,264.6397188049209,5688.0,1514.0,2.2715037209167206,0.45194132699706324,1.3900062483041182,1.639050807363639,1.8161457244156358,1.975132026191042,2.132598873217617,2.307715820318048,2.5351818044260153,2.854438517229266,3.316329569998479,6.817539042116149,0.662181201587357,0.194187499834225
35764,27.95890171065146,4.126306740254801,1.0,0.6592301843197308,1.0660881061642944,1.0907807677276344,0.762009533695599,1.1708508794302852,3.6641565023961524,3.6641565023961524,7.864923667456839,3.359205269111496,4.808544172178137,6.71727186239444,0.9747869205222056,0.6722119797869456,0.9211108581067974,0.8936597979747364,0.8821569154480882,0.7867021106522064,0.9023624969876762,0.6001287674618339,0.9267441796776049,0.8272629328325252,0.7875607074774056,0.7915134164040957,23208.0,34932.0,7.0588235294117645,52.0,0.004342431761786601,0.4233395406579764,0.6722532588454376,0.5647585916517267,667.0,25.753619791116474,0.012781352250666804,-0.0033318417708994384,-3.8361222199385683,0.014793665406825984,6.4686036257088455,0.104090772036386,0.006052635468755971,17.21652367994562,21.21342043162304,22.624497196061277,23.482455426946583,24.057305373644155,24.55622313776838,24.972515709654672,25.396893106022592,25.704536866778078,25.87213671959226,26.20055044366567,26.481940528076482,26.717362433871113,26.911628370380214,27.115228305361665,27.442087837010376,27.680542041519587,27.92510984042965,27.95890171065145,27.95890171065145,45.900621118012424,139.53416149068323,240.73291925465838,334.9627329192547,410.53416149068323,477.0621118012422,524.2037037037037,576.6086956521739,636.5031055900621,575.1552795031056,605.472049689441,631.8757763975156,631.5714285714286,594.783950617284,549.1552795031056,528.6894409937888,462.7701863354037,390.527950310559,242.0,80.5,1612.0,434.0,2.0592381660155072,0.6657574608830941,1.2500691839704214,1.417577338933702,1.5582573499332975,1.7111977986792548,1.8754327983513108,2.0639915422880795,2.2724030501918224,2.5233298027849362,2.931704300327027,9.0076847871977,0.9524273978724982,0.65529629932018
35765,26.796294110558506,1.225849917634461,1.0,0.743501196346902,0.9664994937232545,0.9864336783547037,0.697810261495503,0.9578422437694182,1.042401155264276,0.7685671961407865,0.9183933768722238,1.0567371919041955,1.1013985298720625,0.9588148600108193,1.0678322429097171,0.743501196346902,1.2472986987060852,1.08251803070104,1.065477590933497,1.3021963760937945,0.9986035301641796,0.7760120815022616,0.9093808000951761,1.0123372225386447,1.112067454896925,0.9494056103815899,12621.0,19049.0,4.258064516129032,44.0,0.00760043431053203,0.46847826086956523,0.7032608695652174,0.5307084130719539,219.0,25.121550009848946,0.06848903954731579,-0.005775252156139215,-11.859056140866594,0.027793961079265267,0.2337743708016836,0.051149683812558654,0.012538749915176808,7.615972169169285,12.484095417350016,15.372685265786789,17.3598793510936,18.768623223559974,19.841858142534626,20.833991760800483,21.606813279186458,22.28687536196376,23.033721382423437,23.57040251118738,24.02438204124361,24.464145988331136,24.902707073365217,25.28109346184988,25.694925773173196,26.220305689850733,26.678007181345254,26.796294110558495,26.796294110558495,18.934782608695652,36.630434782608695,48.608695652173914,68.15217391304348,81.15217391304348,99.73913043478261,131.2391304347826,156.32608695652175,176.02173913043478,195.19565217391303,197.06521739130434,202.02173913043478,198.3913043478261,204.7391304347826,208.43478260869566,193.1304347826087,199.65217391304347,200.19565217391303,138.5,46.0,921.0,143.0,2.250631991422798,0.4946054675905559,1.023181312958537,1.3864121465485042,1.5589605929479053,1.8862711365346643,2.252881851972119,2.3988119599325715,2.6402438046714063,2.8884117985076054,3.7151636482786445,5.929591594513547,1.0586696256505084,0.350902583908755
35766,22.267153898140016,2.1534217326272547,1.0,0.6529525856743441,1.1036330186621266,1.0244381009601762,0.664291395627875,1.161764429687915,0.9857292366175623,0.6244616485625336,0.7607611466700938,0.962214540530723,0.9400417537732894,0.6548325350901448,1.1166453823590068,0.7738561169545849,1.2294892555327614,1.0900076649945052,1.1649347290177552,1.058294800661989,0.967029436242617,0.6386719407326084,1.0331481360489279,0.9439608262678323,0.961433408495301,0.8892922778901594,92561.0,159707.0,38.1764705882353,204.0,0.0008049369466058492,0.3708573728699852,0.6363880316651013,0.6061398666745087,4472.0,21.852511704481095,0.0017125762092191586,-6.242430923762543e-05,-27.434443891081553,0.002698743078694856,0.24269583454096832,0.017335135196231168,0.0010593503796024887,12.931793177707803,16.667630259595416,18.030276515627815,18.906528716902827,19.553389222342382,20.003138899476802,20.407044982303496,20.776913339953566,21.09285734063173,21.378607501146618,21.612268344168168,21.802820342502777,21.88804847219157,22.077582487719763,22.2559184745037,22.267153898140005,22.267153898140005,22.267153898140002,22.267153898140005,22.267153898140005,235.24295302013422,743.4053691275168,1221.9638069705095,1692.096644295302,2163.1798657718123,2556.4249329758713,2902.536912751678,3336.5114093959733,3717.936997319035,4033.2751677852348,4245.142281879194,4359.786863270778,3980.198657718121,4009.6711409395975,4045.4651474530833,3354.0,2609.0,1863.5,1118.0,372.5,7454.0,1861.0,2.4177372645389617,0.258711596738922,1.122696651623563,1.4137375711126896,1.6703162929394735,1.9069050424862648,2.1806962766055094,2.4829565412557613,2.850855589692502,3.263168378470013,4.064148693622107,10.233979076905594,1.473047923590896,0.178828016009647
35767,27.241015142982448,1.1051108080887098,0.9999999999999999,0.7426172413656921,1.4326285245102146,0.89628670806108,0.6381894838905122,0.8298869441750814,0.9851146956872852,0.6326951445475766,0.9337811442974364,1.0991066662344742,0.9913907397698859,1.1251907875543545,2.34437411454832,1.1439611897657138,10.26570272248415,2.6156519933446964,1.7925102475708794,12.370001473740974,1.0084747288152285,0.815240813728227,1.2768870762437814,1.1251697919261157,1.2774275263177004,1.538627743460917,6346.0,9286.0,2.838709677419355,34.0,0.00998003992015968,0.426,0.652,0.5563228887523267,135.0,24.10830389332562,0.13513973575896038,-0.023569866647391836,-5.733580837798864,0.05227180866978748,0.12610053640494265,0.2227339748885258,0.02254161174603278,2.4990688815965396,5.0446097374152545,9.625739461618226,17.126171274243628,19.369247180351465,20.674148816773776,21.369557419363808,21.874438351578416,22.468022746689837,22.986622660182544,23.414421936467843,23.833148340597344,24.15970601109417,24.44760918282605,24.771986973866042,25.212763442715303,25.58367632597615,26.085991707178092,26.312277747594624,26.816376173655136,12.62,23.14,18.94,21.38,38.42,63.62,91.3,96.38,108.3,117.3,125.46,127.02,127.1,118.26,114.14,100.34,91.58,89.78,51.46,21.980392156862745,501.0,79.0,2.2479878782150187,0.3153763004037248,0.8010991160409402,1.2190986493094214,1.718507635090171,1.9824523363901914,2.2810866545080954,2.4937952769886635,2.804791693282996,3.1224307196134267,3.5576661021672678,4.439708353073746,1.0401072397298667,0.986773061563726
35768,16.769861390814473,1.1865133515580215,1.0,0.6740715226395881,1.033596222571272,1.0706950436523204,0.7524637953864929,1.1676123175998339,0.846475354989255,0.43479151067441,1.247516418884385,0.7905849195881075,0.5778238279904021,1.0684337601446374,0.933185403346305,0.7041320635316536,0.7545012380901683,0.8715697423638509,0.9357686945854792,0.6461915712238592,0.9300045988075498,0.6190454405722711,0.901737648466678,0.8685989575847368,0.8226913299586815,0.7722919969877563,27965.0,45077.0,9.235294117647058,62.0,0.0022603978300180833,0.399366802351877,0.6603346901854364,0.5808131896711866,1218.0,16.36263129842642,0.006003075320286394,-0.00032179844638787245,-18.654767876196406,0.007048099520242628,0.19800906524901937,0.021885476334040713,0.002889087062913354,7.525893120675309,10.926709832318348,12.244358080558188,13.035142946958153,13.659809473969112,14.21622701588956,14.644905809836494,15.003411207776116,15.353692473236594,15.564747006900816,15.796869426340772,16.045480550772517,16.265273164242217,16.421206712507214,16.552875068188357,16.608955077451544,16.6972609349743,16.76986139081447,16.76986139081447,16.76986139081447,65.89140271493213,198.42986425339367,333.5113122171946,472.7918552036199,611.7737556561086,727.8325791855203,861.0495495495495,980.1447963800905,1096.7737556561085,1104.054298642534,1119.6606334841629,1146.1447963800906,1189.0090497737556,1140.2567567567567,1061.945701357466,874.6108597285067,716.2533936651583,553.0,332.0,110.5,2212.0,570.0,2.2916932057280994,0.17830152986331835,1.0586794678326368,1.298373276768167,1.453912488527185,1.7198835258614873,1.959119684703808,2.267151341874814,2.619724569688748,3.2163135691605422,3.991894321458763,7.4505753970853466,1.6203135758694815,0.679826698268298
35769,26.80554335951257,3.148488129559876,1.0,0.6770330692399429,1.0305879056142597,1.0379183443035847,0.6999206349335627,1.1544274252192426,1.178329635282536,0.8412277509841742,1.18713885142706,1.1352816353517325,1.2018901986852046,1.0283356281159077,0.9187753888511061,0.6410697565800225,0.7503235132138009,0.8852097025682495,0.915917783508231,0.6499529522796147,0.9646016923235833,0.6592634523774589,0.9138246021972615,0.9293618304538255,0.9419117246629497,0.7915825475332179,354536.0,570056.0,71.91111111111111,432.0,0.00037934468206173835,0.39221358118361155,0.6489472685887708,0.5950675769077971,7239.0,25.373392353602256,0.0013059323538551788,-0.00020220540582936063,-6.458444315565152,0.0011218254566555716,0.1751849814315849,0.006303905122216794,0.0004550610856019383,15.452644888327628,19.255439884132063,20.702779118480123,21.588643714130995,22.25094877325169,22.747804791948376,23.193112748416326,23.593317358194398,23.842095679447098,24.245792712875293,24.635539271931375,25.004437587916108,25.32608063887229,25.583359923310244,25.912042690403304,26.149287856511375,26.418073902609933,26.673094992466897,26.805543359512566,26.805543359512566,592.8178368121443,1791.7211948790896,3032.800853485064,4163.994310099573,5086.835941204362,5604.9644381223325,6064.0939278937385,6377.220009483168,5843.624466571835,6159.653390232337,6544.4874348032245,6853.517780938833,6979.176861071598,6553.251423149905,6734.959222380275,6135.065908013276,5558.063063063063,4684.599336178284,3163.0,1054.0,21089.0,4998.0,2.4486014231811217,0.3053195285829968,1.251507791940448,1.5472510392579408,1.774470355589353,1.992423310617844,2.235707519188919,2.495923951267237,2.8139075871307133,3.2472949376647775,3.9169128615795388,8.224098583233493,1.2412096300342172,0.0395772063615732
35770,19.42415660167846,2.1906106062969855,1.0000000000000002,0.7232500993510026,0.9442098208594579,1.0402414073225634,0.7125602474014121,1.057180105196702,0.7841213927339032,0.5765749949292968,0.4999370471045924,0.7537879065515404,0.8091596423347629,0.47289676058704555,0.7722460103123187,0.5269314606964399,0.6241344254028361,0.74237191951431,0.7394903976443686,0.5903766277239089,1.0180056633216168,0.7705530511667893,0.8818721682522302,0.9786244386693101,1.081386526931396,0.8341740105751863,11277.0,17723.0,6.814814814814815,50.0,0.008359456635318705,0.4361924686192469,0.6736401673640168,0.5601040092625078,345.0,17.431590207620665,0.02867932275612914,-0.0064228707959955965,-4.4651875566311485,0.018026721752491082,0.2497305121377112,0.031521840785326195,0.008802715915475283,6.733772724630712,10.514051801877157,11.803596078276756,12.990591907615988,14.0088586975103,14.717007835816876,15.3970609412736,15.922647359596711,16.401956360040668,16.874406678947725,17.222207833673657,17.509126748632124,17.770230027532122,18.112481327008783,18.291661400842028,18.54375832987079,18.8870462050574,19.273265756705054,19.42415660167845,19.424156601678465,20.726315789473684,64.64583333333333,101.05263157894737,126.3125,147.83333333333334,174.74736842105264,209.41666666666666,246.83333333333334,291.85263157894735,320.8541666666667,330.0,326.1578947368421,305.4791666666667,329.6875,295.05263157894734,253.35416666666666,233.08333333333334,213.4,143.5,47.5,957.0,200.0,2.33503531673808,0.8031029717876399,1.4513848666809899,1.726604693380718,1.9237293934524073,2.134813646023314,2.2816053612316054,2.427104523201275,2.666357986788048,2.9283440385852435,3.240049147499745,5.066027473741129,0.5316616169760611,0.481545080009382
35771,14.287604001108532,0.6631367226983971,1.0,0.7451154243138964,0.9417492543149676,0.9717748943864465,0.6719165819414742,1.0295237516003317,0.657055309110357,0.44790516111757533,0.45107912058222044,0.6761394155229795,0.6666082861407774,0.43814348127573116,0.9525029203809086,0.7811651011410293,0.5415261405784006,0.9801682734171624,1.1625923844354105,0.5259967433841438,1.0765783886263753,0.815081981544078,0.9564714144930592,1.1078475013558557,1.2130701986680155,0.9290425917870111,5881.0,10641.0,9.0,62.0,0.008746355685131196,0.3708029197080292,0.6364963503649635,0.6115702076707668,283.0,13.0714623145304,0.031298290408102045,-0.004179631550698983,-7.488289345233759,0.01988973325315348,0.1354529523477714,0.03192838731585765,0.00945887061473158,3.7367660322720746,6.902599226055245,8.42524375595784,9.45995792834618,10.11946406852513,10.685512437370642,11.100030474236814,11.523023000468795,11.953231967383452,12.347686916661269,12.706890466475809,13.009180520568652,13.172468986062025,13.407822218522023,13.666957920064782,13.867165171905683,14.177923568270963,14.27481366534588,14.287604001108532,14.287604001108534,17.970588235294116,56.028985507246375,89.08823529411765,117.95652173913044,150.47058823529412,184.7536231884058,201.2058823529412,223.6086956521739,239.11764705882354,249.3913043478261,255.17391304347825,272.02941176470586,264.8695652173913,256.38235294117646,249.8695652173913,229.94117647058823,220.231884057971,169.97058823529412,103.0,34.0,686.0,134.0,2.5751851535797994,0.5654876993480638,1.4981938098539844,1.8123487210786438,2.018238260476775,2.207503692950813,2.4722674529363458,2.744110208304115,3.035398127849288,3.383475017845277,3.8751396966472247,5.033778798417846,0.86216831816301,0.936872731742915
35772,14.21223592652494,0.3251843362061099,1.0000000000000002,0.6978029862918194,0.988061508228947,1.034599769103576,0.6956072100071246,1.1558222608622764,0.4924514001974636,0.38908459976034393,0.2110371430831864,0.47598251507841116,0.5593452657806104,0.1825861555268426,0.8120815112312955,0.5806810672071308,0.7363679154072171,0.7849233447393088,0.8347829908220521,0.6370944221630285,1.0916325307293209,0.8079332674916563,0.8701335522887845,1.0551254343263199,1.1614791449378181,0.7528264351299482,8830.0,13308.0,4.133333333333334,34.0,0.010014306151645207,0.4283667621776504,0.669054441260745,0.5594230854988673,258.0,12.94514078424513,0.03525718433076729,-0.005869233199843839,-6.007119351077304,0.019895489384410932,0.10951387020600875,0.02103401349379055,0.010901252892037168,3.528946816344157,6.074545822586799,7.368984131055156,8.19565765307755,8.928706001133264,9.586157561061146,10.190723443859838,10.714938425746814,11.179341155093878,11.59442432135223,11.910663853510044,12.226062984673938,12.539272568636461,12.840290077428023,13.03351831871053,13.320719240926271,13.569293846868309,13.77568249328606,14.074330219910385,14.21223592652494,20.72463768115942,51.72857142857143,85.87142857142857,116.95714285714286,140.24285714285713,158.18571428571428,182.04347826086956,199.87142857142857,211.44285714285715,228.1,232.75714285714287,246.47142857142856,242.44285714285715,252.08695652173913,230.04285714285714,205.04285714285714,180.15714285714284,146.72857142857143,96.1,34.5,699.0,143.0,2.462341539532322,0.3979343620079224,1.2179933256209514,1.611982865682984,1.8396762899863783,2.0092165034337954,2.2496987211402044,2.594627594487532,2.773681581462989,3.181228106075548,4.080712259584856,7.352562350100593,1.3336932599815323,0.907812210430857
35773,20.28231729539953,2.497677441951065,1.0,0.6408095120970873,1.1494719828784565,1.0794513722607582,0.6798344514949237,1.3792687066057907,1.0892163169602374,0.7285663921753066,0.8785914483930293,1.0090462108348872,1.071682069911614,0.6369980295972449,0.8144866783963809,0.5571594364874936,0.636991162796115,0.7545376283977978,0.8195516353464087,0.46183253469417956,0.9281623305817295,0.619396256503683,0.927033411918793,0.8598463575416323,0.911098658124283,0.6721195133906194,47516.0,69608.0,9.68421052631579,54.0,0.0019973368841544607,0.3852813852813853,0.6493506493506493,0.5925060696695472,1807.0,20.208403582339564,0.004022465371863286,-1.0771481565766714e-05,-373.43659247835024,0.005922290993489332,0.7470312878317409,0.028665553724122852,0.002428865969849111,11.53353130112552,14.691991331955975,16.103588942351916,16.96757269984128,17.60979101998011,18.08991979658904,18.494076196094987,18.85271787390599,19.146721418672325,19.434001080523586,19.64688853910924,19.792991687560434,19.949059552526144,20.162007357959585,20.281707865670768,20.282317295399523,20.282317295399523,20.282317295399523,20.282317295399526,20.28231729539953,100.24,287.56,500.69102990033224,709.1733333333333,896.94,1069.624584717608,1271.2533333333333,1430.0066666666667,1532.1461794019933,1662.54,1715.6333333333334,1693.4186046511627,1668.7666666666667,1757.6666666666667,1650.7906976744187,1351.5,1051.5,751.0,450.5,150.0,3004.0,749.0,2.3609708170995454,0.41548644202816326,1.1584460749229906,1.4369948729811743,1.6807919975201209,1.8900796885991766,2.1440509806731076,2.403783091260707,2.7150539564969747,3.122766911323942,3.9161547571502964,8.084257845813443,1.3586438748037313,0.392691054502502
35774,34.96310690102028,0.49104769965417505,1.0,0.6238543183306806,1.1510256224444089,1.158634307724081,0.8026837609985964,1.3242257918705322,2.281672861301016,1.961739374116731,4.887588393807111,1.9692778351980038,2.443975410286345,3.6909025815779946,1.654307634137705,1.1612847870381076,2.7566089076277405,1.427808259352583,1.4467525611747591,2.0816758928504924,0.8157305836300831,0.48654872568580865,0.842520959322936,0.7040449071738885,0.6061524467375633,0.6362366331294869,57681.0,76277.0,5.916666666666667,44.0,0.0035294117647058825,0.45272655943507256,0.6959591996861514,0.5218285542675777,1305.0,34.14456116154229,0.0068042217437729174,-0.000580830865746765,-11.714635266541556,0.01352375802328996,1.3925420382359137,0.18212776707416956,0.004702319245384736,22.264952654094838,28.157020101731824,29.610363443878995,30.578364417791814,31.253986840346045,31.878147929088758,32.37965569703407,32.795789222894044,33.16995214836957,33.4685299037175,33.745809411498136,33.98191564809654,34.143237501527445,34.33074569788982,34.59410302991143,34.75001926177102,34.81835375778243,34.85224524161777,34.9518688429809,34.96310690102028,41.50787401574803,165.27450980392157,300.0470588235294,433.98823529411766,561.3882352941176,693.643137254902,837.2,968.3333333333334,1091.1764705882354,1168.4352941176471,1218.3764705882354,1255.549019607843,1220.1176470588234,1152.2313725490196,1145.5529411764705,1029.164705882353,823.8980392156863,588.6705882352941,378.61176470588236,127.0,2550.0,802.0,1.822108233765034,0.31331859264650624,0.9922140562922477,1.1786795018769118,1.2889906214886089,1.437075697988982,1.590603557976531,1.7791763461154253,1.976286775141764,2.2897032356169684,3.0554034282528226,7.104990493658942,0.8608552159751632,0.404792895817664
35775,17.084293656349324,2.2644278049952047,0.9999999999999997,0.5882203262292023,1.3759724582567618,1.1871030881796072,0.7474218793143523,1.7431503164325208,0.61625464280118,0.39232990047798383,0.6172728810625095,0.5191247912143764,0.5249109122118392,0.35411339759029026,0.7565170378061769,0.4631345607007001,0.7656340473743019,0.6372799846441952,0.6196427660447359,0.4392243400679441,0.8209624485991215,0.4942327516020567,0.9602520432190078,0.6915679495519187,0.6612500453631907,0.5508716225828596,134156.0,186186.0,14.52,102.0,0.0011030570438071226,0.43703703703703706,0.6838455476753349,0.5466475522519568,3754.0,16.57764860958941,0.001811243148749805,-0.00011532781459525277,-15.705171862541832,0.0023356762571086083,0.11244264312317931,0.008780928784932676,0.001006297919023089,8.660124423188284,11.803085155632647,13.155601216700159,13.993174658894949,14.575577515080655,15.016495077413484,15.380093173401646,15.662001527105298,15.871678300547174,16.098457979968178,16.369840917409864,16.553599922960842,16.682945221439464,16.81483381963631,16.890873747095736,17.068100172307552,17.084293656349313,17.084293656349317,17.084293656349313,17.08429365634932,235.68611987381703,697.9259842519685,1146.897476340694,1601.0425196850395,2091.0362776025236,2521.5732283464567,2922.0488958990536,3234.4850393700785,3305.5914826498424,3422.5212598425196,3661.817322834646,3690.143533123028,3537.32125984252,3357.2381703470032,2960.7779527559055,2812.865930599369,2221.0,1586.5,952.0,317.0,6346.0,2195.0,1.966965672505213,0.30323821033235643,0.9200557065372363,1.1550846466504072,1.3409393260543305,1.5223969991933461,1.7075274667785882,1.959674414783423,2.2318741940454534,2.6003917573766286,3.2349464551975986,10.261527977572896,1.1645899773722168,0.399799906089902
35776,28.776003157292006,3.9768257519266523,1.0,0.6971943178276425,0.9793887206703471,1.0112555265208738,0.68416438452421,1.0922841594332993,1.189881646658223,0.8496362273684722,2.3101144280251265,1.1766379668172444,1.2418597731586636,2.1149390550748843,0.9488158732857319,0.6503279412482101,0.8898935866538825,0.9382553156965585,0.9505434014962196,0.8147088639604355,0.9903776430256692,0.7105184684092706,0.8615062074271705,0.9793544925613085,1.0385201049355821,0.7887198582776653,246584.0,396188.0,59.25581395348837,370.0,0.0005262465465070386,0.3881323597131768,0.6459443457667259,0.5981422604185487,6078.0,27.032026030418038,0.00143616255756135,-0.0002766445373814479,-5.191364236414019,0.0016314174992017206,0.2990817404645277,0.012628147953890187,0.0006655945818201835,17.339321832544023,21.407407244813786,22.919747604390167,23.882549344631652,24.60467627548987,25.210121037619064,25.712387415658032,26.15082773974274,26.510649564096486,26.834179280954295,27.112698201256727,27.35981244568218,27.563062221369993,27.815957557034203,28.100308291748718,28.373752264150564,28.64040633471942,28.77600315729199,28.77600315729199,28.776003157292,383.3315789473684,1144.6763157894736,1887.3907894736842,2630.8605263157897,3273.1065789473682,3876.9934210526317,4476.850756081525,5105.506578947368,5555.421052631579,5893.371052631579,5993.803947368421,5902.2907894736845,5521.9236842105265,5305.683760683761,5175.9315789473685,5016.151315789473,4692.025,3800.5,2280.5,760.0,15202.0,3198.0,2.478636929713166,0.2285323371503172,1.2607885175138982,1.6148776657864705,1.8687072838562824,2.0960341143796173,2.312617716867251,2.5560191810881947,2.862749732657966,3.2521223716738463,3.836692701632205,8.171172504091857,1.1430265286975716,0.046882239410188
35777,15.868392298227615,0.8767259074901331,1.0,0.7311612435383051,0.8861027474333837,0.9955426257420342,0.7541768704493766,0.828721624370461,0.9528041576387859,0.38600521825845036,1.4423251342608485,0.9570701776115383,0.5118231987523683,1.7404217433767484,0.6973446916460356,0.6720347175908168,0.2691241272781278,0.7004669349303504,0.8910837018780284,0.3247461142124391,1.8301116222114926,1.6875661086198441,1.540975941403799,1.8383056384425598,2.2376264437999898,1.8594614839143389,2153.0,3665.0,3.8,32.0,0.030534351145038167,0.47126436781609193,0.685823754789272,0.5394100615715787,73.0,11.003320832462872,0.1323062570789969,-0.08306935490388906,-1.5927204109394464,0.05743933483041181,0.1816798755603428,0.03182791469228931,0.08183722551042796,1.22547852352601,4.329891358165634,5.799078887002455,6.307253956340157,6.817667538968187,7.303530210404428,7.954361429604742,8.560699342155512,9.134082073016543,9.575282511343008,9.979037643418565,10.256102515837405,10.587870965005747,11.053003333812823,11.52763569736759,12.196195223202762,13.284690318782891,13.993711994546382,14.706770464659595,15.653511942756957,10.038461538461538,11.73076923076923,23.5,32.88461538461539,40.11538461538461,41.88461538461539,45.370370370370374,48.42307692307692,51.26923076923077,61.65384615384615,64.03846153846153,63.57692307692308,67.03846153846153,70.07407407407408,59.65384615384615,54.26923076923077,46.57692307692308,40.11538461538461,28.884615384615383,11.666666666666666,262.0,32.0,2.0078963115238024,0.547748929030398,0.8389543601715207,0.9342324195467449,1.0987282978663877,1.7173444608792066,2.063881871971443,2.1729796712479468,2.4983286539764014,2.882460438587965,3.205815263908299,4.622697115859685,0.9987790089731983,0.950320790149272
35778,19.442416491077196,1.7912493802454819,1.0,0.6743973280547345,1.0523452730336436,1.012638697473307,0.6892229209939907,1.0639235148713815,0.9970405682719624,0.840561597205113,0.7108775086842121,0.9845965503389665,1.219578704656054,0.6681659900807349,1.0373596403167078,0.7416276837398316,0.9559243107965149,1.0244124018814247,1.0760345617500113,0.8984896916317121,0.9828390095092869,0.6570647192235575,1.0505403376850964,0.970572240584549,0.9533413634531263,0.9874209217117426,39763.0,72967.0,21.02857142857143,124.0,0.0020268558398783888,0.37328940699442476,0.6345666497719209,0.6090917211917196,2235.0,18.887659438995545,0.0033393656372816974,-0.0001545984229582918,-21.60025680328321,0.004473179703707987,0.20341028302741382,0.020239968703277985,0.001795867477593085,9.943922746318226,13.65183169406547,15.07120804595933,16.027881584572953,16.66169959722628,17.159730022524666,17.54799265535831,17.88089664497115,18.175368733736263,18.47422367663758,18.63914547431693,18.873571119034654,18.989616663648103,19.208279542921673,19.419319422422955,19.442416491077182,19.442416491077182,19.442416491077186,19.442416491077182,19.442416491077182,119.88071065989848,345.85569620253165,603.1345177664974,879.5544303797468,1144.2810126582278,1410.8502538071066,1613.0936708860759,1791.060759493671,1975.9263959390862,2142.7746835443036,2076.448101265823,2165.271573604061,2006.7493670886076,2053.1873417721517,2116.4086294416243,1776.0,1381.0,986.5,592.0,197.0,3947.0,943.0,2.3938825564733364,0.07242023465812154,1.066692706496605,1.3260349175315693,1.5688886358155874,1.822854968646056,2.1422893552075086,2.4806809941033467,2.8115924765702194,3.2102902324434575,4.120127014124194,8.71729102759009,1.618460213692416,0.333440193377901
35779,24.246087417100078,2.9338713894689463,1.0000000000000002,0.605540156078198,1.2968777088992114,1.181583334795927,0.6986269061301964,1.7836833940503156,1.5977951879601848,1.5401897695148197,1.985305209232553,1.352249258183844,2.2045955516459728,1.1130367731486264,0.7379119812531562,0.4036743150061884,0.8231128991791887,0.624511161864518,0.5778110053650861,0.4614680508462309,0.8197992529997982,0.5324197329467314,0.7351380973203064,0.6938141634685351,0.7620945146471491,0.4121460679470614,33368.0,47852.0,10.222222222222221,62.0,0.0035496957403651115,0.4485032978183663,0.6915271435819381,0.541922897184122,999.0,23.457757887226904,0.007232690311782736,-0.0008146525039081817,-8.878252110052953,0.010812894991187788,1.4314777378153838,0.08239629217872885,0.004281455482932638,15.105303780783698,18.47462240625299,19.747689101810515,20.56758814655451,21.22891382613183,21.792919165226337,22.19919281861108,22.515160165677035,22.786389008016656,22.986557265506214,23.231408873780172,23.44553438059844,23.54557151120113,23.700490367893526,23.90147163113043,24.07279088043608,24.176440550365275,24.228306080651564,24.246087417100064,24.24608741710007,70.05076142131979,209.67005076142132,334.47715736040607,458.56345177664974,575.6446700507614,704.3807106598985,824.8333333333334,891.0558375634517,946.9390862944163,949.9593908629441,963.8426395939086,966.7005076142132,874.5329949238578,840.0454545454545,824.4263959390863,756.4619289340102,647.5837563451777,483.11167512690355,296.0,98.5,1972.0,691.0,2.104074204656277,0.2846922498910454,1.0650977507670956,1.2992723736497078,1.488153309032345,1.6798552887875275,1.8686688642627005,2.10298234898566,2.3935589407887945,2.7694730830710697,3.425680868805632,9.397108673455708,1.099863715557266,0.476400119629689
35780,31.892067316292056,0.4260449123681511,1.0,0.7162305511307591,0.810737822830895,0.8967747646506739,0.6082519983200514,0.8059494613292053,0.7622235044165692,0.5634416263874844,0.36898101764465635,0.8499609204697934,0.9263292647515667,0.45782153267540815,0.9420916452214709,0.7090475276181514,0.6557379646047038,1.050533179965707,1.165713437155143,0.8136216922624819,1.1885207711301886,1.0444990238161755,0.8493634820658005,1.3253280734245019,1.7172142906246215,1.0538669269224339,26624.0,36212.0,4.883720930232558,40.0,0.005961251862891207,0.44742729306487694,0.6972408650260999,0.5243789959343739,242.0,28.08348904126101,0.07348546021471879,-0.019464024316106075,-3.775450493755862,0.02346459537951074,0.28583282642161895,0.026521099026689365,0.01172649112674212,10.055482936777643,13.854020648527534,15.865606060011789,17.724178917366807,19.64562457284087,21.11233002172991,22.31859638877219,23.28774653402989,24.15475702267986,24.92135056364164,25.59216309321448,26.32106013036281,27.088719903822128,27.838956868671104,28.444451047588586,29.018892917708765,29.66778900236043,30.255678809293364,31.091860006281117,31.85088404807828,23.261194029850746,58.06716417910448,78.09701492537313,77.84328358208955,97.05223880597015,117.93283582089552,136.17037037037036,152.66417910447763,178.05223880597015,200.27611940298507,225.48507462686567,218.2462686567164,227.2910447761194,232.05925925925925,227.47014925373134,206.26119402985074,186.7537313432836,147.36567164179104,111.26119402985074,61.977777777777774,1342.0,146.0,2.041700773830581,0.25943492757389747,0.7533157290665784,1.0736960054955373,1.3800205376636783,1.677440694289705,2.006380626480688,2.189783736148604,2.5170613073847052,2.9858958421133908,3.4764640358700594,4.638935128474241,0.9712248854180343,0.27415648705326
35781,18.98578952659004,1.2863362139295254,1.0,0.7626795872058074,0.8821820461281437,1.0024450019436437,0.6891284999562599,1.0214949618093174,0.7769302739961859,0.4417698182566677,0.8033757412819347,0.7750353111540218,0.6410557947969175,0.7864705860702041,0.9371684903093745,0.7350873013049184,0.6456833801925488,0.9348827002900864,1.066691192356107,0.6320964902742991,1.023386587832153,0.8313438083131955,0.7621460662784386,1.02089050855449,1.2063697965850524,0.7461084927217766,21904.0,34740.0,10.903225806451612,64.0,0.006626506024096385,0.4207353827606992,0.6732971669680531,0.5757814757029861,542.0,16.6596594577346,0.018490164387876987,-0.004704991578058247,-3.9299038225925775,0.010668748229451788,0.11440351260240438,0.018766286685678746,0.004995697664513912,5.904346689307026,9.972441790292706,11.678788693769706,12.788374450551444,13.608703429952557,14.265595168311156,14.843094253531271,15.367915982399554,15.797450557859769,16.21622510046363,16.600594709662083,16.85899791475605,17.164536542919198,17.546334126997348,17.908966670469447,18.14408916029955,18.52746527168059,18.837737464210615,18.985789526590025,18.98578952659003,36.412121212121214,104.56024096385542,174.09036144578315,235.8012048192771,301.43975903614455,359.60843373493975,420.4759036144578,453.00602409638554,475.8855421686747,489.45180722891564,525.6927710843373,484.921686746988,457.0301204819277,474.83734939759034,479.0301204819277,413.3313253012048,401.4879518072289,353.1024096385542,248.5,82.5,1660.0,285.0,2.5199471731117065,0.3229069224294254,1.2474377287250484,1.652837721945336,1.9381897629706293,2.128730749276443,2.398518966336536,2.685839152689568,3.0816349096538524,3.41665605180447,3.8949287706259432,5.422708822319234,0.9964586029283748,0.469682991781738
35782,18.81559890559829,1.2048272382866905,1.0,0.6327030609265047,1.1677673441263365,1.1023504478268893,0.7324404147372232,1.3050346002541875,0.8617051766999909,0.7150721760852681,0.5755211160983932,0.7816980329610309,0.9762871650683198,0.4410006569835745,0.8720687329764966,0.5635227990626995,0.9220798506948619,0.7910993592787512,0.769376986474557,0.7065558648906812,0.900271824721901,0.5574541511619422,1.0209927889776609,0.8166838653684456,0.7610914689380424,0.7823492103418541,113831.0,166781.0,13.46938775510204,104.0,0.001229256299938537,0.408944213923467,0.6617488858152759,0.5726446979825025,3788.0,18.3356093303015,0.001949718249255557,-7.934996815085662e-05,-24.57112831537424,0.002706434865116275,0.13204639839528554,0.011467555149841135,0.0010599894609596163,9.792932307295962,13.246942796262472,14.635690898994605,15.475454024529757,16.078877139585607,16.572294423794673,16.988983693020522,17.322694548793116,17.569891175342082,17.825614303746313,18.072224805255765,18.2987085569345,18.42892877628072,18.616588677174843,18.787856032633204,18.815598905598275,18.81559890559828,18.81559890559828,18.81559890559828,18.81559890559828,214.70615384615385,645.7465437788019,1057.852534562212,1496.815668202765,1914.3338461538463,2352.199692780338,2723.820276497696,3026.6605222734256,3188.170769230769,3410.219662058372,3583.935483870968,3715.1105990783412,3531.423076923077,3556.3072196620583,3489.5499231950844,2928.0,2277.5,1627.0,976.0,325.0,6508.0,1920.0,2.1385954520755495,0.3036582288152693,0.9974968720532941,1.2546334677141537,1.4446018763638664,1.670128040291231,1.8764872656021627,2.1010610848797104,2.4174568396549967,2.880220165503053,3.6374185278640323,7.8586369368445705,1.2726326133949566,0.138059607462492
35783,27.57667206475252,1.0869161481720968,1.0,0.7360241431151225,0.8379928759104599,0.9361940883952349,0.6631063223225124,0.8272937554251759,0.6994790109462261,0.4934618396354365,0.642926484764936,0.7471517066992264,0.7441669955839049,0.7771441287315326,1.1835716781812369,0.8491908316767771,1.1488102739686585,1.2642375046503884,1.280625448875994,1.388636462483926,1.0502379478484347,0.9313177593740176,0.6588439032924461,1.1218164703952431,1.4044772731348747,0.7963844752506837,13645.0,21437.0,5.705882352941177,40.0,0.00794351279788173,0.4620141342756184,0.7031802120141343,0.5230712744342697,188.0,23.52812995121575,0.11546973931702718,-0.023012636504142897,-5.0176666761428885,0.023400844449275992,0.09095208433095327,0.02387714628068738,0.014225130647062755,6.1893758383255415,9.428282762471044,10.919105939520371,12.148349769104817,13.939912210192917,15.720016587961325,17.317697645030147,18.342539795420784,19.43249451110156,20.298109305836157,21.030729663907668,21.827418488805705,22.646836073407755,23.431913851369323,24.055336307786256,24.66706522427292,25.341190721838473,25.796226028682565,26.69057338488186,27.365031023904336,24.884955752212388,61.0,83.29203539823008,89.83333333333333,75.15929203539822,83.27433628318585,102.57522123893806,119.53508771929825,128.58407079646017,150.78761061946904,160.5132743362832,154.18421052631578,158.64601769911505,176.4070796460177,179.8495575221239,178.81578947368422,169.39823008849558,130.61061946902655,112.63716814159292,49.81578947368421,1133.0,132.0,2.2179610856431324,0.38461322027188327,0.93804746910585,1.1921055470120334,1.3341682605111946,1.664905258484259,1.9642615697830275,2.286437624089654,2.6925200110396776,3.1409925200857067,3.9536580618396195,5.949542214662005,1.5438497987052606,0.349391506935935
35784,22.832822494695172,0.9923220795528531,1.0,0.843609250773428,0.7401250447815492,0.9358396272644075,0.6726849486951634,0.7529858102891027,0.7359888951901676,0.47035074549904543,0.46315138828126107,0.786447670891612,0.6992140175150425,0.6150864756713514,1.0361657498985413,0.881328217360503,0.728669668357177,1.1072043966842924,1.3101649131143103,0.9677070383005095,1.129324016263401,1.148597577020386,0.7323036822128142,1.2067495149404774,1.7074822013609363,0.9725331768624593,5765.0,9261.0,4.64,32.0,0.01090909090909091,0.48269581056466304,0.7085610200364298,0.5271886758089489,129.0,19.63488465936499,0.1272737706988493,-0.02555750346341629,-4.979898403654037,0.0397823322680188,0.14913373826600898,0.045283696896355835,0.02306356324054713,4.899941276701188,7.792339136652734,9.95898133721569,11.799199725088295,12.902318053856511,14.04911563684458,14.96856767386899,15.858732007907655,16.665686298588398,17.506979580567993,18.065166789789874,18.642046663170273,19.271098772853037,19.816527174432498,20.346240175111515,20.737775967591233,21.09741147337573,21.58767990437558,21.969750513678,22.780264290902366,13.648148148148149,25.90909090909091,31.30909090909091,46.63636363636363,51.56363636363636,63.43636363636364,68.69090909090909,74.23636363636363,84.61818181818182,96.85454545454546,109.56363636363636,106.12727272727273,116.07272727272728,121.9090909090909,121.0909090909091,111.54545454545455,97.2,88.6,52.8,24.818181818181817,550.0,55.0,2.1153174135843886,0.4175706228045617,1.1429114332584207,1.3325364475600725,1.5682108477897834,1.7279777729335235,2.012601307269393,2.24031104967385,2.377974793255404,2.952314392469269,3.2753829136494765,4.325050948981968,0.7788319326914288,0.533790976488963
35785,27.35717038590586,0.4771980958828113,1.0,0.6647060402165132,1.11823561675453,1.0342055926349178,0.6919307844286405,1.1995468501384514,1.6945284991637126,0.3970787065058571,6.200729452408485,1.6384832099451754,0.5738705596597259,5.169226572261682,1.1591685296823457,0.7833287456718607,1.9122647405315332,1.120829879414064,1.1320911907665616,1.594155943397142,0.9453194009161118,0.6392936070346448,0.9196033621699922,0.9140536539815604,0.9239271057473462,0.7666256320575155,59924.0,88294.0,13.365853658536585,110.0,0.0020319303338171262,0.4137630662020906,0.6643437862950058,0.5736812963706656,1290.0,25.613984418191496,0.008325803332785089,-0.0015019960970261712,-5.543159099593864,0.007804870002910293,0.36899401986675945,0.03726318974889935,0.002869878405592904,13.806585381174445,19.11664164352463,20.814410598718755,21.895669245796018,22.646049724269986,23.232721039358207,23.716914063717255,24.157732374777652,24.479401223387505,24.82798630516307,25.278329539961092,25.612348144251936,25.668781430563264,25.995391662649343,26.373334717504985,26.711458312717763,26.988879082079176,27.30428070646571,27.357170385905853,27.357170385905853,64.37790697674419,221.12790697674419,387.8434782608696,571.5872093023256,734.0202898550725,870.5232558139535,946.6724637681159,1038.8255813953488,1035.1507246376812,1019.0697674418604,1163.4476744186047,1239.663768115942,969.25,971.4753623188406,1038.7325581395348,1019.5072463768116,916.0116279069767,818.5710144927536,516.5,172.0,3445.0,788.0,2.356297384879032,0.26544731580643977,1.1573050070136877,1.4273544465707428,1.6654257482319965,1.8940379951673487,2.1058018781855417,2.3152552652878042,2.653534848565483,3.1253139091580504,3.8702639439805333,8.386354678768758,1.420709750636977,0.279699545945041
35786,31.0133758500963,3.063406006853989,1.0,0.6574853806960048,1.0707634618388797,1.0737906670529267,0.71228199940762,1.2504187406412837,2.0246050891438583,1.8293444695643761,1.961366628912065,1.8854746565273195,2.568286817701104,1.568567844645521,1.4574896312480363,0.9699101966898891,2.3530223606254537,1.3573312526995518,1.3616941007866679,1.8817875037754905,0.9177702973791199,0.6064875186010386,0.8546803250980809,0.8547013170620931,0.8514710734027154,0.6835152875745878,41741.0,63099.0,12.777777777777779,82.0,0.0024647887323943664,0.3945051074321944,0.6530468474815075,0.5887805316048546,1577.0,30.21524298924356,0.004548710116196812,-0.0003439923005035111,-13.223290490917204,0.009845005228334735,2.386148033461013,0.25557011651273837,0.0036775720799359806,22.251438332661213,25.656502515560845,26.85102042842031,27.725159035122513,28.336482835151557,28.779037813005232,29.15611676913126,29.49380613841898,29.763830587972965,30.007131335755037,30.204822153827216,30.388733556767324,30.551803573424213,30.76673492285931,30.929771621968364,31.013375850096285,31.013375850096292,31.013375850096292,31.013375850096292,31.013375850096292,96.4416961130742,305.07042253521126,506.76056338028167,713.0774647887324,898.1056338028169,1070.9788732394366,1212.9577464788733,1352.0211267605634,1425.1971830985915,1509.9788732394366,1521.1267605633802,1528.274647887324,1481.6408450704225,1507.0422535211267,1453.7676056338028,1277.5,993.5,709.5,425.5,141.5,2840.0,813.0,2.3643972748891793,0.48110907313869816,1.1384268331204117,1.4267199559498627,1.6814489042131155,1.8886788950356217,2.1331658308134545,2.3938456016782697,2.7208072729595667,3.191965267952714,3.9316040080221932,8.14258226533235,1.2640717538452948,0.439958068919368
35787,22.162659777403427,3.2823018267296997,1.0,0.6674040277589309,1.0653172816514638,1.061781750976849,0.7294410648462085,1.149622556470477,1.3526531972191904,1.210528860889825,0.535212943245316,1.2739465487843777,1.659529356419009,0.4655553600901015,1.4468112507057247,1.0822520607225865,1.969253256675969,1.362625840361868,1.483673065418606,1.7129563486661987,0.9140479206567605,0.6018552736892202,0.9199023254240333,0.8608623380613087,0.8250910220089024,0.8001776933189958,35278.0,54584.0,10.705882352941176,66.0,0.0026717557251908397,0.3909889270714013,0.6502481863306605,0.591941374374737,1632.0,21.881801563874028,0.0045432559082132125,-8.690248836441903e-05,-52.27992884578185,0.0072089950174393765,0.5635632847433742,0.06794556142572768,0.0029559829987658866,13.123105777854663,16.972615936228255,18.194377767979443,18.93437724800985,19.536973267346838,20.025658720043758,20.414103282551498,20.748981303821935,21.011327939672512,21.25109110337166,21.474537923327876,21.72775626045223,21.91071987874884,22.08244166718929,22.149668766708334,22.16265977740341,22.162659777403412,22.162659777403416,22.162659777403416,22.162659777403423,82.72030651340997,262.07251908396944,456.8358778625954,631.7061068702291,806.2022900763359,976.5152671755725,1125.7595419847328,1272.003816793893,1359.057251908397,1412.0877862595419,1475.8893129770993,1568.1030534351146,1585.5458015267175,1592.881679389313,1429.0954198473282,1178.5,916.5,654.5,392.5,130.5,2620.0,702.0,2.28864501584097,0.2538089858709811,1.0473444253334894,1.3313450355746341,1.5680219705444134,1.802568668856304,2.029786189185513,2.313787592112208,2.577585851375311,3.066521008086209,3.978476450287765,7.67234001307635,1.44784664792859,0.5047088070889
35788,15.405770481766215,0.9810599042634303,1.0,0.7707462366483796,0.8697049447137131,0.9787426185843248,0.69684419094055,0.8887509067386355,0.6676953304290053,0.4974841331988925,0.27949238470791116,0.6821970533936438,0.7139101389758654,0.3144777491519392,0.8311564121410199,0.6715478756128797,0.5108802468412869,0.8492083581107596,0.9636987497972436,0.574829508434501,1.1959880591499925,1.0049815887619826,1.079362316383065,1.2219638099339094,1.4421898063116965,1.2144711281858467,4626.0,7478.0,3.5384615384615383,28.0,0.017857142857142856,0.42953020134228187,0.6890380313199105,0.5489040827324545,139.0,13.501170264742889,0.0767544620917986,-0.017003577687131986,-4.514018373314756,0.032270046034681844,0.13782825914486665,0.03198779102555398,0.020414357390844805,2.582151705091247,5.871195082667052,7.29225107904587,8.1701428738297,8.898793867473017,9.49505300303839,10.019987129376355,10.7152434658794,11.330297206446774,11.722839103547297,12.208132743517366,12.678134396375642,13.145704161823472,13.523921768482763,13.832070514022089,14.161392093438069,14.400352971360716,14.949792157753631,15.385538178822722,15.405770481766215,11.318181818181818,30.0,47.44444444444444,59.51111111111111,72.31818181818181,85.13333333333334,88.26666666666667,92.46666666666667,106.54545454545455,111.46666666666667,126.55555555555556,131.64444444444445,129.5,133.7111111111111,122.4888888888889,108.2,88.68181818181819,82.88888888888889,65.8,22.0,448.0,55.0,2.2050605496153044,0.40971219021372063,0.9584662029913744,1.2285433536830561,1.7010988958798372,1.9932151892461245,2.136212834671647,2.4087838064137435,2.640338901073475,3.057234429986714,3.417016753916142,4.965867425204609,1.0106674418366324,0.733993284746539
35789,17.739809959182157,2.005406150880411,1.0000000000000002,0.5799066487868182,1.3627060829032158,1.1195404073078012,0.6907721466947295,1.5414163304772095,0.7759404965589409,0.6380483181753788,0.46694542739144196,0.6930884240479294,0.9236740670977708,0.30293271075367395,0.9715450352295434,0.6265278384364983,1.3615726571470401,0.8678070294629672,0.9069963828657056,0.8833256987263841,0.8709094542912996,0.505689086343771,1.1395075426000243,0.7779169457452694,0.7320635158256437,0.7392600688531971,24117.0,37127.0,7.235294117647059,48.0,0.0039392234102419805,0.419481981981982,0.6717342342342343,0.5570335683954875,949.0,16.99678626546589,0.007771295272108671,-0.00085754256255733,-9.062285198921693,0.008859461603773506,0.2511062923908249,0.030346415132120524,0.0037755825462876982,8.297281383889173,11.835780383449475,13.151669052775762,14.000553271005444,14.66479305577556,15.217407414593207,15.661664002453547,16.011921519843515,16.300253243081595,16.536853018560635,16.692509922621987,16.935588617278075,17.037518459000754,17.229465352200396,17.38160715882679,17.452372709061915,17.596485015179173,17.709265616376104,17.739809959182146,17.739809959182153,55.016949152542374,168.37640449438203,278.5367231638418,404.1741573033708,515.0168539325842,623.8531073446328,719.9831460674158,790.2865168539325,865.3389830508474,913.5449438202247,896.3988764044943,925.9548022598871,842.6685393258427,835.0842696629213,769.8700564971751,637.6123595505618,539.2865168539325,428.03389830508473,266.5,88.5,1777.0,517.0,2.0248827678171373,0.3610940743907744,1.0203647995073957,1.2300080313111084,1.406996412415479,1.5914561791880006,1.822814695025316,1.987980448135727,2.222481114936199,2.6204452342442712,3.22846208601677,7.765707166337581,1.2182678825227278,0.700633414017502
35790,31.300313982521104,0.1675392308971517,1.0,0.5458897804787645,1.0618880642473214,0.7348536425927876,0.47592280801396647,0.5591850296124434,0.6423235625965943,0.4849934070600857,0.31925254660718805,0.8740836615169805,1.0190589711049383,0.57092470238063,1.192474838050674,0.6520129112981911,1.2455197515211394,1.6227378745014576,1.3699971934924728,2.227383934767311,1.560467913256199,1.0387064859365078,1.7791579064380412,2.123508441422965,2.1825104164917977,3.181698028774356,29056.0,40736.0,7.45945945945946,52.0,0.005518087063151441,0.447239263803681,0.688957055214724,0.5307811874556128,245.0,21.32616633938174,0.0701537408283156,-0.04265700015890985,-1.6446008994296908,0.01909986181081224,0.0469129523633845,0.013728435710421408,0.015633026125680603,4.433345403872729,8.342276207476525,10.82993939803772,13.02645579553431,14.75551406996986,16.1653248007061,17.265799144278475,18.11668766166412,19.031756645825432,19.9688007640508,20.810305566657426,21.59432562472407,22.491414805727576,23.25147834328089,24.073648150927387,25.027387033971955,25.878522191435213,26.833899343768884,28.10300657073322,30.02768561044523,20.47239263803681,45.74233128834356,66.21472392638037,88.38036809815951,120.65644171779141,149.59509202453987,175.93251533742333,192.85889570552146,198.46012269938652,215.59509202453987,224.76687116564418,230.33128834355827,217.62576687116564,220.0245398773006,195.41717791411043,186.90797546012269,170.55828220858896,151.03067484662577,111.67484662576688,39.30487804878049,1631.0,142.0,1.7997974330037767,0.19106763495345366,0.4899129578003887,0.6964542438383643,0.8228543089525306,0.9576137482979477,1.1044098488912022,1.4687611345453524,1.8007299033645292,2.6569631691988342,4.123990547999336,7.302331451720902,2.5784054293906773,0.243144296689425
35791,19.834270836939424,1.8557104201858725,1.0,0.626179366488216,1.1388267976408464,1.163179352489015,0.7789778020771525,1.4074563635731185,0.6390650070205334,0.6448554842402571,0.27578220609376586,0.5494122687554915,0.8278226703260904,0.19594369902427083,0.6610374225971113,0.4470535173376191,0.44840131090664015,0.568302232310605,0.5738976337265917,0.3185898493991536,0.8558842547256007,0.540720208106715,0.8536894358577778,0.7358145181086195,0.6941407144913229,0.6065477111421849,114330.0,156876.0,14.391304347826088,102.0,0.0017526777020447906,0.4345539540319439,0.6791975068172964,0.5466886511107386,2676.0,18.673412408354004,0.002562633665038769,-0.00046436314610804404,-5.5185982921274235,0.003501862177006925,0.36425505088404037,0.013582947504872546,0.001426590247009518,10.542668085978338,13.62741104533161,14.93203706859216,15.747468933462867,16.338538429246057,16.83572015072951,17.271245350341676,17.628261511958254,17.965519165157847,18.232479737592115,18.467876700688873,18.69114866638063,18.86543786525958,18.997524323100155,19.18907310363284,19.291380840298956,19.373141808155374,19.612176918386588,19.834270836939414,19.83427083693942,152.10526315789474,458.1111111111111,778.1964980544747,1097.4892787524366,1407.2120622568093,1708.6413255360624,1959.18093385214,2208.7875243664716,2450.375486381323,2588.539961013645,2629.3762183235867,2647.6089494163425,2502.8011695906434,2260.581712062257,2120.3781676413255,1774.192607003891,1365.9473684210527,1091.4377431906614,770.0,256.5,5135.0,1552.0,1.980779721490037,0.37314912819705115,1.0839223904249184,1.3047002989271717,1.4872957788306636,1.6388421966475957,1.7959604226923025,1.972180926030236,2.1871358504068907,2.473483967969189,3.0250363033482497,7.409101170946333,0.8328260702169891,0.135122619981412
35792,14.143649661708867,1.183758697203953,1.0,0.6446396390761385,1.050607674988478,1.191529080185923,0.7974784265978933,1.3091709718369042,0.5830292021957869,0.3629217601800623,0.7965795426075217,0.48931176913014374,0.45508661811494455,0.6084610488191906,0.6533765531486053,0.46167699981151256,0.40208570707321534,0.5483513277297891,0.5789209894756195,0.30713002023643016,0.871505198479818,0.5984254516351191,0.8120283381734779,0.7314174810939827,0.7503970410686216,0.6202614903950375,13402.0,18774.0,4.303030303030303,34.0,0.007290400972053463,0.45498783454987834,0.6922141119221411,0.537222402233099,364.0,12.783798347733505,0.020375201225670152,-0.0038299176127467305,-5.320010320289244,0.015766290711076537,0.21018507547277698,0.022747858636874896,0.00792236389377388,4.713772311542591,7.5334707467751185,8.685503223927928,9.39277632128576,9.943056252817705,10.392923689009672,10.862968213684765,11.284465388127312,11.695824065080421,12.086434387978086,12.41747031126612,12.723299544850725,12.970596326941426,13.229857339035496,13.400697837724357,13.602268018514394,13.80277579807004,14.0477392822904,14.112746909596828,14.143649661708864,25.20731707317073,73.6219512195122,116.8170731707317,158.18072289156626,193.67073170731706,224.0609756097561,247.5731707317073,281.6385542168675,317.5,335.5,341.890243902439,357.0722891566265,355.4024390243902,334.7439024390244,299.0365853658537,271.73493975903614,230.84146341463415,192.84146341463415,120.10975609756098,41.0,823.0,221.0,1.9829057077234908,0.6759325410554582,1.150382474914516,1.433049455592995,1.6247916406943181,1.7278567470299944,1.8776384307452614,2.0439583934489667,2.2055604273167515,2.4320018450364804,2.8281522498580247,5.351139997480797,0.4893475737076282,0.898286966423038
35793,24.462169653749573,0.4438452492888711,1.0,0.7159755267387433,0.9986513830355515,1.076967353714533,0.7327413531517958,1.2090853732299163,0.7795335709484302,0.5318866095826346,0.6046949199144532,0.7238228422242944,0.7258858904233949,0.5001259078166569,0.8123376611769508,0.6132727444332261,0.6152452772989002,0.7542825308261606,0.8369566447905659,0.5088518072593596,0.9522865066513456,0.7290380578720602,0.8136960807120271,0.8842296875265951,0.9949459720489279,0.672984802171862,42820.0,60412.0,9.368421052631579,92.0,0.0038876889848812094,0.45721694036300775,0.6905790838375108,0.5245942350698077,718.0,22.1754004463074,0.016644250500178377,-0.0031075098732674957,-5.3561376082378205,0.010379569751279474,0.17291385046562227,0.0191619244738192,0.0044268269059942,9.088978580354418,13.680901332703558,15.503532042085798,16.74166083482877,17.68679890936971,18.46776388695826,19.149335506117282,19.7572287975717,20.323087678173568,20.859870906417676,21.310791408519822,21.71929603475105,22.0930318737837,22.447632587996285,22.763371659879205,23.069478869223804,23.3243436804755,23.64358247336831,23.935651149811513,24.429799022036878,40.896103896103895,114.9004329004329,187.91379310344828,264.2900432900433,330.5431034482759,384.76190476190476,441.4568965517241,501.987012987013,536.0862068965517,576.8484848484849,627.6839826839827,673.9655172413793,707.6709956709957,687.0086206896551,666.6709956709957,630.0603448275862,525.4285714285714,422.8103448275862,267.034632034632,111.91379310344827,2315.0,418.0,2.2966895303071793,0.46082552699510454,1.300859741399176,1.612939954409599,1.7986214799681253,2.0845417792640872,2.277196927464291,2.446446924364972,2.6041946801406315,2.90749993392308,3.2214086419412977,5.5659616788973025,0.6528596795741096,0.277848471340258
35794,31.46608500561201,2.0360159364759953,0.9999999999999999,0.6063684254124591,1.2384586477692054,1.1552379037338865,0.7556353882091766,1.4926366632720984,3.7268026655854505,3.763831343096969,0.4189563985763974,3.226004490971008,4.981015185137223,0.2806821036125281,0.8729443911878128,0.4438098866906178,1.3713528938037378,0.7556403649554239,0.5873333801139571,0.9187452831270491,0.8433417078070325,0.5055471175320079,0.9281610558962354,0.730015614170239,0.6690357881863273,0.6218265159463241,168848.0,239246.0,21.346938775510203,154.0,0.0008645177226133136,0.41242588932806323,0.6695899209486166,0.5603710086583469,4762.0,30.730752046984396,0.0014502085891214354,-0.00014284465743516595,-10.152347418241058,0.0036351369897648237,4.132104736346339,0.09606894907120928,0.0013093759021068178,23.124744470259188,26.243707055216664,27.421851746984206,28.19169207227482,28.78063368934849,29.24224154776149,29.619717827756038,29.925416271097088,30.188412835120516,30.455492107174656,30.68553598387904,30.841112570216268,30.995294028606523,31.12931325823793,31.19062901375269,31.346626251487276,31.466085005611994,31.466085005611998,31.466085005611994,31.466085005612005,300.6427688504326,888.1246913580247,1486.9777503090236,2046.3987654320988,2638.430864197531,3141.7626699629172,3586.2876543209877,3921.658024691358,4161.10630407911,4423.828395061729,4681.7444444444445,4559.008652657602,4459.830864197531,4224.132098765432,3611.0840543881336,3270.554320987654,2833.5,2024.0,1214.5,404.5,8097.0,2605.0,2.0125447090242052,0.3344982543946623,0.9379256187907421,1.1447190594907963,1.3384346703158971,1.52048209513645,1.7514716678521274,2.0034032063751304,2.293659456622347,2.7141315511410133,3.3600643851420524,12.3311405246702,1.2377662696084877,0.30642366260523
35795,30.07114321936132,0.47025227947524817,1.0000000000000002,0.6557657914545302,1.1081341336058306,1.0928168254469977,0.7246900826133373,1.3186696189964502,1.24755860626752,0.7159114520040507,1.4426569312645379,1.1415990102066993,0.9878863657446096,1.0940245460136149,0.9912592244619111,0.6493995568528594,1.2494802811269945,0.9070680478006493,0.8961065873994448,0.947530953263251,0.9056519659902569,0.6021516818535672,0.8739145092135474,0.82873171871216,0.8309092345822107,0.6627243826839845,342668.0,513352.0,51.69565217391305,314.0,0.00039615166949632147,0.38666591204935197,0.6492161412643613,0.5908652447081761,9488.0,29.338444755051622,0.0007695065713017449,-6.573354167674441e-05,-11.706452317538604,0.0016753008625211428,1.1627176984561687,0.03545531001154418,0.0005757520972757204,21.318010692189045,24.48579268774169,25.70305759411922,26.443777404002255,27.0752894959279,27.56912775742129,27.974066033641634,28.29390320679892,28.585227842326333,28.84985271760109,29.102602197885247,29.328316731795283,29.502664088061177,29.661721756598702,29.80805624973772,29.997690339895687,30.071143219361314,30.071143219361314,30.071143219361314,30.071143219361314,610.4037372593432,1871.501414827391,3103.4963214487834,3972.6649688737975,5149.083191850595,6186.075268817204,7073.765704584041,7609.908885116016,8116.098471986417,8594.288058856819,9035.226938313526,9327.402942840974,9052.078098471986,8528.68986983588,7868.3271080928125,7430.953593661573,6184.0,4417.0,2650.0,883.0,17670.0,4979.0,2.2928461516516716,0.31094501089610826,1.1082115811699174,1.3823179830066534,1.6171331030772216,1.8279317040306005,2.0641454473763665,2.3351452388331304,2.6529279447421437,3.0573216217635273,3.772723142671858,9.868648731446333,1.2383047638317248,0.0815149666345678
35796,20.251046140641474,0.9694590052152514,1.0000000000000002,0.6172838652510314,1.216904713140973,1.1250308644388056,0.7266527310094955,1.438203125625923,0.8963373615214016,0.5485777884976621,0.7898075702599876,0.7967224632263914,0.7549380399844581,0.5491627407750586,0.8833350000102631,0.5587232263782194,0.9517467468585136,0.7851651256260364,0.768899919500775,0.66176100573019,0.8741151995327248,0.533072779576098,0.9665438383907224,0.7769699722582775,0.7336004625421715,0.6720496021520403,352893.0,514577.0,38.833333333333336,204.0,0.0005031305903398927,0.41292558841616817,0.6679711522334656,0.5616261724781525,9480.0,19.106188113161767,0.0007800551342130349,-0.00011321782861254755,-6.889861285739091,0.001077966519563159,0.06169509289139769,0.00489372652204599,0.00041164772162040634,10.907895529568231,14.455304157106516,15.825759033838361,16.699512109567483,17.31902371706371,17.79637182593661,18.201448318895977,18.52841826242197,18.81057549801676,19.068659206623106,19.256032721148294,19.408679981379635,19.58661533522973,19.781419667298422,19.939427483977397,20.07660624015665,20.246032458435355,20.25104614064146,20.25104614064146,20.25104614064146,570.0883668903803,1732.7288988261598,2886.2152040245946,4071.505869200671,5268.1308724832215,6346.329234209055,7384.9111235327,8216.985466741196,8734.57158836689,9245.875908328675,9138.626607043041,8740.415874790386,8522.07941834452,8318.732811626607,7777.94298490777,6940.75852431526,6229.505592841163,4472.0,2683.0,894.0,17888.0,5492.0,2.0469625941671326,0.38615076436636936,0.957582419211949,1.1819547386565001,1.3786615668728324,1.5551785613808962,1.7758781435512274,2.004345700793202,2.297176404626635,2.718113945272748,3.5118898216414927,9.253846720819476,1.2708393391376713,0.111525145128835
35797,41.30330240893522,0.35162545347763097,1.0,0.7040604849240347,1.1092486945136761,1.0061802483795026,0.6715226038565342,1.0816249901262125,1.754827803415337,1.4615293234654843,1.698820822965663,1.7440491465038837,2.176440994051377,1.570619057874607,1.4846934850237994,0.6695037546651821,6.023745572237578,1.4755740707641234,0.9969936243698159,5.5691627201907385,0.9479900528992767,0.7158926700547341,0.770526114547018,0.9421672254310858,1.0660738237899723,0.712378247156722,21802.0,32064.0,5.944444444444445,34.0,0.004933051444679351,0.4689703808180536,0.7087447108603667,0.5301644235901892,387.0,39.641134738414664,0.04292101137270526,-0.0050382818315209,-8.518977859511432,0.028879885017953164,0.6460348740477481,0.15197640229947956,0.010518354094670059,18.941094696163486,28.31859109059736,30.938103548192725,32.423580947906196,33.450566085831255,34.358537414810904,35.03683289727957,35.921816611562704,36.63476503001373,37.25706671073931,37.84051305399461,38.41612960929866,38.819790833220814,39.158201599999636,39.5272004738666,39.87842264781434,40.10224797272939,40.424652477816444,40.835247029463346,41.30014517271087,14.865248226950355,52.78169014084507,90.19014084507042,139.93661971830986,184.20422535211267,201.23239436619718,185.45390070921985,218.54225352112675,243.9788732394366,267.443661971831,301.42957746478874,346.09154929577466,365.21830985915494,363.5177304964539,364.3169014084507,356.61267605633805,277.86619718309856,233.38732394366198,161.3450704225352,70.03521126760563,1419.0,243.0,2.3676179425111576,0.289476207288074,1.221471410450817,1.6508150445732415,1.8967245105653858,2.0944003192717386,2.3168462837806696,2.528002665651047,2.7510882564457484,3.0643904271443017,3.5318083459070775,5.3670871290729,0.8140926814685767,0.515832643583417
35798,21.129588450858922,2.7760846016662746,1.0,0.6686488478902185,0.9949574081706436,1.0528095372519604,0.7455151174416547,1.0165658810183964,0.9694489685479603,0.6758200139939963,0.6894030893096289,0.92082084578984,0.9065141647471517,0.6781686284994972,0.8962824888238923,0.6094754557703422,0.9227493971678064,0.8513244391415428,0.8175225981491124,0.9077123425029723,0.9537093598224508,0.5690166502644491,0.9807204179249636,0.9058707449704716,0.7632530004449996,0.9647386718728718,11561.0,17381.0,6.275862068965517,32.0,0.005733944954128441,0.4121699196326062,0.661308840413318,0.5678581193970915,410.0,21.0879836090913,0.023329009895003125,-6.69976323590833e-06,-3482.0648243161777,0.02107176102088708,0.36509423118422996,0.06467817275697157,0.009424768326182716,8.002790363976482,12.99898095009181,14.896076745308386,16.01730098866224,17.001177298212657,17.699679721597732,18.25782775453943,18.712256967916016,19.149567592322736,19.58194057523102,19.877361033293454,20.084647942105104,20.340428686844735,20.638657923089465,20.877558299211515,21.10778002498504,21.1295884508589,21.1295884508589,21.129588450858904,21.12958845085892,14.10344827586207,50.50574712643678,94.24137931034483,112.29885057471265,149.48275862068965,190.50574712643677,218.20454545454547,258.3333333333333,311.35632183908046,357.5977011494253,382.8045977011494,381.2988505747126,380.2068965517241,388.1818181818182,387.91954022988506,386.9655172413793,305.0,218.0,131.0,43.5,872.0,181.0,2.0477475568242482,0.45934277532904366,1.1159628066595078,1.3404310296724322,1.4791809483972207,1.6668783001970797,1.8189897218604476,2.1100377665669168,2.313475708786989,2.5758452146910034,3.1662033770651203,5.526923674588179,0.7863534373178206,0.93789930824656
35799,16.48616305613761,1.1895910654109343,1.0,0.6549607654317728,1.0592192198931076,1.0181322850733407,0.672446837533461,1.1119487934473244,0.8421289224084888,0.5732670488544545,0.5625182642700272,0.8271311446997542,0.8525091008788165,0.505885043974082,0.9584393914401876,0.614304980827684,0.9924868069131284,0.9413701986389194,0.9135368724179868,0.892565208723476,0.9907576943253156,0.6564429552788467,1.0225271212167601,0.9731129332117651,0.9762005241733062,0.9195811239172855,13498.0,22568.0,8.838709677419354,58.0,0.006149116064565719,0.4015384615384615,0.6623076923076923,0.5772988641555088,599.0,15.167356712183588,0.014331160911481093,-0.0015562263839971374,-9.208917840521238,0.01176659383902052,0.15234101374579384,0.02907412425667717,0.005112899882673564,5.923094929443034,9.74655746558053,11.22908991892844,12.311730394044105,13.020966936743582,13.548977854549909,14.023473945558246,14.435769191120576,14.795851068829023,15.098215589946358,15.286179777673661,15.492055788119401,15.73367863284594,15.98832897511993,16.182973207388926,16.435818202507793,16.486163056137602,16.486163056137602,16.486163056137602,16.486163056137606,35.99230769230769,106.03846153846153,168.37692307692308,242.3,325.0230769230769,378.4384615384615,424.5769230769231,477.0230769230769,549.6384615384616,579.9461538461538,555.2076923076924,539.4692307692308,550.7923076923076,564.2846153846153,552.3461538461538,561.8384615384615,455.5,325.5,195.5,65.0,1301.0,278.0,2.3052955010531146,0.29911184385167144,1.1340244896132712,1.4327089055966096,1.6501343684085874,1.961422218412496,2.1441510997767876,2.412362342323102,2.7223611555155847,3.1033896811483634,3.7775994089155893,6.61404845966239,1.1265906623944386,0.82629153725924
35800,18.344494315394467,0.8332825811558576,1.0,0.6167397595120493,1.2379258016668409,1.1686051420563712,0.7906195609915617,1.5320059643908996,0.892957318071914,0.2581163264016382,1.2041065198814598,0.7641223591576833,0.3264734888141644,0.7859672533064795,0.754725676671729,0.45450531175328146,0.935978942109175,0.6458346361061301,0.574872333266407,0.6109499335280361,0.8386929327116333,0.5021179230940009,0.879730694929473,0.7176871832309432,0.635094232255354,0.5742345104245331,60318.0,79830.0,6.163265306122449,54.0,0.002942258183155572,0.4282560706401766,0.6766004415011038,0.5493494714713437,1534.0,17.445839191252965,0.00451853167725198,-0.0005331606903624461,-8.474990296415614,0.006442682757262182,0.5152819855329651,0.02492735219803422,0.0024814626260793228,9.580108694696824,12.727074465950793,13.93708753785306,14.767855561703598,15.37262467512165,15.86436710849511,16.298223061927764,16.66630236724571,16.956671530402726,17.216126348673075,17.434768387541773,17.5561263888237,17.768166180672043,17.964347516079474,18.074131557043234,18.25793290844543,18.34449431539446,18.34449431539446,18.34449431539446,18.34449431539446,85.4059040590406,268.4779411764706,449.84558823529414,621.5,772.0735294117648,937.6323529411765,1092.420664206642,1239.7941176470588,1390.1764705882354,1485.4558823529412,1516.389705882353,1403.4779411764705,1399.0220588235295,1353.70110701107,1217.5882352941176,1121.9926470588234,951.5,679.5,407.5,135.5,2719.0,786.0,1.8882376790490218,0.27082499550363975,0.9514171680734529,1.1665583651788143,1.3076676989203126,1.4647209679693598,1.6731178608461863,1.9004028292773076,2.122467930721843,2.49412506213296,3.093335601899277,7.0696946684329465,0.9180030248302647,0.498253178149462
35801,18.545168761839,1.5977542517449566,1.0000000000000002,0.6691374029993454,1.0830813111227233,1.0646647818265353,0.7290883170645697,1.2283580931183808,0.8090923116206858,0.8151310855199381,0.3778865606579211,0.7599502918022796,1.118014191753601,0.30763550366538184,1.0061441309417043,0.610809201206458,1.212791916696297,0.9450337309134682,0.8377712094821064,0.9873276559097139,0.9306213040054758,0.62126774604688,0.9105384724446745,0.8740979507267114,0.8521158980412782,0.741264682950172,29652.0,46632.0,9.257142857142858,50.0,0.0035746201966041107,0.38623156012516763,0.6432722396066161,0.5964439534393123,1374.0,18.163436027533184,0.00534008318085459,-0.00022913584675799415,-23.305315411842184,0.007575956419353617,0.2539247790924583,0.03469822772942278,0.003040872360930544,9.194527740188411,12.935620624138796,14.298490314174947,15.166935379700675,15.78552956651751,16.25837525930762,16.643209115397543,16.9729716109007,17.277777712772103,17.576857435555713,17.782067614021738,17.997919821499334,18.1833303928636,18.290293530102385,18.432682847548225,18.54380677661835,18.545168761838987,18.545168761838994,18.545168761838994,18.545168761838998,67.4304932735426,203.25,355.00892857142856,490.5625,633.0134529147982,770.2053571428571,909.7857142857143,1035.455357142857,1148.5964125560538,1256.794642857143,1272.419642857143,1303.080357142857,1314.726457399103,1208.642857142857,1136.3125,1005.6160714285714,783.0,559.5,335.5,111.5,2238.0,548.0,2.331105032736644,0.4566086831050802,1.1335741626367033,1.4630253210428243,1.6301691631189859,1.8027061988634452,1.9908781018819726,2.23751343045296,2.636733981441183,3.0710586226317167,3.893747274452802,7.763189666826407,1.4207554650599874,0.651409530646633
35802,21.40027581845156,4.125978067990951,1.0,0.6513669510869186,1.110120421128351,1.0604831724157642,0.7107771922509569,1.1887891227354284,1.0900586819690206,0.8597878960138854,0.7188842880435504,1.0278887117896307,1.209644745762068,0.6047197726619359,0.8304154000853918,0.4753311865647471,1.1298132043824203,0.7830538208293475,0.6687485076151966,0.9503899243144963,0.9460903312707609,0.6020965982320753,1.0172445899352995,0.8921313943299843,0.8470961150642699,0.8556980968959396,88506.0,137128.0,18.42105263157895,112.0,0.0015517241379310344,0.38954992240041386,0.6545956199344715,0.5844146767186452,3462.0,21.155856778167376,0.0019808119554797,-4.3703598523087034e-05,-45.3237724676907,0.0029788407915952073,0.61278098135405,0.019959835900924934,0.0013098019429784754,12.965668387005898,16.03925422391826,17.287832133951827,18.109498253372745,18.707123165758833,19.154402934408466,19.5835117826832,19.962397163318514,20.26900413830636,20.514390449065022,20.69113200071357,20.878549195970255,21.085737622096303,21.2252052300573,21.349614478678735,21.386381177470923,21.40027581845155,21.40027581845155,21.40027581845155,21.400275818451554,210.6131260794473,614.596551724138,1007.1379310344828,1377.1344827586206,1732.5758620689655,2036.5827586206897,2408.6241379310345,2763.3206896551724,3107.9896551724137,3250.5655172413794,3247.810344827586,3328.351724137931,3407.9655172413795,3268.9103448275864,3056.341379310345,2574.503448275862,2029.5,1449.5,869.5,289.5,5800.0,1596.0,2.239561190026462,0.3723687846319568,1.1031102211709212,1.318170406366054,1.5202680667234534,1.7461498916089564,1.9788118570975146,2.2434871118807775,2.552358098978589,2.9458231425784716,3.8149631919431073,8.980374695975778,1.3276454839540794,0.387356567033567
35803,18.090653247154982,0.829556953098531,1.0,0.6061572405065071,1.2926718065613159,1.2038425838645028,0.8027372323422183,1.6403178175440465,0.6240264525132232,0.29062368756853374,0.8101757768660326,0.5183621686732589,0.36204087198067914,0.4939139038793483,0.9133078621602425,0.44756136444018585,1.9594375580709391,0.7586605378490573,0.5575440460563863,1.194547506046537,0.7876647327125205,0.49412644778785025,0.7544564285648537,0.6542921335977389,0.6155519239416531,0.45994527432156895,25845.0,36557.0,6.2105263157894735,38.0,0.003883495145631068,0.42875647668393785,0.6871761658031088,0.5358619923959226,885.0,17.825672201300655,0.008651188219933206,-0.00012146502242969416,-71.223699192421,0.011179466511694595,0.239616175410503,0.04301947377297149,0.004352155442853881,8.666159101503851,12.452303543876267,13.729402297669209,14.563178499398191,15.157908839902461,15.621839955862438,16.02499756979141,16.342749682398903,16.632827792412012,16.950894137647076,17.21717378026721,17.4907296736336,17.685490383772112,17.884632146864327,18.077319951015845,18.09065324715497,18.090653247154975,18.090653247154975,18.090653247154975,18.090653247154975,43.12337662337662,150.0064935064935,246.66451612903225,349.18831168831167,435.53548387096777,522.4090909090909,601.825806451613,657.8246753246754,700.9677419354839,761.8506493506494,809.9935064935065,846.6258064516129,866.6948051948052,855.1870967741935,836.6688311688312,695.0,540.5,386.0,231.5,77.0,1545.0,504.0,1.9055267601254133,0.35816604998915597,0.9080342162783426,1.1506637112094538,1.380510579336831,1.5436650322016425,1.7238694949652205,1.8432361670970903,2.106142759432014,2.363501875507467,2.9040477187897085,8.575365070521952,1.152128701904464,0.825344869692344
35804,22.098302714420218,1.7317487875260715,0.9999999999999997,0.6745289794321361,1.0621220603137949,1.027294428599428,0.6670000927819046,1.214367617628036,0.8682909229649565,0.701088462035974,0.49300543847477185,0.8452210961065459,1.0511069932717618,0.40597709566542534,0.9739285739963158,0.6900194894872146,0.9012091099099142,0.9480520354073475,1.0345118343376856,0.7421221521619633,0.9745443649024714,0.6827310518392058,0.917860808797695,0.9486514652193004,1.0235846429821185,0.7558343910639737,97601.0,149023.0,29.542857142857144,200.0,0.0009940357852882703,0.39436619718309857,0.6500414250207125,0.5904106854308103,2065.0,19.147426907633527,0.004664514188076058,-0.0014534296416578952,-3.2093154387269474,0.0033747396730561966,0.07384116243171845,0.007465422744281157,0.001487417426157006,9.206751595525244,13.431450164114308,14.894578187839613,15.859451314663692,16.588930340508835,17.109171061825542,17.623189194658508,18.035828807658586,18.439627826366102,18.826401874083675,19.163713980161077,19.418332972954033,19.702978839953232,19.985366769651087,20.223074787907702,20.612784834970196,20.79000833223231,20.98544214238542,21.715469933666128,22.098302714420214,143.0497512437811,457.52649006622516,778.8059701492538,1063.9072847682119,1332.1144278606964,1448.6490066225165,1598.2719734660034,1698.3013245033112,1795.8557213930349,1926.182119205298,1987.635761589404,1934.7794361525705,1914.0066225165563,1830.8540630182422,1642.5430463576158,1604.334991708126,1276.5,793.7131011608624,659.8741721854304,301.5,6036.0,1274.0,2.4311882982453876,0.431568024400471,1.2639523955646341,1.5943485678577234,1.8055243232256268,2.030067535482191,2.267770924527262,2.5238932027732783,2.805463777982962,3.199423026898634,3.7680840853681947,7.894726874141078,1.1099772037624893,0.142594917051028
35805,22.9062000010718,1.6816674927558202,1.0000000000000002,0.6022966661581257,1.204892589878635,1.1087950591652012,0.7413415130847413,1.326868658801996,0.9029620324980672,0.4932615008676971,1.0981898292402414,0.8143633262380306,0.665363388076331,0.8276552633564921,0.9764437087130884,0.5595922291785154,1.4530829003584769,0.8806349745535856,0.7548373041326629,1.0951218801644145,0.8823163604417358,0.5185501227708192,1.0176457378739767,0.7957434091616727,0.6994753613798298,0.7669528789630086,128748.0,171228.0,10.4,64.0,0.0016444363237712407,0.44316520467836257,0.6918859649122807,0.5274101184627915,2445.0,21.66682667879769,0.0039415623900433735,-0.00048180247550877806,-8.180867866818508,0.003878752285876458,0.10898497531601321,0.01524702761486245,0.0015562988744522218,10.509505118612598,15.325750708304342,16.903352120431418,17.972800192525963,18.79079674732315,19.445107862609653,20.019298381832396,20.48613755488303,20.867295683510577,21.197459537621338,21.49768675812145,21.731490067432276,21.955978500825992,22.159445606432573,22.347419427271195,22.484969855275224,22.589365581710297,22.79220515251389,22.90620000107179,22.90620000107179,116.53930530164534,371.3053016453382,624.1297989031078,854.2189781021898,1092.5411334552102,1337.051188299817,1553.9707495429616,1784.0401459854015,2009.943327239488,2185.7659963436927,2353.113345521024,2374.1532846715327,2357.0786106032906,2299.2486288848263,2206.0255941499086,1940.397810218978,1555.7312614259597,1237.835466179159,821.0,273.5,5473.0,1524.0,1.913145823971773,0.27201349707246547,1.0463775210969763,1.2275039893083197,1.3842543685869781,1.5317091051229503,1.6764014856383147,1.8387994879519998,2.0558919339632045,2.4060885428405308,3.145325771303607,7.325901794692492,0.894637554788244,0.174018847977277
35806,33.717993272708384,0.5203955904291763,1.0,0.6302871313609696,1.2119805163816457,1.1314173205817122,0.7295577760275516,1.5447041038615397,1.3366418462917915,0.41192682427404564,4.796837264315843,1.1813871168284433,0.5646253632124802,3.1053437692852857,1.0399708597122654,0.6500070095998456,1.4562604726897397,0.9191753041022652,0.8909602926023754,0.9427439656885073,0.8544945474060198,0.582967131313877,0.7785188316064885,0.7552425898577246,0.7990691765196968,0.5039922077375871,61183.0,85847.0,7.951219512195122,108.0,0.002892030848329049,0.45001607200257154,0.6830601092896175,0.5356432664926373,1076.0,31.66049451455671,0.010677913139915745,-0.0016662272189086826,-6.408437588067601,0.01067103750635783,0.6981758494233087,0.05409944922921681,0.003867413939986215,18.476854449310636,24.066779409395572,26.054715829973972,27.43924822188863,28.39945025181825,29.14599866439747,29.778562610922307,30.25993611523771,30.6626583139248,31.023272541045454,31.342368921695048,31.66628203882545,31.921575742287136,32.23581452208578,32.53056482715873,32.724638647116315,32.972565374845566,33.20856055870699,33.42361634696405,33.546450363878556,59.01929260450161,172.76527331189712,283.63022508038586,404.43086816720256,527.2443729903537,616.9003215434084,739.8205128205128,828.4405144694534,895.3697749196142,969.2829581993569,996.0578778135048,1050.2797427652733,1017.1897106109325,1038.6410256410256,1047.257234726688,901.8842443729903,778.8199356913183,620.250803858521,420.4855305466238,133.2948717948718,3112.0,765.0,2.261006127677008,0.5611445520336658,1.2666314541469696,1.529444730736629,1.7503109246841766,1.9356042036806056,2.1376927444949336,2.3318773723981785,2.562766096289048,2.808181624833836,3.347912977314819,8.408277763685794,0.8401846892081855,0.318225199021399
35807,15.214294616871861,1.5553136576474769,1.0,0.635035389300007,1.1725987921600054,1.0913221660992851,0.6790413384201713,1.4502060699660277,0.6146070293938349,0.37602918638548105,0.3659782085428813,0.563176528880217,0.5537647932603552,0.2523628993991555,0.9913038247179957,0.6638549445834632,0.8737405484644165,0.9083512234166514,0.9776355385490371,0.6024940638159683,0.9050247714347684,0.6033800395873573,0.8960960661948156,0.8292920271835037,0.8885762993327558,0.6179094714558789,30998.0,49572.0,14.4375,102.0,0.0024281667341157424,0.4137651821862348,0.6603238866396761,0.5790491190041787,1276.0,14.563514040946925,0.006738217310753322,-0.0005211348773112757,-12.929891289407138,0.005529951805354001,0.05765959144856512,0.012839096461704351,0.002535651966818191,5.125758729312185,8.59710034050974,10.107932360929237,10.991096110075047,11.67778068050897,12.167801903935896,12.607742042681373,13.043974947980091,13.422092000492674,13.739493624289066,14.01193854065365,14.309984349026367,14.541900532189675,14.609809259011978,14.840062349501864,15.074785757560967,15.206437133812626,15.214294616871857,15.214294616871857,15.214294616871856,75.12955465587045,210.20242914979758,342.90283400809716,460.46153846153845,599.5182186234817,670.3157894736842,770.2712550607288,862.4615384615385,988.8218623481781,1064.421052631579,1110.6761133603238,1190.9635627530365,1215.672064777328,1052.582995951417,1022.1012145748988,995.4736842105264,859.8825910931174,618.0,371.0,123.5,2471.0,665.0,2.2094421656492433,0.38621645831681617,1.13002785764602,1.4021044779325476,1.5767373558938131,1.8068704102897255,1.9755522483244663,2.243292576869797,2.5502550072056924,2.9076094271446697,3.454666907329528,7.923650266339761,1.1185234903244914,0.316378394702915
35808,31.419092452257374,2.1430856287704043,1.0000000000000002,0.5968071677947834,1.3553191743237332,1.156745591280532,0.7671410741601752,1.4340266908243733,0.8535425026188297,0.8250968732114763,0.33551140479961816,0.7378826503016513,1.0755477721157716,0.23396454678730147,2.79667062607257,0.7783653629399236,19.575520522283398,2.4177058872354293,1.0146313229180646,13.650736522226163,0.8148015188399355,0.47351231962567336,0.9145384198361035,0.7043912896507691,0.6172428195740258,0.6377415606611663,33915.0,45341.0,4.837209302325581,38.0,0.00411764705882353,0.43025309005297235,0.6780459093584461,0.5397258930608794,867.0,30.295267216400372,0.009680305542179165,-0.001196090628125091,-8.093287677835368,0.017231316552964667,0.6731392617431202,0.23347531484388903,0.006309361814689455,19.672659892172664,25.570029345402336,26.760579881261314,27.63317304406779,28.263332092388485,28.769780331185565,29.207612371511342,29.605160639389787,29.802291890812953,30.0579586229081,30.322304833454353,30.461507558196033,30.623139364076057,30.900452074185008,31.0688667629949,31.284883652140984,31.41909245225736,31.419092452257363,31.419092452257363,31.419092452257363,38.34319526627219,150.7941176470588,255.54705882352943,360.66470588235296,475.75882352941176,579.3352941176471,700.6647058823529,791.7941176470588,773.5823529411765,804.9470588235295,846.935294117647,794.4764705882353,738.0882352941177,769.0176470588235,707.135294117647,674.9588235294118,594.5,424.5,254.5,84.5,1700.0,539.0,1.8327664860910895,0.17075302112431726,0.8966330725035877,1.108842253288697,1.3082808221539792,1.4502121533745622,1.587769248898036,1.8269074157357224,2.0798786269976826,2.4156959736829275,2.944807381929824,9.456155262242707,0.987458751941652,0.560027559038717
35809,30.703286161711187,0.047402831286239344,1.0,0.656020308693084,1.0431461912265254,1.0678255465831787,0.7271542068764548,1.149699187189053,0.7325957656256934,0.41107746711858034,0.6924214397963786,0.6860631570108512,0.5653236455639779,0.6022631376206401,1.2349696216002832,0.7333861569730356,1.802474874768042,1.1565275110264321,1.008570328050979,1.5677795503839462,0.9134337059755363,0.5925373692482377,0.8615132690019701,0.8554147340811761,0.814871678723453,0.7493379821449814,153451.0,197499.0,15.551020408163266,102.0,0.001651073197578426,0.4346788990825688,0.6814678899082569,0.5477786104547914,2180.0,29.017429902279382,0.005462406918929988,-0.0007930994290677612,-6.887417540258106,0.00562493272117889,0.15963080477847058,0.028943742119121447,0.002032332595436268,14.728187300445294,21.500603481027653,23.390161475213617,24.497742182733468,25.310572797267078,26.12749222412996,26.835716458690342,27.39794265491081,27.86776935000985,28.275447372072758,28.652908713084678,28.972394103725993,29.163917082133,29.439148213454306,29.655534457687942,29.922304518044285,30.0609985461627,30.266366506584905,30.515119273878998,30.70328616171117,77.35779816513761,289.64220183486236,535.0715596330275,724.9082568807339,818.6825688073394,985.3522935779816,1184.0403669724772,1401.3412844036698,1618.1064220183487,1791.8,1976.7045871559633,2128.4788990825687,1983.1449541284403,2015.2752293577983,1874.5064220183485,1754.7321100917432,1414.3266055045872,1078.4275229357797,726.605504587156,272.5,5451.0,1217.0,2.2040965349275004,0.15043186786296264,1.1528156201569097,1.376822421895006,1.559647672280194,1.752060825963633,1.9624214022230984,2.1625848729757258,2.4085624670186134,2.8542087145484296,3.6096186606739202,8.955613512408057,1.27179725834116,0.156948352910113
35810,21.52843909473272,1.1045626161885984,1.0,0.7048273127544525,0.9854979825023877,0.9618250696229061,0.6246697724760393,0.9836708164070831,0.9306443045408462,0.71066422129134,0.8373179594070158,0.9675816673251356,1.1376638547347018,0.851217648669674,1.0078932209904126,0.8045711262469073,0.865810631707617,1.0478966007670896,1.2879943318816,0.8801833065151231,1.0525444445490364,0.7860792743706425,1.0240284195444445,1.0943200357230216,1.2583917279282062,1.0410275495259378,17922.0,27668.0,8.258064516129032,62.0,0.004929577464788733,0.44256518675123324,0.6821705426356589,0.5508577747558773,410.0,19.423509382973382,0.02964172218085767,-0.00397840163639248,-7.450661066924375,0.014393147624062103,0.12122172797941405,0.02419340102067714,0.006686933928705682,5.953413044759177,9.852716268935678,12.053227685612285,13.78379355865066,15.061763268301958,16.021737452193328,16.71717077829602,17.340721289474203,17.848131270377067,18.329532458137592,18.810297139346986,19.251662978534323,19.569521332199198,19.989225498573273,20.403549199660862,20.761075865124912,21.071708082514146,21.383092582745032,21.404950516458435,21.505789812358927,29.95744680851064,70.48591549295774,94.41549295774648,135.79577464788733,173.3732394366197,206.20422535211267,251.0211267605634,307.1901408450704,341.48591549295776,354.69718309859155,385.13380281690144,393.8943661971831,375.73943661971833,387.8943661971831,369.3732394366197,375.1478873239437,370.1056338028169,338.86619718309856,206.5,69.42957746478874,1420.0,231.0,2.33438993821104,0.5079688948262611,1.1362459220753003,1.3839022654873432,1.648384643345842,1.8878777367599382,2.178865424133247,2.5188705718271773,2.8173986361809407,3.2566500135460523,3.79027959061089,5.201136855405011,1.035768656046708,0.467951147507411
35811,20.785977107602953,2.0123853302215475,0.9999999999999999,0.6935052916440371,0.9888500035208383,0.966951319452667,0.6802450366916221,0.9193375431264759,1.4262211762979964,1.1834106645066798,1.3362517075403422,1.4749668857221214,1.739682909356029,1.4534941138115909,0.9345092249772297,0.7271082130210724,0.7317833333717914,0.9664490922937042,1.0688916108191981,0.7959898285923888,1.040825371905944,0.7262062261895715,1.0902432320905349,1.0763989364998152,1.06756563740837,1.1859009133716483,10234.0,16214.0,7.076923076923077,40.0,0.00778642936596218,0.36414253897550114,0.6291759465478842,0.6112831074412228,382.0,19.57011521530988,0.02448147138755436,-0.0029904238206149977,-8.186622651540947,0.02090600420643809,0.7336779706959606,0.06849141643604181,0.008759618203013615,9.858870667774632,13.647592212468782,14.866094111001667,15.990133664682682,16.85957400745404,17.41678601817115,17.841840032022905,18.289763376226606,18.71189625540434,18.91739445360683,19.257125492606413,19.578998942947322,19.718909501768383,20.05192674250566,20.305997424748163,20.36342554290169,20.69330183935104,20.785977107602946,20.785977107602946,20.785977107602946,23.820224719101123,74.07777777777778,120.27777777777777,162.94444444444446,202.8111111111111,233.36666666666667,263.65168539325845,306.6333333333333,337.47777777777776,310.9888888888889,342.3666666666667,365.3666666666667,327.27777777777777,345.6179775280899,349.3222222222222,277.7,286.3666666666667,224.5,134.5,44.5,899.0,212.0,2.5098451049872548,0.2918365463780565,1.0891932456827986,1.5857918807039162,1.9109696933961646,2.085775576399771,2.371927239838066,2.6409039536455334,2.91480596707224,3.158280575506867,4.08052410913413,6.7829140703730095,1.3662128209141415,0.846474429550581
35812,25.044118936457323,1.026091309825561,1.0,0.7634367965140507,0.8688377905173361,1.0119151910601263,0.7094263507053915,1.0188851447666543,1.6858647803652633,1.5870466891885973,1.4214146252463382,1.666013906362131,2.2370844945505293,1.3950685536512277,0.906734797878043,0.6900341389583668,0.6209919171124475,0.8960580944813253,0.9726649401622273,0.6094817657339262,0.9958266249344588,0.8160793938835629,0.7240188477448561,0.9841008749865565,1.150337019582265,0.7105990812248729,24872.0,42454.0,15.785714285714286,92.0,0.003143242029636282,0.4119496855345912,0.6621743036837376,0.5789393079439441,693.0,21.94452539093791,0.014294771576384091,-0.005103660759240188,-2.8008859230119043,0.010789769823284707,0.6344678248769511,0.027321761042655546,0.004361470428108924,11.79818164607762,15.671420171355665,17.339819310878823,18.2868036858593,18.995706644843533,19.68584681529192,20.211724202781976,20.76105320015465,21.209614334670253,21.686942054386694,22.022722112476394,22.390740275552325,22.80802439652035,23.17771699945026,23.49015047997219,23.83180688856976,24.11077948471583,24.437892527853265,24.98463533421535,25.044118936457323,57.067567567567565,133.46636771300447,231.17567567567568,333.9641255605381,394.4170403587444,465.3018018018018,498.5470852017937,569.2242152466367,605.6711711711712,654.780269058296,638.6950672645739,623.1666666666666,613.6053811659193,629.6457399103139,585.8243243243244,546.0896860986547,458.23766816143495,362.65315315315314,317.0224215246637,111.0,2227.0,398.0,2.43303064193534,0.4223254698477158,1.1365729214844238,1.5416724750122672,1.844130194401581,2.099308052614128,2.3379979993379694,2.606877972813813,2.8869143876110055,3.2510228203354377,3.728703765649834,5.888175129479343,1.0084918294460319,0.175324526161421
35813,20.67764038382854,1.2906913559332158,1.0000000000000002,0.6026476412272659,1.1447999462241714,1.1074436296067627,0.7837360282399523,1.185913716984769,0.6385714445629277,0.3378092125884807,0.39459365925196455,0.5766175609224239,0.4310242229735232,0.33273386891521417,1.777844407019511,1.0412084327235536,3.1735798040736896,1.6053588277452984,1.3285192911978425,2.67606298723202,0.8385056852553304,0.49803683600835325,0.8980504886267812,0.7571542811195472,0.6354650265687058,0.7572646102029318,15219.0,21031.0,4.054054054054054,30.0,0.006472491909385114,0.43088552915766737,0.6825053995680346,0.5403069574296651,469.0,19.673188153019794,0.017716140413927765,-0.0015451866082781312,-11.465372738163731,0.02093623005172281,0.4021937768630348,0.11074353218291087,0.00798731009735386,9.39300949157237,14.539569427000002,15.901189877486855,16.66797809895165,17.322095273780754,17.87336196373344,18.24334879319023,18.61507736983665,18.96727119366435,19.246160962472924,19.5470433623842,19.69627291535174,19.98869131006909,20.25647796895957,20.439076104337325,20.65273529018859,20.677640383828525,20.67764038382853,20.67764038382853,20.67764038382853,23.17391304347826,68.47311827956989,123.78260869565217,170.67741935483872,221.59139784946237,267.60869565217394,314.0967741935484,360.83870967741933,398.30434782608694,423.40860215053766,453.89247311827955,416.5869565217391,417.19354838709677,428.51612903225805,409.0,408.7204301075269,324.0,231.5,139.0,46.0,927.0,259.0,2.034396587723748,0.469642564747373,0.8529813578086123,1.0701317699382833,1.2575390764849514,1.4672852528333686,1.7072927363194972,2.0084922168179267,2.2503802697114375,2.783505384089175,3.678875131300624,6.860222428358929,1.5362797011116927,0.987820462570526
35814,16.11554145132265,0.41000224830481474,1.0000000000000002,0.6291885860948182,1.1441958640643646,1.1247299702216247,0.7383985615257238,1.350291270217921,0.911307045222637,0.7420352184154111,0.7461537903688662,0.8102451871564039,1.0049250595534382,0.5525872875179336,0.7878374341146572,0.5051953214502479,0.7076019355124038,0.7004680723137627,0.6841770119464788,0.5240365179863787,0.8912357588512219,0.5643708055544989,0.9492173670345256,0.7923997603403478,0.7643173144708757,0.7029723052873867,24505.0,36995.0,7.636363636363637,54.0,0.003320420586607637,0.43576965669988926,0.6821705426356589,0.5482417888195285,900.0,14.945672882195497,0.008722987841694277,-0.001501103523797793,-5.81105013971662,0.008696311851061924,0.11881166273018672,0.018318036812468862,0.0036474434968272493,5.914776637261649,9.511103989744482,10.841225097601914,11.78329541694059,12.535390417196323,13.099864290177559,13.551468460044184,13.920861435067213,14.266052092896423,14.523617868271232,14.772013347293019,14.982474726937587,15.150120540952347,15.278918855354348,15.416754778926599,15.655496884739849,15.903034429056024,16.06217516254286,16.111756966029404,16.115541451322645,53.44444444444444,146.1767955801105,246.8,342.0718232044199,438.82872928176795,526.7888888888889,621.4972375690608,714.9723756906077,811.6444444444444,824.7458563535912,845.0828729281768,872.7222222222222,822.2817679558011,751.3812154696133,680.0333333333333,634.8563535911602,563.5580110497237,440.55555555555554,270.414364640884,90.0,1807.0,498.0,2.1152986027244447,0.1143886941583342,1.103821366260933,1.3462652200740255,1.5847124416444303,1.772434587471675,1.9349823880504566,2.1558672047403133,2.3588237488029207,2.687899149536174,3.281838604320006,11.8792087878249,1.1067586939358605,0.685841970010661
35815,21.838235108825526,1.251794911200816,1.0,0.7027210678205106,0.9669039486202894,0.9792638934213613,0.6606356175443726,0.9946591689925963,0.8287722675813739,0.7098098791160699,0.31780414965817444,0.8463216842252823,1.0744347720071183,0.31951060178739477,1.0785405295085715,0.8230356192925005,0.9809880550852018,1.101378838486893,1.245823866342205,0.9862554789282838,1.0139329378707835,0.7199555253054091,0.9427376637597761,1.0354031683209468,1.089792173152172,0.9477997017959358,66328.0,115338.0,30.72222222222222,206.0,0.0016375545851528383,0.39417652411282983,0.6505914467697907,0.5910001844249748,1752.0,18.356272431784323,0.005334870704147919,-0.002539824605137751,-2.1004878420959208,0.0037463949404230585,0.07063418830520515,0.008235084615765973,0.0016107750566984138,8.691782771724133,13.035412741126171,14.638004866623636,15.671570726457771,16.4333744897911,17.022146837856337,17.52290326053725,17.97670647610087,18.344798954658966,18.575597846958154,18.987736336885643,19.324845395585513,19.659825353954943,19.991143752460797,20.309736578760248,20.715597623385722,21.075840121538956,21.574694975937746,21.83823510882551,21.838235108825522,125.19125683060109,394.4672727272727,647.1967213114754,894.4527272727273,1102.575591985428,1287.0963636363635,1485.2040072859745,1631.169090909091,1681.3187613843352,1485.5218181818182,1559.5981818181817,1521.2586520947177,1493.169090909091,1423.5992714025501,1304.8745454545453,1271.6812386156648,1133.0454545454545,1090.4189435336975,824.5,274.5,5496.0,1029.0,2.556234329847261,0.4985228734732994,1.3707133169404033,1.6538623791799325,1.9199237313587256,2.1986409946419814,2.4268984059720276,2.658808611718623,2.944224626646262,3.32150528347727,3.9487389907156865,9.083704705343763,1.156830383502746,0.177142820567824
35816,17.37106947176929,2.4888429589076804,1.0,0.6664614317800023,1.0857530995736857,1.0376169978827634,0.7067584618309437,1.1877962238301802,0.7940217400421978,0.5726672456640128,0.5335515230662913,0.7652358641602665,0.8102729243318131,0.4491944934340635,0.9118027106111293,0.6019797184333904,0.8435507653745593,0.8787468906847559,0.851747451136119,0.7101813833474202,0.970092601516204,0.6410293381250223,1.001039685386325,0.9349235830712667,0.9069991697932528,0.8427705571906619,66959.0,112741.0,19.666666666666668,108.0,0.0012724959098345755,0.3865454545454545,0.6494545454545455,0.5973287052031879,3129.0,17.3689316883099,0.0023142093191026642,-1.6499243984923132e-09,-1402615.3690541026,0.002705859365974838,0.11018989349245897,0.010180102364147531,0.0011849476840995671,8.599322198476568,11.800338050585227,13.118964488112912,13.95230141250636,14.612995999413684,15.138598617179216,15.5519197856279,15.89264195256731,16.173979860837786,16.37655345673495,16.613237391152957,16.801293465773888,17.02403161134683,17.193050856966472,17.35730546058088,17.37106947176928,17.371069471769285,17.371069471769285,17.371069471769285,17.371069471769285,191.26363636363635,547.66,909.0309090909091,1254.230909090909,1638.6527272727274,1976.1072727272726,2257.9254545454546,2546.518181818182,2753.8018181818184,2805.5436363636363,2972.867272727273,2985.630909090909,3062.947272727273,3028.5072727272727,2984.6236363636363,2475.5,1925.5,1375.5,825.5,275.0,5501.0,1432.0,2.2938442141126494,0.3320754130199994,1.0197724577861342,1.2868180462273136,1.5353668642757148,1.7574204040673531,2.0133652755251408,2.304883617744699,2.671787126030025,3.13440773754509,3.895289998755472,8.060492252153734,1.5072772127665692,0.299153187850025
35817,18.308355385667372,1.2942797022079058,1.0000000000000002,0.6879403846742683,1.0088461897241516,1.0406601118042424,0.7153122074535654,1.108281048717058,0.9173856673555882,0.7787189301815378,0.5627249644120508,0.881542068298431,1.0886420252125901,0.5077457248443065,0.9760636552963644,0.6430875529719441,1.0253342232898246,0.9379274214749289,0.8990305859049529,0.9251572283733874,0.957555710448538,0.6714874703786687,0.8937476130478446,0.9201426090872049,0.9387334137202719,0.8064268662560309,38256.0,68914.0,25.103448275862068,128.0,0.002465753424657534,0.37791175664565635,0.6404494382022472,0.6056182997361952,1878.0,17.065560562387585,0.003821890286836685,-0.0007521963481714178,-5.080974264402724,0.004662668041507116,0.2411725822311764,0.014938510225776941,0.0018958433254703691,9.226319916710267,12.322221639559963,13.621213212768904,14.437056054073508,15.013025013681078,15.498421298270388,15.892377032757263,16.198829831919962,16.469331142810354,16.73926771814769,16.974710449204874,17.10443227984269,17.368985500382934,17.561699930020445,17.575061084456802,17.70305507630887,18.04986632784057,18.279192525364248,18.308355385667365,18.308355385667372,124.45604395604396,373.6,609.0767123287671,857.572602739726,1088.4191780821918,1292.1150684931506,1467.2410958904109,1564.2849315068493,1665.2739726027398,1747.4191780821918,1826.1397260273973,1684.805479452055,1715.6794520547944,1651.1013698630136,1308.4191780821918,1081.490410958904,1034.3808219178081,884.1369863013699,547.0,182.0,3650.0,913.0,2.407876959461111,0.39487651862547224,1.2948202520185879,1.5330858569271055,1.7880335767264053,2.0120997387874104,2.189866201057478,2.444627283007861,2.756449531884863,3.10862714459309,3.8678996825081344,6.968407024337319,1.0920361441234379,0.568953968116548
35818,15.982101425386483,5.720814218348221,1.0,0.6624632090904066,1.0937126072194439,1.02400334934093,0.7153229387276356,1.046633061611518,0.7241674957495599,0.483928513175267,0.6811918284339284,0.7071925069538584,0.6765175377096726,0.6508411146358077,1.0258013009954805,0.6570509239160713,0.8080016855090316,1.0017558064196839,0.9185374721587787,0.7720009190851836,0.973157892842828,0.6151039295251437,1.1818599731016914,0.9503463962976029,0.8598968329175153,1.1292018343868886,10789.0,20591.0,10.16,50.0,0.0046875,0.3565285379202502,0.6379984362783424,0.6124772270917533,766.0,15.152383972682685,0.008606595553762154,-0.000654420586363279,-13.151474347086783,0.008022898519967367,0.44356516862501,0.04042139335890036,0.004676885072186221,7.864668407348095,10.969235725136484,12.13054819802646,12.945172574211009,13.54051963014803,13.97734460407668,14.354828904966833,14.636422294427598,14.869725386530298,15.10460026345568,15.318304319452588,15.48880856618866,15.677762434078495,15.848272752665284,15.979149134933813,15.982101425386476,15.982101425386476,15.982101425386476,15.982101425386476,15.982101425386476,46.354330708661415,142.75,239.921875,332.0625,413.96875,513.171875,602.59375,673.40625,708.828125,741.640625,741.765625,730.1875,754.46875,730.546875,700.5,575.5,447.5,319.5,191.5,63.5,1280.0,340.0,2.474399434377682,0.4167438112064252,1.1050434176267434,1.3475889597772799,1.6632134518836887,1.868746219551095,2.1534916081456523,2.5867021392244354,2.9445487125344125,3.4502717886902428,4.150199456402449,8.101201864864233,1.6969325260480796,0.71173553488683
35819,28.774232776731754,0.7222363333177069,1.0,0.6529497096680638,1.0254515917804146,0.7924443186398843,0.5803576059489891,0.5281379466227416,0.8349939091652117,0.5774804189556874,0.5441211912032249,1.053694107616744,0.9950423894443546,1.0302633898637479,1.1740752273803308,0.7677723505164191,1.3894479813706535,1.4815870336422634,1.3229297637289912,2.630842927033912,1.3764826276945912,1.0473071053263003,1.7251852098231604,1.7370086393667683,1.8045892646030972,3.266542805445281,8818.0,12506.0,3.3142857142857145,30.0,0.010084033613445379,0.4562289562289562,0.6868686868686869,0.5440698679404549,89.0,18.83256661887559,0.19058689527014855,-0.10192364788431411,-1.869898686185854,0.04722558323807079,0.1155398786574841,0.0350792803946933,0.039280432833569356,4.119498717995389,8.223737377940845,10.016548805975582,11.85202244310185,13.155639920938974,14.367443825028623,15.453498561121787,16.297955666682437,17.210333217682003,18.229572246832532,19.159951225926278,19.940590891998706,20.628988327559064,21.552587524328104,22.242023634294934,23.406167296189974,24.20832870947068,25.07459933702352,25.822259802665915,27.028874368397553,10.491525423728813,25.694915254237287,34.666666666666664,46.389830508474574,58.233333333333334,64.71186440677967,66.03333333333333,71.10169491525424,73.93333333333334,76.61016949152543,83.8135593220339,74.26666666666667,81.83050847457628,75.06666666666666,56.32203389830509,59.36666666666667,62.813559322033896,62.5,50.389830508474574,17.033333333333335,595.0,80.0,2.386235346707452,0.42499350952620457,0.8734855054659417,1.082340540171749,1.4237309365274602,1.5663959212210448,1.9543969187535164,2.299548653206657,2.6848609245753843,3.3768780673719,4.645225976453721,8.919165658674066,2.6879637781256562,0.592082307785749
35820,14.081814968604954,2.8243856300622667,1.0000000000000002,0.653312166105472,1.0543813111262852,1.0813880226252002,0.7198172777434187,1.2079452084911648,0.6386140490315768,0.47944918664371095,0.32394510046094965,0.5905503257575057,0.6660706841418889,0.26817863772611594,0.9414925272378578,0.5848279112034493,1.0359179978802755,0.870633396652823,0.8124671764435102,0.8575869092392301,0.9292115044626957,0.622138964119645,0.8761678357901925,0.8592766749967532,0.8643012377669107,0.7253373991065432,10011.0,16759.0,5.928571428571429,30.0,0.005035246727089627,0.4122983870967742,0.6592741935483871,0.5774815716564803,473.0,13.003396973216443,0.016069988340264255,-0.0025510594176454287,-6.299339101672707,0.011348215059014805,0.10598049030232151,0.022584146577354674,0.006296159415842498,4.386457499326209,7.375182549321663,8.671996742746112,9.580188526216057,10.262286067095868,10.893127446773192,11.347196286136555,11.780561704554213,12.095879880209159,12.41422175475651,12.689117015399459,12.872112912320109,13.108070707015072,13.25082422174231,13.398959039448494,13.477813338240583,13.692431798571565,13.984492380693256,14.078939345941796,14.081814968604956,33.282828282828284,87.55555555555556,134.7171717171717,181.38,227.41414141414143,288.1111111111111,340.8686868686869,386.32,410.1313131313131,432.82828282828285,459.32323232323233,454.06,462.3636363636364,420.6363636363636,390.3838383838384,317.72,279.8686868686869,237.13131313131314,148.6161616161616,49.5,993.0,237.0,2.3741166266824325,0.6374387406801606,1.2476965191169755,1.5742361329204604,1.854833114958983,2.109800192810335,2.2812560693816013,2.3994299877039653,2.6634328592040357,3.1440883930633476,3.5435308042090408,6.581848124330355,0.9403467278486504,0.854581123450771
35821,21.927702179780265,0.050870827033370106,1.0,0.6544627752258668,1.0632216354445205,1.0930367782336874,0.7275708966868324,1.2619473283474432,0.9591261705514356,0.6730875182419991,0.6716635714391102,0.8774875554520251,0.9251160557782941,0.5322437445298713,0.95119091590669,0.6480976072034482,0.9480910888638737,0.8702277314435698,0.8907690098033267,0.7512921241375634,0.9011858756633807,0.6029692693829809,0.8375005741760239,0.8244790052898937,0.8287429749165961,0.663657313869633,125272.0,186362.0,29.28205128205128,224.0,0.0012842465753424657,0.41701155986870275,0.6660482374768089,0.5683713989206925,2797.0,20.42170029751487,0.0030368600562029743,-0.000550435636416958,-5.517193755788254,0.0031221394823386464,0.09247483935713167,0.010218071626444588,0.0011764647014080054,10.27899523453166,14.48528790348885,16.02375768229661,17.017503995090635,17.708604874587458,18.254889543899978,18.699956210203812,19.054687966634216,19.39854110542891,19.703402085242917,19.984373926468464,20.252211774691894,20.486072965052394,20.735092921235527,20.965371337084004,21.16405512435745,21.317465929537565,21.47720754708545,21.817866637200108,21.927188929891386,168.17714285714285,517.2582025677603,911.2796005706134,1316.48787446505,1659.557142857143,2004.095577746077,2268.4707560627676,2371.3138373751785,2547.7514285714287,2644.616262482168,2711.3908701854493,2728.1740370898715,2690.84,2621.6676176890155,2495.0756062767473,2235.122681883024,1816.44,1337.9058487874465,968.5663338088445,349.81455064194006,7008.0,1805.0,2.307223813030083,0.5743371361442168,1.3352313174772021,1.548947588342614,1.7287514842088172,1.896551945956593,2.0956705601319094,2.3174064623717148,2.573550409222325,2.985151660896647,3.54622412463885,9.77362374732276,0.9649124408180922,0.168740571730305
35822,15.698050194489136,0.5000329640334384,1.0,0.6341076577962452,1.1535507283096853,1.1043443481287738,0.7465768170529773,1.3074744485193066,0.634612841097122,0.37271020921643017,0.4401851613419412,0.5746512328083396,0.49922553272904874,0.3366682705275378,1.2414921100264211,0.7664319553562381,1.5868144175483936,1.1241893093671675,1.026594903363912,1.2136485109482904,0.8316633930762283,0.5466027754402145,0.8308340821751646,0.7530833969363068,0.7321453907420586,0.6354495746483387,14132.0,19844.0,4.0606060606060606,28.0,0.006564551422319475,0.4457831325301205,0.6845564074479737,0.5296993758227558,412.0,15.000214382410945,0.02619311201960626,-0.00196868156204334,-13.304900357993814,0.016646240120981048,0.07808727596007389,0.029855920239080447,0.007770873630944704,3.3550736298324257,6.5538774429247715,8.440952072424874,9.95970094765081,10.993896909592605,11.727766313575657,12.37809097690038,12.864144158918165,13.305125520942108,13.661338983695124,13.990796701450488,14.311602213029047,14.653494343700244,14.917706017381489,15.110207940383455,15.176054125910795,15.288837879988717,15.602179598070524,15.6910442179753,15.698050194489126,26.01098901098901,66.48351648351648,88.47826086956522,109.32967032967034,150.94505494505495,177.2173913043478,210.25274725274724,237.73626373626374,268.0869565217391,300.1208791208791,321.0769230769231,343.10869565217394,381.65934065934067,397.64835164835165,388.30434782608694,317.0,248.02197802197801,217.3913043478261,136.45054945054946,45.5,914.0,233.0,2.0056623078484743,0.47436166106935246,1.0242680606063814,1.3086709546362256,1.5294740193604413,1.6683587311098627,1.7908287419561604,1.9616274804421303,2.1744527604087596,2.595256171438053,3.2954471712143647,5.674649010313771,0.8519172113959513,0.542722276365385
35823,18.571059937618397,2.7078060797687575,1.0,0.6348609465742606,1.1035691720400316,1.1172927214998445,0.7574824831183409,1.2996026864413102,1.724015459585661,0.47510987238766117,4.050788465887328,1.5430293480041264,0.6272222565883878,3.116943746076398,0.5595500492818635,0.3302209892141855,0.5141032151143267,0.5008088198504759,0.43594538035356173,0.39558491258746986,0.9232606167640085,0.5954515165504823,0.8788625816425485,0.8263372695426057,0.7860927873858905,0.6762548206553263,9611.0,13129.0,2.8125,24.0,0.012048192771084338,0.4379310344827586,0.696551724137931,0.5434527260494474,268.0,16.742844406737444,0.0286898201423806,-0.007926388653767937,-3.619532348914336,0.027350437685947655,1.5063237546753407,0.07678781534118441,0.012402777113525717,9.057721468364099,12.04377416700626,13.100767471504158,13.800288417484982,14.511610704856864,15.075486549724827,15.503895410724466,15.90760918568625,16.238839252119867,16.631231988669104,16.857775310534894,17.029804819631853,17.331379532198337,17.545497999988967,17.62814427348668,17.913725387163137,18.199031560612678,18.412093564613034,18.571059937618397,18.571059937618397,17.017241379310345,52.706896551724135,93.63793103448276,123.60344827586206,146.70689655172413,172.91379310344828,198.5,213.8448275862069,231.18965517241378,255.56896551724137,254.77586206896552,229.67241379310346,234.56896551724137,218.8448275862069,178.63793103448276,177.18965517241378,162.94827586206895,129.74137931034483,87.5,29.0,581.0,159.0,1.996385103560008,0.37194282509261906,0.8371674039832966,1.1903443357129597,1.4028919991699293,1.6386518310831035,1.8455155755857215,2.075724022583074,2.239189253090779,2.6119283145858363,3.3142917981334468,6.541512725556711,1.0452960858734666,0.912254666993395
35824,22.029568885926224,0.7529782587638338,1.0000000000000002,0.585943681077519,1.2647246818328208,1.1488140900825405,0.7140200758193358,1.5292709361080439,1.792186088383245,1.2015186075994615,2.372885262956501,1.560031430546329,1.682751855710391,1.5516447785213485,0.9437919232062933,0.5953338219788523,1.1443679410421352,0.8215358179829456,0.8337774274703812,0.7483094813496703,0.8367069523717121,0.5137839383014554,0.9228297976142359,0.7283223278638548,0.7195651154652619,0.6034442791169592,24790.0,37330.0,6.705882352941177,32.0,0.003932584269662922,0.4598088813940416,0.7003934794828556,0.524261746884378,951.0,21.116253549316905,0.00884097468131274,-0.0010986417266337604,-8.047186327431326,0.011959859824149743,0.6772725822974135,0.04707455368077734,0.004510316198875818,12.152935005861913,15.470785429550304,16.91549005032758,17.85187701689638,18.611186707120684,19.200993009403764,19.666332102961082,20.047338006702866,20.390306593649424,20.68593981544886,20.97944370631302,21.126003555241038,21.273599463018403,21.456485117475253,21.631694961055477,21.811792210794486,22.021118276729766,22.029568885926214,22.029568885926214,22.029568885926214,62.32768361581921,155.17415730337078,250.57865168539325,333.2977528089888,418.84831460674155,510.90449438202245,599.5224719101124,667.4887640449438,752.4325842696629,837.2415730337078,912.8483146067416,869.3876404494382,792.2752808988764,729.8595505617977,701.3426966292135,648.0842696629213,616.2977528089888,444.5,266.5,88.5,1780.0,549.0,2.047523970375089,0.3818435253829795,1.0747824523388623,1.2434473100907864,1.408028806173952,1.575983477334486,1.761472666136009,1.9335223032714175,2.2420146398999914,2.6728043586687686,3.547026975064477,8.554921225702989,1.1453938232273193,0.540374829038046
35825,15.5783874002386,4.556971471624931,1.0,0.6475589765097908,1.1080632579767462,1.044993771843899,0.6512145910092576,1.3041719211636018,0.8789808000262204,0.6019366729861808,0.46090674729869296,0.8411349653072595,0.9243292169687023,0.3534095005568476,0.8724565946660107,0.5573984689478505,0.8097049430404132,0.834891669379574,0.8559367014243183,0.6208575187832462,0.9724261031281664,0.6611012872183535,0.9347351210219126,0.9305568409391699,1.0151819328768008,0.7167269175584825,8446.0,14796.0,7.076923076923077,36.0,0.009825327510917031,0.4,0.6612021857923497,0.5769980687294716,474.0,14.9041008741661,0.016784473904475777,-0.0009867038616757078,-17.010649857973494,0.012045263309960296,0.3104251977042214,0.032806717714107626,0.006790432628345844,6.403516455328929,9.385660412873978,10.790026317779251,11.643287726643765,12.307697988711432,12.842377182923011,13.34908990793139,13.73382854266921,14.08597491500973,14.391378300870455,14.655362120005003,14.855043768066473,15.017379795741565,15.18386417526513,15.388625876365566,15.56313250439655,15.578387400238595,15.578387400238595,15.578387400238599,15.578387400238599,32.23076923076923,87.93478260869566,136.06593406593407,181.67391304347825,227.30769230769232,282.45652173913044,325.7362637362637,353.5869565217391,385.57142857142856,417.8478260869565,437.80434782608694,463.2087912087912,462.1304347826087,444.42857142857144,437.30434782608694,408.24175824175825,320.5,229.0,137.5,45.5,916.0,226.0,2.3521993822854856,0.33080782655003627,1.2892343822197838,1.5641329019514967,1.7721445940311757,2.0095477971197075,2.249472495027054,2.4477885931284966,2.6941365117977094,3.031079747183804,3.747420995175414,5.812761743848085,0.962845712056036,0.692733434843831
35826,29.033389733731564,2.7316677495591035,1.0,0.6925338247010122,0.9901927327031742,1.0405181377971706,0.6927405481095313,1.1848564625392777,1.2279907069598326,0.8871790686064831,1.2050750710551432,1.1801723221851288,1.2806801493395599,1.0170641838527301,0.9549734335755325,0.695231661843672,0.8463239100151098,0.9177864362818888,1.0035960270276352,0.714283912670185,0.9587779760329173,0.6917092878231734,0.7851441934434825,0.9214428285341557,0.9985113325772943,0.6626492054242858,311064.0,495476.0,79.23076923076923,662.0,0.0004234148406901662,0.3999364844122162,0.6533107500132325,0.5908442780785299,6734.0,27.063840170577404,0.0013724602868914427,-0.00029012725526959035,-4.730545862077429,0.0013921411096264468,0.13626366826571187,0.0059657413987224735,0.0005621621283296322,15.61019487278461,19.735901097563666,22.011732518641068,23.350273007513696,24.231760741209957,24.90486712015116,25.447377133800487,25.89140619123076,26.294396564608075,26.611994543384103,26.921898601828413,27.202094716222668,27.487312528407422,27.76237270566826,28.0258350039838,28.25469013513831,28.520982059467308,28.756317710788377,28.93451824207034,29.033389733731553,452.73795659078877,834.1349920592907,1656.3296296296296,2658.2763366860772,3553.247750132345,4433.135978835979,5217.1095817893065,5816.721545791424,6401.757142857143,6554.498676548438,6674.343568025411,6623.019576719576,6590.465854949709,6443.562202223398,6096.415343915344,5469.991529910006,4852.755426151403,3937.7433862433863,2575.793541556379,944.5,18894.0,4255.0,2.5102550638099577,0.16489374277225038,1.4072740373081616,1.692762899927894,1.9297656540158092,2.1385634146975225,2.3401803815311135,2.5595408226414866,2.8391637898495183,3.2037685655065022,3.8435100263603754,9.4772734146381,1.056369685095579,0.0513422975922003
35827,17.8488088319285,1.450792327319223,0.9999999999999998,0.6522504176519247,1.0778031818841756,1.0546524856120565,0.6643480292253668,1.2892846936190672,1.109735674262697,0.7416181813787257,0.9622975675797169,1.0522287572466806,1.1163097484363071,0.7463809757009633,0.8768697875610151,0.528714116926203,1.1041827766005416,0.8314300677460907,0.7958390687824969,0.8564305324226429,0.9509640142111208,0.6651284576305796,0.8258469114773319,0.9016847039043755,1.0011747282612138,0.640546588014747,15068.0,24490.0,8.413793103448276,50.0,0.0044943820224719105,0.3988005997001499,0.6529235382308846,0.5908583377302384,739.0,17.498947947014017,0.011334030315341253,-0.00035462954398241686,-31.960197641917883,0.012292366195359278,0.2727513534832393,0.03955343581726945,0.005115164529917821,7.982569245510918,11.75675686947485,13.112088568941394,14.0921089342796,14.727939139839938,15.242765128778357,15.65468635107074,15.957890831467244,16.321460410106255,16.634963630733736,16.907270495484937,17.219365345068052,17.424188102525225,17.52220978133348,17.72218082343427,17.836224065174303,17.84880883192849,17.848808831928494,17.848808831928498,17.848808831928494,39.12781954887218,122.09774436090225,189.32089552238807,265.6842105263158,348.6641791044776,441.34586466165416,492.44029850746267,516.8872180451128,555.2014925373135,604.2631578947369,639.0526315789474,697.7835820895523,711.0751879699249,658.7985074626865,652.5563909774436,593.1268656716418,467.0,333.5,200.0,66.5,1335.0,354.0,2.424003984455252,0.6297790081303125,1.2195722898607761,1.4628727352270707,1.6596017440599733,1.8258586123247216,2.099907691841014,2.437293179992848,2.6997718089768528,3.114322631517737,3.9314192416378706,7.966736311029566,1.5667495176281292,0.891089079850353
35828,55.11341560950416,1.1747084156340315,1.0,0.6586955501487047,1.0654352488576937,1.0643895895210334,0.6830712575958944,1.1955666237312932,1.7799360160145508,1.3217331931480543,2.976735023204234,1.6722598882383917,1.9349858136323355,2.489811077122594,1.5519747036627176,0.7044489843569219,4.27441672477146,1.458088954403522,1.0312964811845071,3.575222526228824,0.8965014431130018,0.6334896960129093,0.7447388953083788,0.8422681431114148,0.9274137785309691,0.6229171010011073,30930.0,37228.0,3.0833333333333335,32.0,0.005853658536585366,0.447265625,0.6875,0.5333753147677056,333.0,54.03904339508006,0.06193111824077603,-0.003720556986978692,-16.645657748967228,0.0526745187440138,0.7738587729722788,0.5769430927357032,0.018693765897240453,22.267019252436455,41.8662639274503,46.70323682245896,48.33985395145133,49.29864825253875,50.07791195369716,50.73194309073656,51.1752535396854,51.66901113181451,52.07310915775157,52.411124508572414,52.725809709204306,53.104093327919735,53.550601334457426,53.893096051167895,54.150303894784116,54.4274305006553,54.57603720993159,54.90388491398142,55.113415609504145,6.696078431372549,22.754901960784313,65.95145631067962,114.59803921568627,158.79611650485438,201.2843137254902,227.58252427184465,233.65686274509804,240.1359223300971,254.73529411764707,270.34313725490193,271.6019417475728,289.95098039215685,313.1456310679612,320.30392156862746,297.9514563106796,262.421568627451,195.37864077669903,132.61764705882354,51.0,1025.0,206.0,2.1872480457200183,0.4119305786761085,1.3089523015498,1.5006522860412783,1.6497635779769382,1.8283542720896828,1.9969842394563324,2.208530833149512,2.404978574078683,2.719906429753815,3.2256142665493877,6.1506999160989775,0.8572219312126335,0.886793030535337
35829,24.995940269320243,0.08739589977760168,1.0,0.6511636550018576,1.0410993528690153,1.0900562756798418,0.7411270864078996,1.1731665792019659,1.1908719112399444,0.3312778817195767,1.9231026137035283,1.0924866337723953,0.4469920041989247,1.639240878317296,0.8541538144231877,0.5046281604709302,0.7894740768076404,0.7835868968237192,0.6808928856139448,0.6729428631905554,0.9123463326359299,0.5905279589857636,0.8931398081287957,0.8369717720004148,0.7967971618038399,0.7613068970447014,35219.0,51199.0,7.027027027027027,56.0,0.0023386342376052385,0.4183434721572298,0.669162377164249,0.557309483622872,1018.0,24.202633896630562,0.008462806694948368,-0.000802603574628514,-10.544192628179346,0.011655846686730297,0.6821391790686513,0.05493425926790332,0.00422503768853757,13.556648257860106,17.722209851959185,19.191832847305143,20.150103663954056,20.993456076503723,21.615591575143608,22.125605066174167,22.58424304244574,23.038462552161604,23.39314145666909,23.704862096581564,23.92823980474633,24.164737735692363,24.269562361681423,24.511816598050935,24.719756180424284,24.93932599972208,24.99594026932023,24.995940269320233,24.995940269320236,46.70422535211268,147.2663551401869,247.36915887850466,336.72429906542055,427.23474178403757,535.5280373831775,632.8831775700935,720.6588785046729,817.1643192488262,898.2196261682243,976.6869158878504,992.2943925233645,985.5352112676056,864.7523364485982,852.2757009345794,802.2102803738318,719.1455399061033,534.5,320.5,106.5,2138.0,513.0,2.155438145126456,0.3797280278441943,1.1740630184673768,1.3551346419882218,1.558895801705304,1.6816660330879434,1.894833294605772,2.1512130454111533,2.416597343021249,2.7558275507228127,3.41976286787294,8.069341870829232,1.1192899960991738,0.436675495968666
35830,15.858926792385613,2.4674341263695956,1.0,0.6527737417509425,1.135969254468577,1.0784590026403251,0.7268348671778128,1.2678957229131262,0.7575273977722323,0.43457598991213126,0.7359675699832009,0.7024164997627396,0.5979019575650278,0.5804638005184185,0.8615866626806946,0.5707667263775887,0.7850451668364549,0.7989053460273638,0.7852770307976384,0.6191717131379934,0.9332819378176103,0.5963069971457284,1.0258047755075035,0.8653847160927891,0.8204160588237823,0.8090608375510623,79450.0,135970.0,25.25,196.0,0.0014170996693434106,0.3946456692913386,0.6554330708661418,0.586412944910137,3564.0,15.582498773379232,0.0020538869830105857,-6.446702045485369e-05,-31.859499144200786,0.002108896482837168,0.057318344766591804,0.006426971420316601,0.0009704418071017883,6.962506161831134,10.115432455500276,11.511642408341862,12.324622235854035,12.96289047499231,13.463626860896996,13.857538761868032,14.200958826426298,14.518893422403218,14.78692179536907,14.99112135410733,15.210003568505098,15.448102213365642,15.60123707879339,15.683770400482867,15.855503272096021,15.858926792385605,15.858926792385605,15.858926792385605,15.858926792385608,210.98740157480316,600.2110236220473,1020.3102362204725,1453.187401574803,1852.8708661417322,2235.3543307086616,2471.727559055118,2759.924409448819,3022.0992125984253,3270.1102362204724,3311.7496062992127,3409.181102362205,3505.075590551181,3332.9417322834647,2947.3716535433073,2845.8456692913387,2223.0,1588.0,953.0,317.5,6351.0,1682.0,2.2911397359027124,0.30341435532539635,1.121110560447027,1.367732087530022,1.589361946391883,1.8026843867900149,2.088102765152662,2.3525531234377164,2.656733813359544,3.064066919071868,3.729712492258883,12.748821142381956,1.2647681730839926,0.316654993589036
35831,22.700468347217353,3.5885287035039757,1.0,0.6305745599620363,1.1423293563681824,1.1208128965078017,0.7182811078923105,1.4113305429378094,1.777751968967697,1.4006138678959783,1.8924839714661466,1.5861273317846076,1.9499522575581478,1.3409218562837688,0.7864451246417591,0.48227530478039143,0.6596214584920566,0.7016738717872925,0.6714297501093366,0.46737559942477835,0.8821862905315918,0.5724081303380547,0.8493646167872412,0.7870950568826285,0.7969138044263778,0.6018183486762878,62185.0,96315.0,14.390243902439025,88.0,0.001701507049100632,0.40675905664964745,0.662533430585947,0.5727813866508368,2191.0,21.397664740348134,0.0031808286065835843,-0.0008248882883250453,-3.856071969505507,0.004646715206348986,0.7363086010934863,0.03154705625981173,0.0019500754478226456,13.434782476928136,16.72683828686514,17.81666933399814,18.59940531256679,19.232017240333878,19.734766788316705,20.151891021543758,20.513903719339616,20.834960625621367,21.094740346755355,21.283881351262615,21.422839484188223,21.568080757434217,21.618402200265496,21.853242984657374,22.116932313009265,22.35747955595755,22.62750752704918,22.70046834721734,22.700468347217342,136.9221411192214,431.17761557177613,675.3349514563107,923.720194647202,1151.5669099756692,1386.5825242718447,1624.0413625304136,1853.4501216545011,2003.131067961165,2101.5693430656934,2130.3649635036495,2004.7233009708739,1849.992700729927,1508.1703163017032,1399.8398058252428,1261.2530413625304,1111.1386861313867,964.3640776699029,617.0,205.5,4114.0,1176.0,2.0671471421894245,0.5322484370968341,1.1286873391502543,1.3380855423689773,1.4851664341669653,1.6426778161106905,1.842548798771218,2.0664226893066315,2.342804373441364,2.697683469821418,3.228375342847885,9.316130362744476,0.9209278180941682,0.347203339950647
35832,15.3333859812534,0.8904755860954033,1.0,0.6380452904292655,1.143869139134773,1.2091389001767223,0.839580653245779,1.4987366961877775,0.7481469217186871,0.38455111024717076,1.7614239911422003,0.6187435716519759,0.4580275983736814,1.1752724782295652,0.8759490268326842,0.5197594845584389,1.209737953509702,0.7244403655400214,0.6190703448788075,0.8071717711235205,0.7765280238811699,0.5330681404841983,0.567090032466899,0.6422157320119931,0.6349218963340593,0.3783786931416057,15116.0,22590.0,6.466666666666667,52.0,0.007483629560336763,0.42790262172284643,0.6694756554307116,0.5496657293845859,557.0,14.024846682186094,0.013202583155400648,-0.0028253380763988965,-4.672921540146559,0.013523324340035578,0.16466186936338448,0.03161932922310888,0.005833180536218733,5.2666177198930315,9.086950138483555,10.371792236154242,11.096004660359057,11.740508770430772,12.229227683832809,12.661781236252532,13.008196345853756,13.276607226117603,13.533382964423422,13.794100694975644,14.044806647335285,14.241815740187894,14.325939166648784,14.50361030983151,14.722677624862586,15.01169377219788,15.222913310785728,15.333385981253395,15.333385981253397,30.349056603773583,81.97196261682242,151.94392523364485,215.93457943925233,285.04672897196264,333.5607476635514,394.08490566037733,449.23364485981307,470.7943925233645,500.78504672897196,530.6822429906542,540.2056074766355,523.7289719626168,450.4056603773585,405.66355140186914,354.1214953271028,302.39252336448595,245.97196261682242,160.0,53.0,1069.0,325.0,1.991686307192546,0.5212289607619108,1.0971870179992298,1.3400458796683525,1.5076965032428473,1.6510489999467517,1.7898723236125766,1.9251681501586437,2.185416703505059,2.5648519813763637,3.0909599046332326,7.5885565088628955,0.7875595219946968,0.954697397956625
35833,17.070025406325122,0.6963232544073226,1.0,0.6231669751195462,1.1567299963932685,1.1158039202493721,0.7080364224870148,1.4239009069660937,0.641299057377388,0.33089251670472014,0.6870622707237058,0.5747417137896983,0.46733826989075355,0.48252112725149515,0.8226615510161777,0.5555762723775866,0.6959119491174869,0.7372814668300504,0.7846718823109353,0.4887362215396483,0.9064672382622758,0.6003513450187807,0.9034499755625836,0.8123893650236401,0.8479102570882093,0.6344893602796874,30192.0,45770.0,10.176470588235293,72.0,0.003401360544217687,0.4292659212445309,0.6781720952843947,0.5528202303462979,799.0,15.411553059912176,0.010162810032165712,-0.0020238349052481438,-5.0215608031128625,0.007959991323246377,0.10512392099764088,0.015073748344080503,0.0034945042884971553,6.323726659272584,9.49439405402774,11.015012083421972,12.121963261004437,12.830194824270407,13.45339135639154,13.995364250816484,14.416199287269764,14.76545839742013,15.01738311130838,15.286167405767744,15.531553328175766,15.747320292598705,16.023512546872656,16.310603928320774,16.497026602798584,16.765910234175468,16.823198308890607,17.04698070127289,17.070025406325126,62.770731707317076,161.48058252427185,254.98543689320388,359.9271844660194,465.3219512195122,552.0436893203884,631.0728155339806,719.9757281553398,771.8634146341464,770.1213592233009,776.8300970873786,768.0922330097087,723.9463414634147,717.9660194174758,719.2864077669902,642.2087378640776,608.3024390243902,429.31553398058253,301.56796116504853,102.5,2058.0,555.0,2.225832025898269,0.6913019213110687,1.2720986940512844,1.4998652191023074,1.7112161201326226,1.923621887430723,2.083057628800093,2.2766775301062516,2.5283639996930742,2.8965568421602605,3.2994329820267825,7.266369089241493,0.7312544685145836,0.615837027644739
35834,15.507338810328397,1.2468587151384267,1.0,0.6245919467463664,1.093724888579407,1.1191693237702798,0.7338753465720065,1.314551499097531,0.711418247937613,0.16733964473226198,1.5102964867286661,0.6356663221798942,0.22802189161132003,1.1489062906744378,0.7145242127185675,0.49383234897820216,0.5436842787395901,0.6384415633475944,0.6729103945035552,0.41358918164320035,0.909224326342457,0.5802572340832768,0.8801834354265127,0.8124099785718251,0.7906754693337325,0.6695693824325469,28672.0,45496.0,10.424242424242424,66.0,0.003547671840354767,0.4143744454303461,0.6654835847382431,0.5656811801253407,1313.0,14.899627792841146,0.005287481093377308,-0.000347922530667384,-15.197294303518879,0.006326743609223589,0.265584983465053,0.01657618589319458,0.0026761165395862907,7.356832206086407,9.970726751574304,11.098805968584768,11.892085528084378,12.555398701559243,13.104350826649716,13.572373528380833,13.938040891088976,14.235846902177244,14.495055923999738,14.722087044748058,14.925488817536868,15.11747281448684,15.24792379382292,15.374465341894142,15.497221337163626,15.507338810328394,15.507338810328397,15.507338810328397,15.507338810328397,81.68,223.43555555555557,363.9159292035398,507.9288888888889,660.8982300884956,797.3466666666667,915.0221238938053,1012.4,1132.8805309734514,1199.5155555555555,1268.1155555555556,1270.5353982300885,1268.128888888889,1190.1991150442477,1103.3066666666666,1004.4734513274336,789.0,563.5,338.0,112.5,2255.0,668.0,2.036242759760262,0.3399609253524866,1.0316487970223527,1.2487398135784165,1.415111762891419,1.5790889670896688,1.7406484814047654,1.9335167308705805,2.2326289958524237,2.687145018578484,3.4577470107477652,6.388193386602769,1.0973272935934981,0.760224203392863
35835,18.245459043236654,0.22168481469707185,1.0,0.8469097808403613,0.8175198958535552,0.9334916682398622,0.6842647920560214,0.8664037410356138,0.641583482947789,0.4194623388071093,0.4162617475524349,0.6872942788632722,0.6130117224747806,0.4804477725995003,1.0861107266030343,0.9619381131476912,0.7648903167034028,1.163492684033208,1.4057980540798252,0.8828335803226428,1.176533818094927,1.1537215434595127,0.7912231919742845,1.2603581350793747,1.6860746846157422,0.9132268877654361,4176.0,7478.0,6.545454545454546,60.0,0.01171875,0.4187866927592955,0.6555772994129159,0.5681031272689558,120.0,13.847814349681034,0.09778087650364432,-0.03465117093512883,-2.821863557993521,0.035271573832758474,0.0859356098478402,0.030242312124183834,0.023484182786453346,2.9895708226544357,5.4510811114583175,6.809720140654769,8.02369549447406,9.206760114367693,10.226071793279868,11.065114398422567,11.546642366775009,12.146638070219549,12.711081305093629,13.278837993239325,13.682006578693056,14.119985765179404,14.590914641643538,15.020875516779306,15.347052059583033,15.83042585292525,16.230141523263782,16.919028188681008,17.54564414884408,13.117647058823529,36.90196078431372,57.0,57.13725490196079,62.88235294117647,84.3921568627451,96.6923076923077,108.6078431372549,108.66666666666667,104.6470588235294,106.58823529411765,115.27450980392157,110.54901960784314,104.23076923076923,109.7843137254902,93.76470588235294,82.52941176470588,67.96078431372548,51.27450980392157,20.153846153846153,512.0,61.0,2.6228698160230826,0.5020801031735977,1.2090201873842221,1.5524697530555456,1.7756320376500792,2.1058003497455315,2.4573552776750054,2.7417747929466825,3.150090800825107,3.571810024408307,4.11799686393563,6.5988789327872635,1.649410284022609,0.723916133318562
35836,16.253526226587915,1.393962936045165,1.0000000000000002,0.6891520744460947,0.9955253584847205,1.068634303640644,0.7116773640140902,1.2494055550845504,0.5422774730918182,0.37203105691292476,0.27893388342336095,0.5074490602111281,0.522752409623582,0.2232532761585847,0.7756400096649825,0.584511835090193,0.45118071922660796,0.7258236115222177,0.8213157599861789,0.36111630638305864,0.9783631306857047,0.7029182960662518,0.799280884482879,0.9155266000282775,0.9876923611867681,0.6397289344761955,58340.0,97572.0,23.35483870967742,158.0,0.001497967044725016,0.3951198630136986,0.6528253424657534,0.5851337030410351,1886.0,14.822563672157436,0.004154560900779146,-0.0007076933726050307,-5.870566352043315,0.0031805572111606915,0.06151589474987493,0.006032863816378211,0.0014660213120747671,6.3629360241730675,9.146433022608802,10.55045752572761,11.536098174619802,12.202841085557111,12.770078567206806,13.245152841687418,13.652620263508236,14.023131697544487,14.36151684939797,14.621813209596743,14.875938015808446,15.13815505308083,15.392940588033833,15.612674972345864,15.82364030292417,16.044953563060837,16.24050458612855,16.253526226587905,16.253526226587915,147.84796573875803,397.48608137044965,640.3019271948608,848.5769230769231,1085.083511777302,1305.2912205567452,1464.5867237687366,1604.6923076923076,1717.9464668094217,1821.7987152034261,1834.747323340471,1825.3846153846155,1803.8886509635975,1804.4518201284798,1705.1777301927195,1555.2521367521367,1376.89721627409,1147.0149892933619,701.0,233.5,4673.0,1055.0,2.361128187271376,0.4818281867633521,1.3279429047174274,1.6240811061632994,1.8379171572944077,2.037734802894129,2.212902341187688,2.436350961608542,2.6681873702157994,3.018268878643946,3.5172588102417826,7.501547362272094,0.851631275673455,0.236407745562028
35837,17.910055132258968,1.1697018283563703,1.0,0.7398920999530039,0.9552512437711604,1.0096991096550458,0.7332498159453542,0.9081890831216798,0.752886432819392,0.5445154397499795,0.5841003525634708,0.7456542504792428,0.7426056275894923,0.6431483965384912,0.7847182506974455,0.5675527991505513,0.7854483669084019,0.7771802938060796,0.7740237867210709,0.8648511433418838,1.0734118430156285,0.9009022957583451,1.0738648232720198,1.0631007126294778,1.2286430574780878,1.1824242806144176,11351.0,18099.0,7.777777777777778,52.0,0.006166495375128468,0.44650205761316875,0.6862139917695473,0.5557883918683989,316.0,15.399467253399678,0.03028150238408775,-0.007739086602706138,-3.912800558853957,0.017222585703603497,0.17275962046222523,0.024668013002355625,0.008581819565529607,5.2545466796951095,9.272515551202732,10.713434052697616,11.631297304792664,12.29576505497253,12.933963902806212,13.53928003233381,14.089005990926239,14.527936058503713,14.95398547367774,15.330342686909542,15.69610278751945,16.048313506554667,16.384833032849528,16.696846042871925,17.040423032486892,17.190025623746884,17.51230682124446,17.862306487341876,17.91005513225897,18.742268041237114,57.74226804123711,111.6082474226804,152.27551020408163,184.46391752577318,216.84536082474227,243.08247422680412,261.7857142857143,269.8144329896907,284.17525773195877,304.4329896907216,299.8061224489796,296.21649484536084,290.88659793814435,292.1958762886598,285.09183673469386,224.94845360824743,191.0,140.53608247422682,48.5,973.0,197.0,2.2700511585831205,0.5709655770806763,1.0699156731048944,1.382614720869557,1.5525454391167448,1.8809618665486003,2.1716660898647975,2.443412572108533,2.7992622707838266,3.173086176440397,3.589355710827856,5.5296357331412445,0.9298748617389331,0.522200062735938
35838,36.15500070804393,0.9566683389722521,0.9999999999999999,0.7716556100707883,0.8878475352535163,0.9771803492708452,0.6831678098162314,0.9701897868740927,1.0393822736523743,0.759601282849891,0.9052962269455006,1.0636544977884002,1.1118809638501848,0.9331125097310329,1.0717012736594949,0.9034525133252006,0.94520259533913,1.0967282287851772,1.3224459647304294,0.9742450478524719,1.0156774291346853,0.8746941413069724,0.7828337307169859,1.0393960847581165,1.2803503454623553,0.806887210428426,318536.0,454498.0,42.61224489795919,278.0,0.0007500852369587453,0.4350109110747409,0.6786006546644845,0.5540694442062642,3045.0,32.932217964198784,0.004789746984114128,-0.0012879264449965591,-3.7189600405533443,0.002400322720204015,0.07640472613058207,0.00667242317121961,0.0009486025566492212,16.225229854491843,22.486288443017518,24.85605914754165,26.35933561647681,27.49199142821432,28.36029329285753,29.133091946338798,29.80945693882327,30.466638175259394,31.04791883246741,31.593679267435302,32.1180440435827,32.6457863640481,33.12836692103993,33.58663655047972,34.11444703418601,34.59338618252753,35.104731940116444,35.80626228635254,36.15500070804392,208.30491132332878,601.6582537517053,1006.3128834355829,1404.950204638472,1748.414451261077,2036.205320600273,2252.3333333333335,2386.333560709413,2613.3592365371505,2764.5832196452934,2848.8233287858116,2970.7068847989094,3008.075716234652,2959.4683026584867,2772.1944065484313,2683.9584185412405,2391.927012278308,1985.3047034764827,1675.288540245566,733.0,14665.0,2230.0,2.4184362971996918,0.20902520666485033,1.078695821050609,1.4186330713757926,1.704197829299256,2.0011707212701597,2.289774930356149,2.615419662014231,2.9621724108943104,3.307922844628755,3.8905302290916315,8.711246208177235,1.2622548165221763,0.0284970913198777
35839,16.383357876999263,0.46625479436478456,0.9999999999999999,0.73445673353991,0.9526386758613932,0.9942650944177055,0.6374124698429657,1.049887349454482,0.6680186251347034,0.4048960223120717,0.47025755819460435,0.6718717461623559,0.6352182322567721,0.4479123959717665,0.8641132828370249,0.597667271008227,0.7175321039431964,0.8690974747967951,0.9376460287252767,0.683437231924,1.084989324987712,0.848561932055472,0.9139833585467941,1.091247526519212,1.331260325460099,0.8705537399052354,11485.0,16595.0,5.133333333333334,48.0,0.008917197452229299,0.40433673469387754,0.6619897959183674,0.5659509139712027,289.0,14.302501231232375,0.03481143383006763,-0.008181895508427456,-4.254690590244206,0.020302427401319486,0.1316827914807844,0.026817805720617295,0.009934219462332576,3.8571635449408963,7.005167178844349,8.701093387356634,9.840098158340579,10.77838795469442,11.549487732279102,12.210982754890527,12.719050232681896,13.237516158312733,13.714734281373527,14.065502124918668,14.370709238398451,14.625645259201166,14.926748135404459,15.197370399747873,15.383788181535014,15.612537629706308,15.94642107855188,16.28501774125732,16.334780769908225,18.73076923076923,53.243589743589745,77.65822784810126,93.34615384615384,127.64556962025317,154.32051282051282,182.64556962025316,209.34615384615384,234.63291139240508,257.2692307692308,271.62820512820514,277.6835443037975,259.11538461538464,252.1772151898734,238.03846153846155,201.9873417721519,170.39743589743588,146.0,116.14102564102564,39.0,785.0,164.0,2.4980261887053476,0.6806880406063763,1.2879209116301034,1.559961223674056,1.902720656974187,2.1232343134061518,2.4663765024228397,2.8253541606279176,3.057080660651585,3.358526404174766,3.736911600482156,5.781985133355539,0.9192547242683747,0.731767703543883
35840,22.431591682162743,6.061112080377627,1.0000000000000002,0.5768262364514926,1.4412842658622518,1.1940372510055886,0.7414107621118167,1.7914316959407837,1.7468832386798656,1.2486323875415881,2.578730160368577,1.4630056450991658,1.684130378664876,1.4394800349975596,0.8890400640875817,0.5587246265134312,1.0850181723369785,0.7445664390611384,0.7535965959301337,0.6056709696470862,0.7947513438026976,0.47655293661925335,0.9961680697554796,0.6656001252334278,0.6427650648904143,0.5560737102132909,63507.0,92121.0,11.238095238095237,84.0,0.0026954177897574125,0.4394715556753842,0.6867080075492047,0.5310258442054746,2021.0,20.5439871708383,0.0034889340940833023,-0.0009738032151922542,-3.5827917177234783,0.004413717875919417,0.38647236081342223,0.03052442102634692,0.0021625873562110404,12.816653601843683,16.426670043083586,17.649526226756905,18.391590642775643,18.962771905752604,19.43879638518701,19.82494447060282,20.155193150688024,20.42749069982767,20.604253669272346,20.763038204083113,20.96892805959787,20.991460383483144,20.99146038348315,21.160822042678557,21.486356195701436,21.865537387107015,21.990096690055967,22.23312843996702,22.431591682162725,132.0243243243243,392.79514824797843,671.5202156334232,928.1051212938005,1182.533692722372,1434.121293800539,1653.644204851752,1819.053908355795,1946.6253369272238,1926.956873315364,1858.366576819407,1912.7681940700809,1586.0,1215.0,1025.5363881401618,981.4582210242587,981.6118598382749,703.2048517520216,463.24528301886795,185.0,3710.0,1335.0,1.8414969219437651,0.3979317362469559,0.8926209797977919,1.0875176696911892,1.2734564309881535,1.4514353483140645,1.6384373317936995,1.8458390931559074,2.0898385844522815,2.3847926333454037,2.9280051387199193,8.73783288028778,0.9808544152013069,0.629668116625398
35841,25.213334286105855,0.5844631017730617,1.0,0.6283890898782564,1.1263086459774603,1.083287802510324,0.7171268030874446,1.2541118528623227,1.2718886302185088,0.5976140284547279,2.3970767278930762,1.1741003889004717,0.8333449898704405,1.911373951551536,0.916996621374967,0.5742679786514091,0.9811419529788206,0.8464939965630488,0.8007900083765024,0.7823400685828069,0.9153135325064252,0.5622865947674205,0.9788983213992996,0.8449403107700015,0.7840825253589869,0.7805510482698258,116986.0,159654.0,8.037735849056604,72.0,0.001330039901197036,0.4188521474724439,0.6702774610414292,0.5550147358130457,2613.0,24.285353575913575,0.0031800584176604725,-0.000324639529690734,-9.795659883717603,0.004680515238375674,0.45204855713555,0.028018353320276173,0.0016991158077630283,14.37126620081216,18.5190745275486,20.02581350483475,20.99572904761072,21.68210449500096,22.24340602461152,22.72496089539193,23.157015971532623,23.544995239276858,23.85419897388224,24.10209384379738,24.317645069712672,24.51723965934787,24.68724409689643,24.831281888268453,25.00756280360058,25.15575503835637,25.213334286105844,25.213334286105844,25.213334286105855,124.92585551330798,385.3745247148289,677.796577946768,970.1840607210626,1248.8307984790874,1496.5,1752.0893536121673,2027.5142314990512,2259.880228136882,2418.842205323194,2514.5076045627375,2545.7210626185956,2510.230038022814,2394.8117870722435,2216.6216730038022,2024.3225806451612,1745.0247148288972,1315.5,789.5,263.0,5263.0,1315.0,2.047940320910112,0.24478930554969358,1.0444902787588544,1.2520627508516247,1.4343807889258802,1.6038430618558088,1.7881775705324028,2.038374220949171,2.334963031014164,2.690862631054062,3.5254012430788357,8.847649477161244,1.0092399017641143,0.241193425175734
35842,15.865752429260533,1.0123593006869473,1.0,0.6503205143360632,1.1327733674554554,1.0905346633802866,0.7157683650668053,1.331463197527528,0.7656367434740721,0.3427843107518397,1.0278508328795208,0.7020746512548794,0.4789039687718615,0.7719708924649192,0.7946293145743892,0.5402129047946176,0.5767473611153674,0.7286602996289073,0.7547314622436513,0.4331680831932594,0.9334977804764284,0.6201389154442289,0.9741756532395803,0.8560000996051815,0.8663960936389653,0.7316579647477934,38110.0,58142.0,11.833333333333334,84.0,0.0027537372147915028,0.3986619441164896,0.6587957497048406,0.5795509757657087,1206.0,14.144026545292418,0.006058660083665844,-0.0012834225968095599,-4.720705478247751,0.005845491195818019,0.1188949406218787,0.01350365657971189,0.002504669341004782,6.580929229143792,9.713164932475285,11.060624952892015,11.914694657800874,12.517875948863193,12.97140130407729,13.403881431312474,13.793408034395608,14.106006561156343,14.28620822800703,14.543855645740932,14.73175152392611,15.014895001384048,15.26632506952796,15.381903105633105,15.585918025948565,15.708306523560447,15.836082989865972,15.86575242926053,15.86575242926053,84.81496062992126,245.24015748031496,394.5787401574803,541.0748031496063,699.0748031496063,816.0196850393701,960.9058823529411,1087.3897637795276,1182.3346456692914,1110.6653543307086,1134.6732283464567,1095.515748031496,1129.484251968504,1141.207843137255,1014.6889763779527,939.9488188976378,779.5,614.011811023622,381.5,127.0,2542.0,760.0,2.223095517460635,0.4004201085215455,1.2319411510337779,1.4641197251176015,1.6577662508954405,1.8222046397791454,2.000157887401058,2.1951491381155233,2.492544897321801,2.8930823761143984,3.505966336717297,14.883971552334852,1.0991013538691947,0.699299427841324
35843,16.3546582390681,0.6927468545166611,1.0,0.6031464454172781,1.2304668629965283,1.1000925667217036,0.6858012707538129,1.4368394792689254,0.5948171993116078,0.38121665906063074,0.28843102871677073,0.540697407931929,0.5558704471947222,0.2007399106708333,0.990206681173825,0.5701769535220701,1.1348899590861867,0.9001121461302656,0.8314025911549392,0.7898515982200233,0.8961273262126213,0.5681281148372029,1.0045523515936818,0.814592656400813,0.8284150803814244,0.6991402770369349,25498.0,38142.0,8.411764705882353,68.0,0.004703115814226925,0.4088235294117647,0.6588235294117647,0.5729686422434612,720.0,15.572623416662013,0.011524393020840028,-0.0013652986029517636,-8.440932259012344,0.009212889049736142,0.09379263666872144,0.021472751144885092,0.003923202718874339,5.626983554661312,9.5465967963933,11.015518172872337,11.932043651047792,12.625784958268504,13.148466499151375,13.562860130241985,13.93172827503061,14.081660347369708,14.37166307098938,14.757190291460734,15.066039197954186,15.323563426044995,15.546427119346744,15.627244526915018,15.83772718648406,16.06892415739785,16.19524251275587,16.354485001573845,16.3546582390681,50.970588235294116,128.7235294117647,235.85294117647058,349.8058823529412,453.7705882352941,546.2882352941176,616.4411764705883,683.535294117647,614.6176470588235,588.7941176470588,651.7352941176471,693.4058823529411,682.4764705882353,696.464705882353,592.9941176470588,558.1117647058824,482.3705882352941,389.51176470588234,255.46470588235294,85.0,1701.0,447.0,2.1659629845398642,0.3120175711870822,1.21605479562883,1.4769913033015363,1.6452867058346328,1.7772114621119934,1.9405127408762552,2.10894774959623,2.3351049552858427,2.6636325980005973,3.409764169109813,7.338867658783307,1.038649786479053,0.714916977011599
35844,14.885021294328698,2.696167050802905,1.0,0.6141345937736847,1.2253703186843001,1.1771317786094218,0.7526081358543966,1.580809940327439,0.8283777775428135,0.5627856867408579,0.6081683845846242,0.7037256088026091,0.7477804981498862,0.384719484025165,0.6703698487864551,0.4368170298611975,0.5879693203999025,0.5694943089365759,0.5804043419824343,0.3719418162806556,0.8480773390813365,0.5421929619626696,0.8420103579063947,0.7204608307178604,0.720418682887538,0.5326449033664262,36386.0,55070.0,9.666666666666666,52.0,0.0028559771521827824,0.4061224489795918,0.6612244897959184,0.5646803136370009,1487.0,14.282965407464946,0.004376642793996876,-0.0004036312454080781,-10.843171443707277,0.004975042548377874,0.15921268540876926,0.014392965937016947,0.0023919490080884748,6.972774926311846,9.531604406118648,10.644132321822415,11.420481657188708,12.002689555631953,12.468334297866734,12.862750678956845,13.231245078911524,13.543176404095671,13.808035608396983,14.003863259394846,14.211714260222397,14.379678010849018,14.519056008950509,14.5382064099875,14.550436357130929,14.723352786490548,14.855732268215796,14.88502129432869,14.885021294328691,96.35102040816327,266.2408163265306,428.49795918367346,597.3183673469388,748.9959183673469,898.6408163265306,1026.8897959183673,1166.3795918367348,1303.3877551020407,1384.9510204081632,1423.665306122449,1459.3428571428572,1450.057142857143,1353.9224489795918,1128.0,891.8408163265306,754.9387755102041,594.5591836734694,368.0,122.5,2451.0,762.0,1.9299554992564956,0.35857548257433125,0.9949152323524667,1.2062401760459713,1.3804681557037233,1.5826070936056837,1.7620842579790787,1.9652293371777925,2.151451895538395,2.5066226545698584,3.001361947407776,7.180570655026564,0.8403455230092324,0.354251268848311
35845,24.647827225566356,2.816675837608416,1.0000000000000002,0.671618848569845,1.0886235095386592,1.0222706211607562,0.6901123630501639,1.1749648425686778,1.2004699394759268,0.9538907725273797,0.9234947605160956,1.1743171667330428,1.382225306486854,0.7859765050477384,1.1452035885438732,0.6260611603276973,2.004856188891675,1.1202548178911085,0.90718728405419,1.7063116412136299,0.9693482129026149,0.6456041884764732,0.9580899249128929,0.9482305299960107,0.9355059017100156,0.815420079138999,30405.0,49721.0,13.151515151515152,100.0,0.0032989690721649486,0.37293729372937295,0.6365511551155115,0.612218497707466,1530.0,24.148787715726066,0.005160666074551062,-0.0002618804644984111,-19.706189556504214,0.00900625057258991,0.6288274696048207,0.0776035979962995,0.0035487575436815126,14.558722042772091,19.10537795072637,20.475982611375564,21.416430455297213,22.060731101962908,22.53946167181821,22.940928739531355,23.302874587564986,23.607209319799267,23.8429381135684,24.046161050800986,24.211342595893075,24.232295410591316,24.42116932347932,24.625485571654515,24.647827225566342,24.647827225566346,24.647827225566346,24.64782722556635,24.64782722556635,66.50826446280992,234.54132231404958,389.962962962963,549.9545454545455,715.0288065843621,889.8884297520661,1040.432098765432,1179.6487603305786,1329.4485596707818,1397.780991735537,1475.3842975206612,1479.2962962962963,1267.0289256198348,1266.8559670781892,1298.202479338843,1091.0,848.5,606.0,363.5,121.0,2425.0,624.0,2.4070867283004946,0.3915488884841761,1.1409068226330665,1.3996758130043756,1.6077007080637624,1.9009467246601939,2.2259678294057723,2.4478164963333158,2.805823183186037,3.358729947010848,4.071795459198675,7.957338840987395,1.3585869101240735,0.523841159392614
35846,35.032618013806136,1.9505821284633054,0.9999999999999999,0.5992072652685521,1.227823853874581,1.1502058196664846,0.7406770566477731,1.4414440730776712,3.240391941360042,3.240391941360042,8.730989086018965,2.817227913435207,4.374905246863886,6.057112619969476,1.9618508288348897,0.6852922378983436,10.493549712260997,1.7056519757513928,0.9252240659375959,7.279886822008917,0.8443779529825417,0.49622673715940463,0.9231032391869199,0.7341103118634705,0.669963694305957,0.6404017030060515,54143.0,79335.0,10.093023255813954,64.0,0.0025133521834747093,0.41514770584538024,0.6659333752357008,0.5583266940937611,1905.0,34.393384225356535,0.0036193930950263837,-0.00028117438321717655,-12.872414099796556,0.010396617185839986,6.195216654607677,0.5311062972858874,0.0036677470084236843,26.80478578905715,29.68431260152494,30.899766622383545,31.70442774458212,32.30830272156491,32.81790101911108,33.22977426379695,33.5959170463621,33.86340280691065,34.12028663597994,34.309475608124025,34.4577543803684,34.58601434738311,34.77259021591774,34.908611848374385,34.936439424180975,35.032618013806115,35.03261801380612,35.03261801380613,35.03261801380614,115.91509433962264,351.14150943396226,581.7578616352201,785.1253918495298,989.1729559748428,1182.6761006289307,1369.2295597484276,1545.8934169278996,1683.1100628930817,1810.5377358490566,1864.6698113207547,1809.2319749216301,1708.9088050314465,1697.198113207547,1617.946540880503,1335.7617554858934,1113.5,795.5,477.5,159.0,3183.0,1012.0,1.9844095491459945,0.30013449623168703,0.9411408247440712,1.1648878535544593,1.3342685464979915,1.4988930102522233,1.6705179333881155,1.8880951166134818,2.144544123899774,2.5610423210196323,3.549592282728428,9.585012245004478,1.366872641019503,0.4172304458078
35847,13.124458867389247,1.7341627377930822,0.9999999999999999,0.6215608958200924,1.1830038974671229,1.1014893442846683,0.6994744466304661,1.390275852944079,0.4390267346603297,0.29393656379085986,0.18998621003939087,0.3985755622043202,0.42022487770185435,0.13665360700689136,0.8270474953402637,0.5534071926142332,0.6544215143395538,0.750844753634332,0.7911757109643198,0.47071342924768217,0.9265714875320891,0.5766699891409386,1.0332803326940274,0.8411987754033383,0.8244332468739842,0.7432196499032404,22259.0,32665.0,4.972972972972973,38.0,0.003926701570680628,0.3713163064833006,0.6424361493123772,0.5914776529669977,874.0,12.628693856370464,0.008042928023002653,-0.0003398614674321435,-23.665313057616626,0.007459264001045294,0.12957455914455784,0.01611101017793836,0.003554827575995682,5.021491529234027,7.552136273154598,8.882196760867714,9.672290208031246,10.217053551213096,10.765530966385125,11.24382283678358,11.614988970087156,11.90844486871686,12.158016980540316,12.393063343952285,12.59676971803776,12.726094038757344,12.927378148740202,13.109933005830847,13.124458867389238,13.124458867389238,13.12445886738924,13.124458867389245,13.124458867389247,60.53947368421053,172.05228758169935,265.3921568627451,354.65359477124184,423.1578947368421,518.4248366013072,618.3137254901961,709.1830065359477,757.671052631579,782.0653594771242,834.8823529411765,860.9281045751634,829.7763157894736,837.7581699346405,827.843137254902,687.0,534.5,382.0,229.0,76.0,1528.0,427.0,2.191785249681487,0.31109384916491467,0.9592637308953269,1.2283389366841642,1.4767561075860198,1.6484630869277888,1.9546539164896664,2.2620009482528904,2.673513310448954,3.1971318239491646,3.8902692757898314,5.612306467832509,1.2893579108593711,0.950150928827934
35848,23.622351532821273,3.3408304078829936,1.0,0.6309374344744043,1.1211048429473798,1.0742765374597254,0.7059955459804582,1.1989916643891203,1.7513543326023226,1.4452012592537753,2.3428652862314094,1.630263969781599,2.0470401937830047,1.9540296699436075,1.4145686022075261,0.857026077359238,2.1100064778277576,1.3167639363626689,1.2139256150249993,1.7598174703764888,0.9019107216200425,0.5480330215349732,0.9687447312007856,0.8395517263671554,0.7762556359670613,0.8079661935717924,12693.0,21131.0,6.066666666666666,44.0,0.004878048780487805,0.40439381611065905,0.6631407648494712,0.578515164424231,847.0,23.38473085653125,0.008418060892368948,-0.0003016909342267216,-27.90292957905971,0.016502458197671505,1.523544695421277,0.14839256926921904,0.006682673756461155,14.37151350878327,18.54090396692191,19.753103273573107,20.50019191241553,21.080778801355795,21.54403524320979,21.899694032540708,22.270334071907048,22.57879473345094,22.82006132932601,23.050480819711456,23.26328213868668,23.40703116113442,23.45755627745504,23.46818119624355,23.511154800050484,23.622351532821256,23.622351532821256,23.622351532821256,23.62235153282126,41.10655737704918,123.73170731707317,208.6991869918699,290.7073170731707,370.2926829268293,441.7317073170732,518.3252032520326,598.1382113821138,690.3577235772358,746.8861788617886,778.1788617886178,828.6910569105692,819.2520325203252,733.0,613.7560975609756,508.9512195121951,430.0,307.0,184.0,61.0,1230.0,360.0,2.0290111552344494,0.167386852140981,0.9191133148492018,1.155690794350254,1.3029575790148078,1.4592322364008434,1.6179057672231645,1.8787631726024003,2.2828833520016842,2.780731616730449,3.732772290974641,8.043041529307937,1.450536971388371,0.743109699666966
35849,33.79884801511306,0.6334337106786769,1.0,0.6812858238765233,1.0307347037979713,0.9890271524381409,0.6680127044104192,1.0181725293907775,1.1176114337826413,0.7080750806294753,1.3914396238397486,1.1300108708112973,1.0599724765031449,1.3666049551271189,1.2345957553008617,0.7272211062483175,1.887734589702224,1.248293085035479,1.0886336464067028,1.8540419577335758,0.9882493343140227,0.6912404637486923,0.952859988331302,0.9992135523052116,1.0347714335145373,0.9358531691101948,18933.0,25993.0,4.3428571428571425,34.0,0.006622516556291391,0.42140151515151514,0.6695075757575758,0.5592420879098685,377.0,33.78831675948364,0.042290407792166966,-7.185235357121946e-07,-58857.37305772324,0.031406642333744676,0.6512419399513691,0.12697695344513757,0.011824752311159339,14.160404400121536,22.21758203824126,24.71387406465534,26.065010445742168,27.366906714658807,28.463505779594147,29.265196836146067,29.890132591213415,30.510688836841222,31.109212951734843,31.630083628367757,32.06414741332782,32.32069147380147,32.66606362762369,33.106033188925046,33.44745927143123,33.75820515852548,33.798848015113045,33.79884801511304,33.79884801511304,13.866666666666667,47.14150943396226,83.03809523809524,92.4622641509434,111.82075471698113,143.3904761904762,183.14150943396226,195.89622641509433,208.2952380952381,255.38679245283018,274.04716981132077,289.8666666666667,278.2358490566038,296.5188679245283,328.46666666666664,350.5,356.99056603773585,264.0,158.5,52.5,1057.0,197.0,2.2536389317760808,0.4554291974907452,1.0429381215545714,1.4447890088038537,1.655400931441276,1.809619159102408,2.040006391188938,2.501782358988927,2.679428865724134,3.0185835676576263,3.6584476258836527,6.283901473463603,1.1215306698807068,0.815579228573479
35850,16.036541471169727,0.08908866615018153,1.0,0.710387442843062,0.9434111080735352,1.0042626133633061,0.684272298008275,1.0444215685875398,0.6294442498551818,0.48143941153558223,0.34939753301171655,0.6267725607619243,0.7035786965757893,0.3345368800495346,0.9841930616823222,0.7404201047265855,0.8370431017725917,0.9800156339448202,1.0820547710052577,0.8014417998898629,1.0073295144280299,0.7389709257378612,0.8524517194481441,1.0030538835399365,1.079936931377755,0.816195054838811,26116.0,46402.0,16.571428571428573,90.0,0.0027537372147915028,0.38488783943329397,0.6426603699330972,0.599807918632315,1174.0,15.363450889814988,0.006536137233149393,-0.0004958704674909333,-13.181138344902347,0.00627605383904744,0.09809659864626773,0.014265253924588914,0.0025320837785276665,6.136692846319284,9.623109029721114,11.027687511948052,11.894924115902281,12.570891672813138,13.102264104342614,13.532165608391225,13.895859319859609,14.243835196722868,14.546820895242687,14.768869751516014,14.992233756991453,15.266862959400175,15.45308585132573,15.6465164487733,15.820221856710756,15.97718534412068,16.036541471169727,16.036541471169727,16.036541471169727,76.80708661417323,221.8228346456693,359.8307086614173,500.0590551181102,626.2559055118111,772.1377952755905,897.9960784313726,979.9015748031496,1059.3267716535433,1133.9724409448818,1126.2716535433071,1123.0039370078741,1151.2007874015749,1119.035294117647,1065.751968503937,986.3818897637796,848.6574803149606,635.5,381.5,127.0,2542.0,554.0,2.5489809271261143,0.2554533934659462,1.3141605226171362,1.6022904135118037,1.8396947750722108,2.0932179883777686,2.3790065390106445,2.6866912817955764,2.988331107517569,3.3978988339925924,4.041401515181772,8.270348462106774,1.3158597285755698,0.316775655339006
35851,14.723252219515441,0.8713212840016439,1.0000000000000002,0.6316131718665838,1.181929392004547,1.0681498303507115,0.688602399391719,1.2803597646019231,0.6871551481172903,0.4871825022496631,0.5926849408633926,0.6433134459157971,0.7074946335941011,0.4629050031478179,1.148279045610154,0.7451922149926946,1.2205025212563798,1.075016830956321,1.0821806831503413,0.9532496685694012,0.9071095633401424,0.5475744943256213,1.0598919903195354,0.8492343841334563,0.7951969014475182,0.82780794868938,21544.0,34898.0,10.125,52.0,0.00322234156820623,0.41751746372917786,0.6765180010746911,0.5707997340240555,1072.0,13.900268365939684,0.007144137067650299,-0.000677489098167694,-10.545021443108094,0.007443272936869316,0.07731743116292367,0.019674126986894344,0.0031624077236539,4.894524748714178,8.670780572287116,10.284789851946753,11.196088401753544,11.837015068910835,12.310191268662825,12.664918441077411,13.0239396876836,13.344159032859373,13.561768692989073,13.796560550739501,13.95007815251139,14.12908572258225,14.2469696678522,14.337774843569886,14.337774843569886,14.36041291235841,14.529121396185523,14.723252219515441,14.723252219515441,60.18817204301075,169.06989247311827,286.89784946236557,413.66129032258067,541.1236559139785,658.994623655914,768.1550802139037,854.7150537634409,952.8333333333334,980.1451612903226,1040.4354838709678,1019.1021505376344,1037.252688172043,981.4117647058823,889.5,703.5,528.5645161290323,404.4032258064516,279.5,93.0,1862.0,514.0,2.193988509474136,0.3472105624690484,1.0595353427117677,1.296248164063434,1.511656565055054,1.7062470611944662,1.9469979327326636,2.148564195154707,2.4280699765413645,2.8348712058856775,3.766690203840488,8.08446596045514,1.405161421994167,0.655221579682548
35852,16.164109454562965,1.9893037232044146,0.9999999999999999,0.6318216616527256,1.220857057324061,1.1497268880151503,0.763069711690732,1.5306989596620373,0.5610434185941232,0.35697203400324123,0.414034155861935,0.4879797319193688,0.46781051394675205,0.27048699108892676,0.7599192476405399,0.4862390314059433,0.6456884268311105,0.6609563154189069,0.6372144300270869,0.4218258742226309,0.8784162680239993,0.5705936188661564,0.9203306825147777,0.7640216795664121,0.7477608010438435,0.6012486496482479,50990.0,73624.0,9.538461538461538,60.0,0.0024271844660194173,0.4432882414151925,0.6843565730142213,0.5468284009388307,1324.0,14.854103785540959,0.005639022040536725,-0.001106079109862978,-5.098208609360041,0.004916685997696341,0.06471097833860279,0.011563167863172701,0.002304189435882213,5.758119466208152,9.44191619159321,10.831858959020163,11.734702254107901,12.401007396998132,12.909534987160214,13.3622682258835,13.751446705282325,14.084472638398667,14.329143200783399,14.561276487376144,14.800361705040858,15.047394938274351,15.168430814010492,15.358662902076972,15.479744271684943,15.705227224392253,15.966664759295549,16.160020576746977,16.16410945456296,81.35416666666667,235.78472222222223,401.2179930795848,565.9583333333334,727.4166666666666,867.0622837370242,1005.7638888888889,1144.2083333333333,1257.59169550173,1283.111111111111,1285.0,1303.6712802768166,1298.9722222222222,1157.611111111111,1052.719723183391,862.6597222222222,747.5208333333334,615.4290657439446,430.24305555555554,144.0,2884.0,869.0,2.1038715002151664,0.5078177618284523,1.2047028495534093,1.4213411965377365,1.5845471449763946,1.7250410504115068,1.9527574077113208,2.154245200880362,2.3541129472354685,2.649710194835311,3.161561443592178,10.793160303459723,0.8566027169649448,0.223010117379017
35853,21.050630933475766,1.6891529775841685,1.0,0.6587829623663335,1.0253644895644203,1.0588683307950117,0.7052662161468851,1.1178517309610128,0.7390859709779558,0.4858689968462178,0.3987232910348136,0.6979961053543274,0.6889157395071174,0.3566870990055477,1.244156039631226,0.8705250169025973,1.505319825981165,1.1749865431305304,1.2343211640826617,1.3466185043047234,0.9125137687384157,0.5993430806867699,0.8631062739754939,0.8617820952802402,0.8498111308396279,0.7721115869574982,13316.0,21550.0,6.129032258064516,44.0,0.007692307692307693,0.43199315654405473,0.6775021385799829,0.5456050616514494,689.0,20.739288597202055,0.015762023314514765,-0.0002552989033084446,-61.739486970970475,0.01656242767826484,0.20628308325969155,0.057691267949657545,0.0068292182150589955,6.7781347612364815,12.27493528002315,15.095530080129665,16.41306302356639,17.49045732658301,18.219386988262897,18.698162231458145,19.09364498116313,19.51253005901953,19.877596517918725,20.17556437222553,20.428949204702697,20.670732095350516,20.834893551723557,21.016432171892834,21.050630933475745,21.05063093347577,21.05063093347577,21.05063093347577,21.05063093347577,22.67241379310345,49.69230769230769,108.7094017094017,160.54700854700855,220.69230769230768,272.7350427350427,340.38461538461536,393.96581196581195,446.5213675213675,502.3931623931624,570.8290598290598,622.2393162393163,667.2393162393163,644.3076923076923,625.0854700854701,526.0,409.0,292.0,175.0,58.0,1170.0,302.0,2.2192582306982938,0.6008858336673166,0.8825888379384099,1.13717519091981,1.3141933676176252,1.5699656379128801,1.833575598712232,2.128165665127946,2.594283818761851,3.2818975848002587,4.079434269235678,7.304842247102914,1.7176622257623742,0.803188516427763
35854,19.66264713500986,2.4440886020807437,0.9999999999999998,0.7446416856651412,0.8813499713602184,0.9646882245291323,0.7160453353582399,0.7181968831784664,0.801077122287733,0.5242827481882052,0.8536599726016141,0.8304000213942091,0.7321921145201019,1.1886155350934406,0.7400832631460618,0.5217075880698984,0.45532037141019477,0.7671735223131795,0.7285957498890574,0.6339770919014851,1.324621433362287,0.976008116996018,1.4168653474010675,1.373108326276958,1.3630535230115253,1.972809100939787,5336.0,8368.0,3.185185185185185,28.0,0.014344262295081968,0.4620123203285421,0.6940451745379876,0.5298701918563897,113.0,14.893434814017246,0.08620717311837205,-0.045548281756688624,-1.892654778480481,0.035356383024495106,0.2291085954758502,0.02969444529008325,0.026784309086573668,4.590532126187683,7.942402548854869,9.43171344145415,10.356560235131933,11.092302445865606,11.767607158658388,12.441272479712712,12.940218273222921,13.44918910707824,14.135915873226082,14.701343231043243,15.277914400155725,15.858059691980364,16.354593930013138,16.81596894117585,17.47808796602529,18.10873955445636,18.449132955332104,19.13895564538269,19.570053304890468,9.583333333333334,21.836734693877553,46.224489795918366,58.69387755102041,70.79166666666667,78.95918367346938,88.40816326530613,100.10204081632654,100.58333333333333,102.0,107.61224489795919,109.34693877551021,105.75,93.53061224489795,90.16326530612245,97.0,93.79166666666667,70.53061224489795,54.95918367346939,22.73469387755102,488.0,72.0,2.145960784367654,0.4469245708274272,1.068593784561762,1.228835903392797,1.568590454611601,1.868980563493723,2.044473799701846,2.3147046201936456,2.5331936475556467,2.759895671014929,3.3484907838537903,5.085331433203319,1.0136567405295942,0.942813214696944
35855,26.30899837738907,2.515806431717638,1.0,0.7364692660112137,0.9021765705792866,0.9729641359623689,0.658610487187095,0.9525043498526116,1.7734971225640073,1.0063647754215264,2.6411153486272,1.8227774868698763,1.5280120723854234,2.7728118501882753,0.9081375614595051,0.7389589698930537,0.5861907567783357,0.933372082169562,1.121996968267427,0.6154205562095769,1.0399037961216846,0.8066739787846215,0.8728601277954858,1.068799720036037,1.2248119252244238,0.9163844006912413,11509.0,19135.0,8.518518518518519,54.0,0.007699711260827719,0.4210019267822736,0.6705202312138728,0.5671017893487398,358.0,24.78974178283559,0.02881022433955885,-0.005344313892011652,-5.390818152096676,0.02292215023667768,2.036386113975314,0.06383814334994842,0.00967725909414549,12.841593206424243,16.59691588622167,18.54135773511278,19.72147969198408,20.61813563378238,21.32069295012657,21.916641649233085,22.463640695643676,22.959274339388678,23.420944592288258,23.79393190006953,24.100006475782116,24.444076213933158,24.724374296904443,24.924020843476793,25.1605330986672,25.51328799145852,25.733720355018892,26.171561290157893,26.30899837738906,25.62135922330097,59.82692307692308,102.51923076923077,134.05769230769232,164.76923076923077,200.82692307692307,231.55339805825244,258.90384615384613,297.1730769230769,323.4230769230769,337.0,338.0192307692308,344.28846153846155,350.84466019417476,315.1730769230769,269.5,233.30769230769232,177.34615384615384,131.78846153846155,51.5,1039.0,179.0,2.394996230247175,0.24331267362210143,0.9809451254157266,1.473330529213502,1.7558257149792327,2.136070232032142,2.339225110263545,2.5056151630627053,2.9443928847815717,3.2896630534937157,3.889953332257248,5.762232968127707,1.122687198848646,0.809125826747622
35856,25.495949373401217,2.7354651660136384,0.9999999999999998,0.6958613529729261,0.9917362941424126,1.0421797316446968,0.6891635950054573,1.2015231376485134,0.7212533607743458,0.54038396929942,0.37019315418477744,0.6920623563040447,0.7841156631251551,0.30810322546869806,0.9278667496649778,0.6936415873784959,0.6748444341898724,0.8903135625183211,1.0064977204331333,0.5616574604718827,0.9629362300067307,0.701332467369504,0.7928765713483913,0.9239636895327935,1.017657450933621,0.659892886374307,750402.0,1149750.0,134.53333333333333,872.0,0.00024041030024575275,0.40435421397088284,0.6566314945906238,0.5852052330900164,12870.0,22.68747027240131,0.0007032107416638127,-0.00021387634176497634,-3.2879314086854654,0.0006080001123918146,0.03897797346393901,0.0021500595442571816,0.0002554509652410196,12.876339583407852,16.921502305969476,18.483363448718137,19.501768687950285,20.24973179408464,20.863098747244056,21.38143331228263,21.81361561217885,22.205030604704177,22.53984937781147,22.846791360380557,23.14021425263966,23.42829061410261,23.691997790422658,23.940186500252207,24.1984373355301,24.486082765189835,24.782024790139044,25.066983345863775,25.47052227909067,910.8648143200642,2714.8819444444443,4478.573871226289,6110.041666666667,7536.008282126636,8930.754273504273,10235.150948437082,11269.041666666666,12080.862676997061,12541.626068376068,12686.650106837607,12666.521506812716,12520.320512820514,11915.373497194763,10880.932692307691,9616.524712797222,8266.79594017094,6578.763825808175,4312.707799145299,1802.8221153846155,37436.0,8107.0,2.499432954502655,0.09942245293592242,1.4371610045340657,1.7431609072855843,1.9767712627770875,2.1775893506459685,2.3764443503445523,2.5977854773175006,2.8346185173216383,3.150615001981604,3.6916672174613225,9.231449632258432,0.9018576448938616,0.0186417562095448
35857,23.75771866710929,1.9915378104547723,1.0,0.7505520058523696,0.9735626921221182,0.9170532863837976,0.6321661405434422,0.9287341358264403,1.0980938000211917,0.6710848740765305,1.0351013570154886,1.1974154788227067,1.06156409057219,1.1145292469457868,1.0426296385581928,0.764414036222369,1.350268078993247,1.1369346296872,1.209198005393392,1.4538801007800817,1.0941662424715928,0.8844867480153317,0.9034010684834846,1.1931326769311323,1.3991365422624213,0.9727230147297075,7545.0,11227.0,3.6,20.0,0.008403361344537815,0.3939393939393939,0.6481481481481481,0.5877798228275896,190.0,19.84040990129533,0.05993919278572637,-0.028356738302223662,-2.1137548383350597,0.036643402115579995,0.49433201478417044,0.0564097048658941,0.017664427543879743,7.3976595027130925,12.965740816510547,14.673308102661508,15.736430613000257,16.671112919876986,17.323249357707468,17.85365034744297,18.348313772034786,18.876337924762165,19.310674825498165,19.6954284654816,20.051404241148592,20.21014988530303,20.55024558790177,20.982138628575527,21.553779329402506,22.022345599988103,22.64365354575175,23.38771800050502,23.75771866710928,10.59322033898305,37.11864406779661,56.43333333333333,75.98305084745763,98.73333333333333,121.76271186440678,136.2,137.4406779661017,155.8,171.59322033898306,181.10169491525423,177.26666666666668,135.76271186440678,121.66666666666667,113.0,108.03333333333333,87.45762711864407,75.76666666666667,62.49152542372882,29.5,595.0,87.0,2.52364195374748,0.7688920622580152,1.231734755925574,1.458057148660244,1.6960640991084288,1.9778668984418233,2.234495854024696,2.5733703554894847,2.8951775570167433,3.3540026468372837,4.20541819076967,6.695160283535877,1.565605413081721,0.986114089495968
35858,26.08189572426391,0.02952361477348182,1.0,0.6030311700073803,1.179492938627312,1.1204426523579196,0.7489809287525079,1.3322459777802362,4.418212833010947,4.418212833010947,2.0820527576659047,3.943274404730151,5.898965732505179,1.5628140691668537,0.876865828625789,0.4269886344238909,1.3454813280370554,0.7826066124673722,0.570092799472314,1.0099346145363273,0.8757077779934908,0.5059952751804402,0.9725003090974031,0.7815730471797055,0.6755783168247271,0.7299705349591412,30376.0,43474.0,5.121951219512195,34.0,0.004235044997353097,0.4327330508474576,0.680614406779661,0.5425084531506669,1069.0,25.714176997016356,0.006963320714547775,-0.0001730413226467933,-40.24079686885597,0.01379892590545044,5.861144833371984,0.15236812511808506,0.0047229909090847535,17.235160953359244,20.33917944692698,21.704049425333125,22.48239392087858,23.134480462944637,23.672016049768196,24.121541743180106,24.487387773762894,24.753131335592066,25.02725723228881,25.27576575232604,25.4813749784893,25.689076976148513,25.891762426467803,26.042917499794804,26.0635963588656,26.078342142163805,26.0818957242639,26.081895724263905,26.081895724263916,67.62765957446808,186.38095238095238,298.7989417989418,411.42857142857144,516.7354497354497,633.3227513227513,739.2127659574468,830.7989417989418,890.941798941799,933.1904761904761,996.2010582010582,1017.941798941799,1046.1375661375662,1050.4468085106382,1017.4444444444445,848.0,660.6190476190476,472.0,283.0,94.0,1889.0,597.0,1.938058382058531,0.17559072486142926,0.8596784750699249,1.077728405818631,1.2938117655403414,1.4668953728202985,1.6767033485378586,1.8730057412941048,2.0972770608592186,2.5249220288184864,3.4993795757002037,8.172165303911257,1.263999101682371,0.485333053076174
35859,17.538151096412776,3.40205806091661,1.0,0.6955230095507468,1.0326825963119888,1.0013443622255027,0.7007050391512724,0.9736526595218672,1.111921252775486,0.7871241493485336,1.2138927834172417,1.110428434733706,1.1233316522197931,1.246741095549772,0.9809382249567399,0.6068983871708501,1.1136569517530357,0.9796212591406518,0.86612533557052,1.1437928514465523,0.9990679758224211,0.6829855860946041,1.0874779312814011,0.9977266697761974,0.9747119657108062,1.1169054186278609,17405.0,34147.0,15.538461538461538,64.0,0.003363767419509851,0.3860576923076923,0.6475961538461539,0.6019425562590549,1527.0,17.534691620484473,0.005040578826972276,-2.521227798101602e-08,-199925.56129865214,0.006796198574757772,0.23367623607765786,0.028394523966212747,0.003147539235030154,8.390252461266375,12.01345722426739,13.51750818111002,14.452162782163636,15.076451839878324,15.540975329402075,15.936186120964805,16.273652922735202,16.593171891351794,16.83708750018303,17.063304268083698,17.261989270709485,17.477426493287908,17.53815109641277,17.538151096412772,17.538151096412772,17.538151096412772,17.538151096412772,17.538151096412772,17.538151096412776,67.96153846153847,206.18269230769232,330.6923076923077,468.1057692307692,613.7403846153846,751.9038461538462,874.1538461538462,999.7307692307693,1124.3846153846155,1217.7211538461538,1309.0673076923076,1392.5865384615386,1495.8846153846155,1352.5,1144.5,936.5,728.5,520.5,312.5,104.0,2081.0,539.0,2.427606149795861,0.3189060823756632,1.0109069769999868,1.349625305162425,1.6343847488640655,1.8602997213004622,2.169277351438516,2.4779433599044762,2.929283854695952,3.287962765710937,3.930361575994108,9.865812531665854,1.8643230912434743,0.852705376106314
35860,16.352454224351895,3.2912702699330314,1.0,0.5704080195877257,1.249136668150528,1.1662369728459705,0.7006424463438986,1.5171656594188925,1.0620845500949103,0.5283724408634902,0.9260911984134013,0.9106936024357924,0.7541256508518005,0.6104087531009068,0.7835227906130104,0.4489537719719852,0.9456131887789364,0.6718384075073337,0.640774441107189,0.6232761616428406,0.8366932398514494,0.4756134723775076,0.9222383066907153,0.7174298700286145,0.6788248055186492,0.6078692204541148,19887.0,28681.0,4.54054054054054,30.0,0.005930318754633061,0.4421364985163205,0.6928783382789317,0.5234258805469368,838.0,16.088219222764824,0.008321908359296205,-0.0001621416015047041,-51.32494240877945,0.009689305604168296,0.37096351057753074,0.03880583627860222,0.004567140785470193,7.9562785001705905,11.027552735640933,12.130140876001093,12.897126681407311,13.516593227175555,13.970554910944804,14.456164014614318,14.904142576960203,15.253050368548031,15.509200844019041,15.761010617831364,15.944394220167679,16.100568464975918,16.234915544691837,16.345550827644136,16.35245422435189,16.35245422435189,16.35245422435189,16.35245422435189,16.35245422435189,46.11194029850746,139.9037037037037,224.13333333333333,299.8740740740741,390.8296296296296,474.0962962962963,538.0970149253732,618.5481481481481,695.5925925925926,738.6370370370371,808.0962962962963,821.7925925925925,824.7333333333333,798.320895522388,738.6814814814815,607.0,472.0,337.0,202.0,67.0,1349.0,435.0,1.8996072198228637,0.22252265784374006,0.9057502084298458,1.137429058106528,1.2886963900585562,1.4365003848821736,1.5873228594990654,1.7861902484814784,2.0980541176097898,2.6243744393336534,3.3212054526139876,10.728165810797616,1.186889884555552,0.828306895489804
35861,28.14125862368224,1.1120501390329391,0.9999999999999998,0.6076111207598872,1.2612523783861276,1.1453888985438374,0.7626315457684416,1.4141684242600243,2.8058219394374757,2.125668777884116,9.049647314537967,2.4496674823761517,2.7872814725258355,6.399271231977388,1.2529866683617794,0.5811586987644023,3.9288955886241608,1.093939944725092,0.7620438755635476,2.778237387586976,0.8417344766264802,0.49092614702151127,0.9753679621232646,0.7348896760712444,0.6437265147835513,0.6897113140067699,50660.0,70468.0,9.80952380952381,56.0,0.002577319587628866,0.41694290976058934,0.6729281767955801,0.5494308340275945,1709.0,27.336727377063074,0.0041737911058441785,-0.00043763887947890134,-9.537066521178216,0.009955509570773223,0.9953124074688207,0.16881101696942002,0.0035024934140033544,19.28182713149701,22.988411941124554,24.151636327809918,24.88241332425949,25.443564055205155,25.951155521198412,26.36987355797597,26.72413873537718,27.011967909074144,27.25571757341749,27.405248473964182,27.533216229470355,27.6068581524554,27.87282424163064,28.014827287770462,28.098712674617925,28.14125862368223,28.141258623682226,28.141258623682234,28.141258623682234,92.46863468634686,295.1029411764706,481.0848708487085,655.875,839.8044280442805,1016.0073529411765,1193.6457564575646,1372.8382352941176,1547.4428044280444,1669.2573529411766,1650.1544117647059,1561.4981549815498,1394.9485294117646,1438.3653136531366,1337.3823529411766,1170.2878228782288,950.5,679.0,407.5,135.5,2716.0,877.0,1.8758205286434064,0.39717265256838474,0.8853227164726806,1.0850796371474667,1.2798273952627226,1.4336483466140109,1.6297905184249213,1.7972021512430847,2.0669209483100506,2.488227250465302,3.2708051514406593,8.910236277540008,1.0372532749013383,0.68472577765584
35862,28.25714387748422,2.415210444740523,1.0,0.6262368361396109,1.1674916958521158,1.1066799696202032,0.7318293270912339,1.3320129937747314,1.1458129928682492,0.6638400061357086,1.7373429172008588,1.0353607405232752,0.9070967527008529,1.3042987758531404,0.8786615677313998,0.4911405775258485,1.0583155256164765,0.7939617521341278,0.671113549764343,0.7945234247433007,0.8934574524380617,0.543943178678987,0.9767417743964902,0.8073313667587962,0.7432650736217025,0.733282467184157,1172176.0,1593150.0,67.34375,442.0,0.00019005535362174233,0.4081298108904305,0.6655659032595268,0.5634925390440936,21113.0,27.122561203728832,0.00035382304794771445,-5.077844133561207e-05,-6.967977721276969,0.0006139393099102846,0.1877102234677955,0.007353990897976641,0.0002309057323569172,18.645620085581722,22.19685620184626,23.523606616977325,24.416688060505475,25.062226479498236,25.57303239792853,25.994871376916183,26.369799543998145,26.66792561969099,26.930544367482806,27.14895242663256,27.331800055564067,27.47886250690113,27.694526135247465,27.890232562564783,28.07432684863031,28.194050735433056,28.24085091342518,28.257143877484204,28.25714387748421,1295.5656925635542,3911.4542646709433,6491.415538132573,9014.253444180522,11512.613209788547,13870.854834877644,16015.4110239962,18107.818289786224,19485.631266334047,20441.764076977903,20693.729626989785,20225.88004750594,18766.329531955333,18437.416488477073,17605.30553575671,16426.023990498812,14088.497505345687,10360.425991922071,6314.0,2104.5,42093.0,11972.0,2.0440196453943624,0.324777429104255,1.0160644168342226,1.2159233649242205,1.401719143850881,1.5797958772030904,1.7807335398549855,2.0077579263844503,2.2925582383525382,2.683973767905878,3.414066552917752,9.309247343285337,1.1546144785372252,0.0265746875363402
35863,18.48550517567239,0.7199510914096431,1.0000000000000002,0.6112682838974881,1.234533930531903,1.1245339672365857,0.704222400141303,1.502856976879387,0.8131009555085957,0.6487173942377906,0.4627526897512758,0.7230559317889693,0.9211825612301239,0.3079153218639344,0.8911576557126577,0.5689242826646155,0.966506547298056,0.7924684195201113,0.8078758678372915,0.6431127926124828,0.8741870671618255,0.5558765673726522,0.9380951851015765,0.7773772003615336,0.7893480344577437,0.6242078917246588,73434.0,116962.0,22.324324324324323,170.0,0.0015331544653123803,0.4222733371669542,0.6726087789917577,0.5558426030801439,2535.0,17.50530595950196,0.0032073454961614577,-0.00044047447784925674,-7.281569438080145,0.0034053199318119123,0.08653450753135392,0.009552495643186205,0.0013685622006031626,8.089850966041116,11.820770466877475,13.340541434477949,14.285685141357927,14.94071519528412,15.484482383773768,15.950932053265241,16.353003020626996,16.694449655504695,16.975141140987816,17.232626838253193,17.468355623244108,17.6175360094375,17.77152539937246,17.95033689864152,18.11133083168568,18.243205354774265,18.458417430847085,18.48550517567238,18.48550517567238,154.6295585412668,442.6992337164751,732.7260536398468,1019.8295019157088,1268.8234165067179,1507.5536398467434,1790.1590038314175,2042.7413793103449,2213.270633397313,2316.3659003831417,2426.54214559387,2490.7183908045977,2333.0153550863724,2151.6724137931033,2015.434865900383,1797.2624521072796,1480.591170825336,1268.2624521072796,782.5,260.5,5218.0,1533.0,2.1736657301367672,0.42073516954999834,1.2109904373326519,1.3894754096700666,1.5668963727654737,1.7703758183196179,1.9685522890855296,2.1521781179616473,2.404297303167428,2.783006347104283,3.382411499100758,8.492392189990522,1.0361214620408414,0.236360672374722
35864,18.68476501185766,4.364681858869949,1.0,0.6659236565659871,1.050769775543644,1.0424148914718232,0.7075427864104156,1.1437502180980745,0.6822042660421062,0.5286449698654836,0.5923814937897379,0.6544460095719443,0.7471561861968289,0.517929076135872,0.9194316086902498,0.6419925751882687,0.8658736325286391,0.8820207925004516,0.9073551275185725,0.7570478403654319,0.9622517490956536,0.6371929776890684,0.9628555692559571,0.9230986212572382,0.9005716543613516,0.8418407743406383,93629.0,156133.0,35.77142857142857,198.0,0.0010164077246987077,0.36625036305547487,0.6385419692128957,0.6096605813732537,4146.0,17.95225911957486,0.0016647078115776062,-0.00015176566610292203,-10.968935559170946,0.0020795938357519184,0.1775259465938892,0.011986325999758345,0.000983105329056314,10.187460034604241,13.577671424208066,14.745246381304703,15.514614086745986,16.086262374603425,16.54244749110877,16.913340584280753,17.22269381526842,17.52483590383029,17.757614946843596,17.936855702910766,18.09378922203675,18.29775673202306,18.344111219732664,18.490289196996276,18.668668259640086,18.68476501185765,18.68476501185765,18.68476501185765,18.684765011857653,241.8924418604651,751.7416545718432,1276.389534883721,1774.5965166908563,2267.166908563135,2677.171511627907,3081.1915820029026,3386.908563134978,3734.5697674418607,3955.400580551524,3998.6502177068214,3878.857558139535,3985.9143686502175,3483.599419448476,3225.813953488372,3047.809869375907,2410.0,1721.5,1033.0,344.0,6887.0,1826.0,2.4033945178042058,0.37746374393973414,1.1683892041354729,1.473698620829228,1.7169303925325556,1.9284545546524139,2.146382511855906,2.4162675349672114,2.741520333410435,3.158252391126248,3.967279050007445,8.184872368654108,1.3789845773581144,0.243266812369693
35865,22.55970280185716,1.2866994933215599,1.0,0.6534781577109808,1.158917259262913,1.0796139419050854,0.706472098423715,1.3370709109494427,2.7077525166589775,1.9219299789036381,7.039336579169717,2.5080747955893203,2.7204612654793596,5.264744391283738,0.9256320102984579,0.6188761523664785,0.7953820719142706,0.8573731538378327,0.876009333910453,0.5948690270656449,0.9170222077710465,0.6112830228990348,0.9594017115424974,0.8493982637468263,0.8652613801209325,0.717539887889143,33133.0,51777.0,13.696969696969697,86.0,0.0024896265560165973,0.37650477376504776,0.6425902864259029,0.598846147171789,1447.0,22.175787834133814,0.0048480693429863424,-0.0002246492643117413,-21.580615266377073,0.008830636491712578,2.3290500362762114,0.07216840735513531,0.003258414905920789,14.11225240508154,17.43950621073984,18.583095061903567,19.362400657667052,19.947286082473347,20.408756563942443,20.78865620607891,21.108509039488187,21.356530308116948,21.530796229253067,21.797938831381014,22.027937179188232,22.174587700191168,22.245177948759036,22.47103077023734,22.559702801857153,22.559702801857153,22.559702801857153,22.559702801857153,22.559702801857153,90.83333333333333,269.2116182572614,440.9585062240664,619.9419087136929,774.9751037344398,926.8879668049792,1062.8340248962656,1194.323651452282,1293.7551867219918,1243.344398340249,1333.3734439834025,1402.1825726141078,1360.0373443983403,1216.6473029045644,1234.4522821576763,1084.0,843.0,602.0,361.0,120.0,2410.0,678.0,2.3625499004544706,0.25817218553493193,1.1881951944028735,1.446041809322062,1.683289432824254,1.9106145642960999,2.1006245048429433,2.309141848641951,2.6273668560747008,3.13592290160119,3.9210789828736563,10.070410573613245,1.4634551539804783,0.641551267695613
35866,20.384446910088673,0.7424152355868792,1.0,0.6388245069722195,1.1733447233905363,1.1118470134356027,0.7418377707446187,1.3217658181166447,0.8813439702346315,0.39054457765628386,1.0329958439565183,0.7926845686361852,0.5264555042327856,0.7815271281779791,1.0320626745343522,0.5300138349026687,1.6904881277470167,0.9282416214307063,0.714460567801324,1.2789619042772316,0.8791907599570168,0.5532036905326518,0.9551399240843932,0.7907479620243085,0.7457205771247997,0.7226241676043273,98477.0,142997.0,11.574468085106384,70.0,0.0012424565140220093,0.4079531333214983,0.6637670868098704,0.5695627152780971,3554.0,19.843749251988285,0.0019748424465603526,-0.00011195137596415803,-17.640180208170122,0.0034869575136697666,0.19325233586090046,0.01984524608905197,0.001289340826253655,11.717153234934703,15.175215831703513,16.402911075720873,17.16614306167005,17.747631045383017,18.241718555741183,18.656916265938925,19.038360789345933,19.34500678758933,19.588055761098737,19.795869821351733,19.970399539447886,20.08686163477824,20.183723948127323,20.31244633025998,20.384446910088656,20.384446910088656,20.38444691008866,20.384446910088663,20.38444691008866,198.22557726465365,581.4600355239787,947.9326241134752,1329.3374777975134,1705.449378330373,2072.503546099291,2445.1420959147426,2788.273534635879,3125.3581560283687,3337.9378330373,3480.898756660746,3517.599290780142,3362.5275310834813,3117.502664298401,2917.124113475177,2535.0,1972.0,1408.5,845.0,281.5,5634.0,1681.0,2.0585245095304923,0.3283398611348015,0.9685120218154791,1.203814180688934,1.3930285656095875,1.576813680755052,1.783959314375703,2.0154204201713486,2.3592428208089697,2.7944086187958366,3.4985802828295034,7.230784870038053,1.1924554321102194,0.326918045843486
35867,20.98344940692645,2.0830740830219896,1.0,0.6779457948334848,1.0321195245610688,1.0388366974077765,0.7097253961482205,1.102086256247298,1.9151238057994115,1.0977862432964829,2.780821303076092,1.8435272941148944,1.54677604782684,2.523233809797281,1.1029597099341513,0.7094976682039138,1.3053674783023672,1.0617257868213374,0.9996791323157624,1.1844512812883268,0.9459164211054859,0.6588130608631859,0.9176499924912735,0.9105535292176761,0.9282647407555894,0.8326480684152198,24164.0,44962.0,16.20689655172414,88.0,0.002704791344667697,0.3815229996134519,0.645148821028218,0.6046463895782764,1479.0,20.274765030975967,0.005088104010065795,-0.0005010855238644367,-10.154162847941954,0.007305904647817727,0.43592286679382986,0.044905476949159265,0.0028727253464984745,11.889393804934574,15.697420866336058,16.83756393700156,17.591676835922144,18.148689893800107,18.56053736915023,18.978983522833854,19.286298058671665,19.451071760708963,19.79533443916205,20.081161842269736,20.29956833522984,20.407215319316002,20.459039206686278,20.6836397198885,20.912270228383488,20.983449406926436,20.983449406926443,20.983449406926443,20.983449406926447,85.15891472868218,278.3127413127413,475.9382239382239,651.6486486486486,832.0116279069767,937.6370656370657,1117.6100386100386,1237.034749034749,1162.6007751937984,1292.050193050193,1392.8957528957528,1429.8108108108108,1338.546511627907,1133.8146718146718,1093.177606177606,1075.5907335907336,905.5,647.0,388.0,129.0,2588.0,686.0,2.4112083600180174,0.33189948113474793,1.2164567951264775,1.467615014296391,1.7235946556573585,1.9541834935584,2.1555559401326363,2.3651206626003765,2.6399708640994795,3.153177277246449,3.877544149944099,10.416065359029862,1.5178982382640906,0.687814867175184
35868,11.24152875649444,3.5135113797892257,1.0000000000000002,0.5507947105226008,1.4418566834647992,1.1876013243601606,0.7341344172273933,1.815542465591259,0.4413288619658734,0.2965021524740462,0.2915493942969064,0.3716136492215908,0.40387992377996174,0.16058527950871085,0.7000434505779062,0.3802443949808554,0.7209676671480915,0.589459978040245,0.5179492829350313,0.3971086773303853,0.8590085665390887,0.4803531301071856,1.0925085890037662,0.7233139176582625,0.6543122333391426,0.6017532554095198,13931.0,20483.0,3.128205128205128,22.0,0.0058997050147492625,0.4281496062992126,0.6840551181102362,0.5362644185320432,677.0,10.74572248435807,0.010323243700756176,-0.0006414510287033203,-16.09358039634669,0.007606316315654739,0.1189505871379807,0.017337198737043712,0.004873951919536938,3.9255261026768324,6.004134861938806,7.26109826084413,8.088796756924378,8.698890529026718,9.265636496713267,9.662386934824957,9.999455863560968,10.211989233615483,10.463090879361044,10.701153463943317,10.798376906940627,10.849285119063948,11.03762295942956,11.236197490634256,11.24152875649444,11.24152875649444,11.24152875649444,11.24152875649444,11.24152875649444,46.87128712871287,125.8921568627451,200.82178217821783,264.7156862745098,329.69607843137254,393.46534653465346,452.38235294117646,506.77450980392155,544.3465346534654,607.9313725490196,662.9705882352941,629.4653465346535,551.1470588235294,543.8921568627451,553.4158415841584,457.5,355.5,254.0,152.5,50.5,1017.0,335.0,1.7620138790927617,0.2733535546587434,0.7716242729456309,0.9999080803433184,1.134085394966616,1.2582958740345613,1.423975734667301,1.6739667621311545,1.9510559188008487,2.34956383109984,3.095357249519193,7.894782250518472,1.3156622216274954,0.956702460108791
35869,17.641918685176545,2.069140221670081,1.0,0.6549696637196011,1.0862615399831568,1.0918476165125461,0.7112559649697283,1.3086647135259024,0.7679440662586552,0.5048413020451302,0.6241807349244618,0.7033436302325169,0.7097884965599083,0.47696001005692845,0.9636106054623591,0.5805006130774178,1.2908422090667067,0.8825504501628286,0.8161627341882812,0.9863811530371466,0.9042461693714069,0.64636699550955,0.7686571216316229,0.8281798262834935,0.9087684706265485,0.5873598590128173,21492.0,32658.0,6.705882352941177,50.0,0.004149377593360996,0.43252595155709345,0.6747404844290658,0.5547590827571436,587.0,16.212849525430865,0.015588490403072985,-0.0023875822639752593,-6.52898567654736,0.010777009317305512,0.10124997499029606,0.025007448643101973,0.005085007959208186,5.273875457911167,9.628002747783173,11.378134239264085,12.42447068498755,13.148810919820868,13.741899667471701,14.167304701422998,14.560453518789767,15.039496496023641,15.446561426993227,15.817231770592096,16.119273856311175,16.38362186324309,16.677118592753292,16.874627724345732,17.141487431104945,17.305473944927325,17.538655000797707,17.628410642875007,17.641918685176535,35.47222222222222,78.38620689655173,146.45833333333334,218.57241379310344,291.47222222222223,343.4206896551724,386.5416666666667,420.9310344827586,479.9861111111111,523.7655172413793,556.8482758620689,574.6388888888889,576.4551724137931,555.7083333333334,499.78620689655173,475.0,409.11724137931037,335.9166666666667,214.4758620689655,72.0,1446.0,321.0,2.22726629306388,0.48441531358728673,1.1481747181177513,1.33944909143503,1.5670867140769371,1.756993941606202,1.9617140555102721,2.27708049373741,2.57239896049636,2.897874552434615,3.5458508667042414,8.14085190113235,1.1686039377830135,0.460922314114869
35870,18.95584623072843,0.08462879988903217,1.0,0.812129683792946,0.8885917577189356,0.9991016762272565,0.7051132254311206,1.1229587360512934,0.4395557255713751,0.27083575721758685,0.3315549367314767,0.4399509439631782,0.3841025064478011,0.29525121991333103,1.0234464878155454,0.8768581783930609,0.8033038202258834,1.0243667007748583,1.2435707440559378,0.7153458042907027,1.0305137983595156,0.9265262025376318,0.5980768097571841,1.0314403657602453,1.314010529260935,0.5325901928153002,9606.0,15738.0,7.769230769230769,48.0,0.010067114093959731,0.42105263157894735,0.6640537513997761,0.5751425473601002,285.0,15.980588125017556,0.034404357329904295,-0.0121030309787513,-2.8426232561336366,0.021132382341365507,0.1540774698917735,0.027473843863231293,0.010010548709375363,5.8632081776700025,9.137796832081813,10.626945058892678,11.732543570017594,12.598292384733433,13.36921454047125,14.01378653810334,14.530589292271573,15.066028468147831,15.471081303910942,15.860010351986572,16.153495629801167,16.46603459945157,16.777793936930056,17.053548246990868,17.419099422150605,17.661024286687315,18.145211196770248,18.78846474952364,18.955846230728426,27.865168539325843,62.258426966292134,84.65555555555555,106.87640449438203,139.74157303370785,167.5222222222222,193.59550561797752,219.98876404494382,247.34444444444443,266.4719101123595,275.53932584269666,272.1,258.76404494382024,257.96629213483146,236.38888888888889,222.3370786516854,174.5505617977528,136.7888888888889,119.37078651685393,44.5,894.0,138.0,2.739399920615698,0.3975018411111305,1.380681474251318,1.756380864163805,2.171685403350824,2.417756466104296,2.666441330051052,2.966201649970702,3.3761632081472697,3.6110811586025857,4.081246561984557,6.128450934451966,1.1680010705409365,0.370951178853866
35871,30.99278670493226,3.4496033799691506,0.9999999999999998,0.7299507288347595,0.9552299384641113,0.921974043881541,0.6413181173854476,0.9085142857182626,1.3223652064166354,0.6927545729361232,1.7634880460791862,1.4342759594938643,1.0802042764055595,1.9410680424083695,1.204465604415101,0.9007007761900396,1.3341067286609443,1.3063986046117537,1.4044524110156968,1.4684488176277959,1.0158397875614615,0.781331577851017,0.8014506466895017,1.1018095295663017,1.2183213863291156,0.8821552498273404,5631.0,8479.0,2.7142857142857144,24.0,0.012526096033402923,0.4330543933054393,0.6799163179916318,0.537794138153836,104.0,22.631065510000827,0.13694585220141015,-0.07926485138712772,-1.7276996020918496,0.057621722437161314,0.6697657239674777,0.07863133457805092,0.031181899561942786,9.465528759991642,14.726893561717722,17.52441166571245,19.011441480013513,20.176489354073215,21.148861242185546,21.782992090392618,22.39737285496309,22.896953349316465,23.295980147831518,23.831434927631758,24.38835760202322,24.88413959876721,25.304852857253536,25.994354198153403,26.586737590270488,27.063914826532212,27.679458400466643,28.52885293036823,30.160383874868174,8.319148936170214,21.625,33.583333333333336,48.458333333333336,58.041666666666664,69.08333333333333,82.29787234042553,95.79166666666667,92.70833333333333,85.95833333333333,88.125,90.83333333333333,87.54166666666667,73.04255319148936,75.75,75.20833333333333,61.0,50.25,29.25,12.75,479.0,66.0,2.150463099345077,0.7175658200803232,0.9820904844180856,1.1899484960814326,1.3814719081332454,1.5549714586668704,1.762265474907129,1.9571825161959782,2.3811674795837785,2.719084418537748,3.9402279192352374,6.530110231073758,1.657444729742677,0.88165784138022
35872,26.036485678041696,3.219965125748053,1.0,0.6990097384304326,1.0008693619902507,1.0286029713773837,0.7277647390317054,1.0795553977673458,1.8241755333692549,1.4641717072855842,1.3882215481316575,1.7734496050760327,2.011875031529656,1.2859196952770293,0.96522894360365,0.6605402596662749,0.9283542056570807,0.9383882513105415,0.9076288314615615,0.8599412383811263,0.9700869788719282,0.6702733167136046,0.9180299158947309,0.9431111963179556,0.9210027372381445,0.850377773844057,53512.0,86932.0,17.647058823529413,96.0,0.00124750499001996,0.37284751684552037,0.6428749688045919,0.6031782782668142,2121.0,25.120666004284676,0.00362795933023546,-0.0002723935638859487,-13.318814433348685,0.0056941653487131635,1.2263923082927748,0.0471332193630556,0.002256949276357148,16.499682675660008,20.216143282484616,21.54366321563169,22.43787750774907,23.094111923185192,23.536695665279463,23.943031319576367,24.313251674487976,24.59903420349523,24.904245243452554,25.11982714730335,25.294004571220512,25.50919077562908,25.739974718771343,25.95818902357821,26.036485678041686,26.036485678041686,26.036485678041686,26.03648567804169,26.03648567804169,118.7,362.40897755610973,616.0374064837905,882.5785536159601,1138.045,1340.1970074812969,1508.3740648379053,1714.6558603491271,1830.22,2008.7581047381545,2091.862842892768,2041.3915211970075,2010.625,2036.630922693267,2050.9576059850374,1803.0,1402.5,1002.0,601.0,200.0,4008.0,1020.0,2.4384693895776373,0.45713733521800154,1.1924534054178155,1.5138681924831128,1.7529245902116504,1.9612235849699866,2.205603726882476,2.460465912187083,2.8117787701524217,3.2753791138004438,4.03338641178943,7.479714655126069,1.3099470978696752,0.34042397670215
35873,17.151668687610478,0.8802713909713407,0.9999999999999998,0.6779569624227176,1.0540900611657065,1.0140144135437317,0.6587052206142439,1.1876191880467724,1.0435824333630677,0.6364627707596544,0.891276618011239,1.0291593683722926,0.9662330748891768,0.7504734067804044,0.8575699665134313,0.6059287430938116,0.7448244365354211,0.8457177285246219,0.9198784587266242,0.627157631025146,1.0111040176166852,0.72286179302943,0.9526751136940085,0.9971298278523721,1.097398002030954,0.8021722141933674,19895.0,33975.0,11.448275862068966,70.0,0.003707627118644068,0.3826179120296767,0.6444091149973503,0.5940626471945096,793.0,16.55331161605235,0.010604152310814904,-0.0006648249011431461,-15.950293517257535,0.008622892049093342,0.17282729446571904,0.017894167059582057,0.0037195340370956404,6.8610657564179,10.170127075901577,11.565155515087772,12.521573084498732,13.256826060224483,13.811129836203696,14.262148866878633,14.703927090936135,15.010327447375529,15.365577605434256,15.642087371921512,15.935296342692155,16.16855754819155,16.433420893829194,16.67346131201762,16.832236693156645,17.035760088938506,17.151668687610474,17.151668687610478,17.15166868761048,54.138297872340424,161.77777777777777,263.8888888888889,343.6190476190476,418.3510638297872,491.70899470899474,574.7619047619048,655.1164021164021,684.0851063829788,748.5079365079365,746.8412698412699,763.0687830687831,762.3510638297872,770.6931216931217,759.4814814814815,675.984126984127,598.563829787234,472.0,283.0,94.0,1888.0,411.0,2.463508225336685,0.45029606218160567,1.2338937874501201,1.610416312554694,1.8717244644221878,2.0912154021808207,2.3517886902708103,2.6250057595516685,2.88759680028367,3.170451430363893,3.888170468238238,6.861191933229304,1.0365682041223796,0.382792411691044
35874,29.55436688180098,0.3818409179094853,1.0,0.7321697850462529,0.7638299340932144,0.870085257127658,0.6075055976961727,0.6738456970012665,0.7773494127750271,0.6771587383127229,0.4143352200245125,0.893417520187881,1.1146543190395182,0.6148814511517668,0.9278872082300901,0.851601313095891,0.496717099016601,1.0664325140886182,1.4017999444373779,0.737137747153511,1.3019046299906416,1.0928337807968318,1.0130461786959921,1.4962954714214027,1.7988867673666813,1.5033800515522,52143.0,78271.0,15.3,134.0,0.0028142589118198874,0.4629340006255865,0.6900218955270566,0.5304938685188547,582.0,22.58723031825894,0.02556631138094056,-0.010254989349252251,-2.493060744407769,0.00912496902217438,0.06543862425618201,0.007821405621182775,0.0054927036463671254,7.426260277790093,12.157915324451952,14.25375444504049,15.698243597755663,16.89467792931642,17.926016764577557,18.807410381213316,19.750616563068522,20.487266139044397,21.216850800188425,21.87766782709508,22.536413395686413,23.137103830755034,23.772146233752398,24.43980132720129,25.10705675871527,25.737384807854692,26.39765270968449,27.291690559482408,28.674991326501402,41.35109717868338,113.6625,187.5875,250.1875,285.84952978056424,338.875,391.2625,432.0125,469.5705329153605,516.88125,543.5625,564.79375,556.0188087774295,566.6,553.825,541.51875,479.5391849529781,372.96875,228.925,101.225,3198.0,315.0,2.420565288293477,0.43160228780191784,1.055935264778761,1.2917081062997782,1.5156100946958153,1.7379137238376936,2.120916452061067,2.5919853011902556,3.068101120886278,3.5090322111941097,4.173912419413782,7.141393351833584,1.5936847210480296,0.12554620238021
35875,26.07611811594597,6.271951537549929,1.0000000000000002,0.6561926839509065,1.0971365034072071,1.068827182993765,0.7312335803497515,1.1736731283220443,0.9299620585814037,0.6346105709705948,0.8102954988108451,0.8700771026206475,0.8678630030462474,0.6903928182877405,0.9980820679645147,0.6134934396762213,1.295197244191194,0.9338105203957345,0.8389842263299577,1.1035417041905766,0.9288905710632501,0.5884796569623516,1.0015888785828877,0.869074613597911,0.8047765758800078,0.8533797480860971,699194.0,1135694.0,107.69565217391305,616.0,0.00019163053632596355,0.3903128443443683,0.6537153260192593,0.5816226062982566,22778.0,25.632856783850922,0.00030544190384863097,-1.408255145468415e-05,-21.68938667339537,0.0004743967464762142,0.1391518990560672,0.006298008214945587,0.00021559886113726556,17.062101467638662,20.564184419385704,21.81961450875774,22.655467212403284,23.282117445087128,23.766885533714692,24.17423942805936,24.51284201448494,24.77611835413318,25.00393874588216,25.22306901196915,25.41051384700969,25.61863955509077,25.76032108356531,25.91252764569819,26.070870499020252,26.07611811594596,26.076118115945963,26.076118115945967,26.07611811594597,1367.9106372783901,4164.0256287425145,6948.458792525155,9680.372694610778,12357.134610778443,14968.338045040728,17512.04886227545,19790.701556886226,21067.07834211787,21794.592095808384,22309.64,22052.520124580737,22350.45508982036,21153.49628742515,19939.3936272161,18689.47880239521,14611.0,10436.5,6262.0,2087.0,41747.0,11613.0,2.1703218760605365,0.11237613396437783,0.9743412815167358,1.2145426060305229,1.432416058023137,1.6415582658432297,1.8721125730546693,2.141466084305425,2.472574355677804,2.9485647380952344,3.7699319946388075,9.62411686130584,1.461036350893067,0.0521011451701634
35876,32.864170053102484,2.3582376450292095,1.0000000000000002,0.6940827564323471,0.9852823827287726,1.090723726666599,0.7383158398914703,1.1673333288953929,1.3513906707853491,1.0249239061541187,2.4107841073480776,1.2389853064949674,1.3881916800061864,2.0652062677155967,1.3967933442336344,0.8384374828901103,1.8583811405256605,1.280611496829198,1.1356081470680048,1.5919884188385012,0.8469984296877002,0.670508285720836,0.5736179339644851,0.7765471759528358,0.9081591501807658,0.49139172142654397,6091.0,8013.0,1.588235294117647,10.0,0.02346041055718475,0.4764705882352941,0.711764705882353,0.5173670882123579,104.0,30.591715999787098,0.16684613070370885,-0.020391321333354157,-8.182212813781618,0.08972333061198023,0.5333531124221607,0.5375822314702575,0.035967452523087175,5.284778852829757,14.393458592791786,22.704400573986064,25.224791247408636,26.03461287569545,26.712137686873547,27.32970123411882,27.89984471120182,28.46794127829988,28.967538764478604,29.41025265177457,29.900024312245392,30.311991961350227,30.689155082378495,31.05496575566233,31.53934394943542,31.92684330122586,32.17437797357051,32.3292493667789,32.756664998256355,5.5588235294117645,5.852941176470588,9.088235294117647,27.61764705882353,42.911764705882355,54.205882352941174,61.794117647058826,67.26470588235294,74.97058823529412,85.8529411764706,92.20588235294117,96.67647058823529,97.8529411764706,99.08823529411765,94.61764705882354,89.38235294117646,82.32352941176471,65.20588235294117,41.26470588235294,15.914285714285715,341.0,68.0,2.1852867582530315,0.4609493033145326,1.0293831461768534,1.4110748250920901,1.633541385678586,1.87699571823435,1.9958414856027114,2.360108378192544,2.6403087895767094,3.013409847176026,3.3598887892103484,5.1215433570138975,0.8838826025436576,0.920505972988904
35877,17.375121436748067,2.194772376229344,1.0,0.6891194856913005,0.9862369398073115,1.0324918580836913,0.7222397306172307,1.0498622761646528,0.8843992630755806,0.608825872754598,0.7378330075685966,0.8565677841925349,0.8429692343763635,0.702790284325713,0.8764522125922536,0.6116139147912457,0.6588136901177019,0.8488708223026109,0.8468295066910215,0.6275239191605912,0.9837572184823682,0.6704342205739218,0.9642088053449805,0.9527990083216978,0.9282710326680096,0.9184145646869218,16581.0,27133.0,7.0625,48.0,0.004288777698355968,0.388412017167382,0.655937052932761,0.5842573944281445,697.0,16.76023232294514,0.01124945870280733,-0.0007009034971618201,-16.049939468642897,0.010858618784348158,0.2215627219377289,0.03109917048740731,0.004883751734045456,7.258713681395893,10.82476318065384,12.168166696888374,13.118180275234282,13.833081743999252,14.4038722870399,14.924912301990926,15.287651152431973,15.622939997851576,15.942570150730313,16.22605541045696,16.463586104605085,16.70803362080723,16.77952322342603,17.048455646255558,17.342825545897924,17.375121436748056,17.375121436748056,17.375121436748064,17.375121436748064,38.46762589928058,113.78571428571429,186.3,251.77142857142857,323.0857142857143,386.65714285714284,456.0575539568345,520.9428571428572,583.9,653.3571428571429,674.4714285714285,656.9428571428572,671.1571428571428,577.0575539568346,582.9,608.4571428571429,489.5,349.5,209.5,69.5,1399.0,307.0,2.3454599154463343,0.49748676819134724,1.1155668160700953,1.4033261282329699,1.6513392732299954,1.8629436948899547,2.1035133882681953,2.387034254584736,2.7494102150375204,3.0994598715758346,3.6852969104322,8.986573987798675,1.4521638821325473,0.98645359293092
35878,35.110920410359434,0.993258644845457,1.0,0.6464522198495251,1.127188568628876,1.1129959988520044,0.727430943451514,1.3841382412648917,1.1481399404270678,0.6149745838505138,1.6300928039027223,1.0315759819543937,0.845406137017739,1.1776950851477563,1.0607016836326189,0.7894630746366276,1.1073410368320422,0.9530148219101198,1.085275628901327,0.8000219947829063,0.8735134787960243,0.586044931954359,0.8194642974682528,0.7848307448517393,0.8056365174317348,0.5920393447979496,263614.0,382406.0,45.06666666666667,368.0,0.0007077140835102619,0.43307643913180244,0.6787511796162315,0.5506603981940469,4428.0,32.229640611168534,0.002293485299969924,-0.0007352432811610014,-3.119355672789485,0.0026830498400058174,0.179962325655779,0.014300687637461883,0.000989204201022649,19.304936551952714,24.856527008426326,27.107250515251344,28.529318130921528,29.46395142610973,30.191046083570026,30.77833477880297,31.254605211061474,31.636261033281237,31.979331058090708,32.27647844763304,32.55952831111175,32.84634778486239,33.09460116065026,33.344304828592016,33.661267017206704,33.964935368104165,34.2966656248904,34.73347464128221,35.11085704310703,256.21636506687645,604.0188679245283,956.1054287962235,1571.932389937107,2151.4716981132074,2743.7285601888275,3332.812893081761,3855.356918238994,4137.988985051141,4299.3663522012575,4280.9496855345915,4141.472069236821,4006.3977987421385,3722.3459119496856,3257.8851298190402,2991.606918238994,2558.5911949685533,2009.7836349331235,1457.427672955975,635.430817610063,12717.0,3260.0,2.209549215837248,0.3444969116134016,1.2946437333512903,1.5190815077328148,1.6831967863890198,1.841754951922962,2.0190506592094666,2.2154851905977826,2.4665332084539773,2.8020666431995007,3.3810926820040152,9.503444871023873,0.8441712065623616,0.0657926447014324
35879,14.023434757744859,1.3309755518841713,1.0000000000000002,0.6690515751196947,1.0240038317949531,1.0794529909244959,0.7317302474137152,1.1630825255300996,0.5991839925613106,0.416169189626851,0.43411570851842873,0.555081136092958,0.5687467356963746,0.3732458350885903,0.7464937034307765,0.5208421296968283,0.4694631367072254,0.6915481356825396,0.7117952709181199,0.4036369960018594,0.9663770094982429,0.6547145307090253,0.960327098865034,0.8952469608431867,0.8947484855561182,0.8256740839841477,21850.0,32402.0,8.9375,52.0,0.0032404406999351912,0.374189364461738,0.6381322957198443,0.5940611736925674,804.0,12.714459766702069,0.008332610634438478,-0.0013733860558716585,-6.067202006903988,0.008231166800169058,0.1726364117671356,0.016691182361465762,0.003771560666772019,5.716433103352724,8.271202619210253,9.482509948239713,10.301108918771321,10.917674333149558,11.389644165748543,11.79755708922341,12.134201770443855,12.463006788193923,12.694834329645762,12.861367358738597,13.164311010044809,13.387568331204184,13.5666750999786,13.690820216601995,13.825493181189003,13.97226172274861,14.023434757744852,14.023434757744852,14.023434757744853,56.07142857142857,158.87662337662337,256.34415584415586,355.8516129032258,442.62987012987014,535.2792207792207,621.5909090909091,687.3161290322581,755.538961038961,784.8766233766233,736.6688311688312,760.8193548387097,775.1363636363636,738.3181818181819,665.7207792207793,602.516129032258,514.6818181818181,385.5,231.5,77.0,1543.0,403.0,2.398268994599863,0.6642793612990453,1.3917335855917465,1.5902552483333916,1.7766954167282285,1.969354862852441,2.1696760574719516,2.3880117533646015,2.7314333251369938,3.0588112905713896,3.7271821437518695,7.8931239885035716,1.0281801099901613,0.960235885526054
35880,22.302275143302676,1.078021488345834,1.0,0.8214705871104523,0.8428966599719192,0.9788259226074902,0.712740577059443,0.9885591534933246,0.7156423626182044,0.5013380363708727,0.5373696917777308,0.731123222310876,0.7033948290684463,0.5435888078915648,0.9587138703788858,0.814120081266588,0.7274235268638048,0.9794528814939555,1.1422389961652062,0.7358421843480678,1.066315034298449,0.9888153862184581,0.6844389997331288,1.08938168643705,1.3873426293449127,0.6923601863525212,14269.0,22069.0,6.258064516129032,58.0,0.00749063670411985,0.4189315838800375,0.6616682286785379,0.5611356955109954,241.0,18.11916376057238,0.050568424407856506,-0.019873127400784712,-2.544562986390343,0.019891521700990476,0.15590725065508357,0.02548440324034813,0.010139761876569548,6.01851847530035,9.507290952592497,11.48833845501239,13.139523200755571,14.364140962423331,15.343188766262289,16.07531267939456,16.667126473436458,17.143101458453536,17.712884974183186,18.268692120157414,18.719496491816052,19.171210418072896,19.724558410881226,20.090430647277156,20.550264826747153,21.110243031458097,21.640480354414063,22.242881514004367,22.302275143302673,20.70754716981132,58.19626168224299,82.24299065420561,101.3177570093458,128.12264150943398,156.71028037383178,186.0841121495327,208.8785046728972,211.4433962264151,231.9532710280374,224.14953271028037,229.42990654205607,218.23584905660377,227.00934579439252,212.51401869158877,198.93457943925233,188.46226415094338,170.38317757009347,150.65420560747663,53.0,1068.0,161.0,2.476809637469644,0.6802947864978826,1.206381314676285,1.5973009871552577,1.906551291286003,2.155099664930592,2.4172381400651637,2.6243978490157396,2.788699754932063,3.3423339018627245,3.7841460053867584,5.379009059082554,0.9707610973015218,0.554849301904906
35881,35.671315834870676,3.3725917773676217,1.0,0.6165666241809077,1.2107794476450704,1.113374836285949,0.7442957771385617,1.3351464011439416,1.1521822069153058,0.8336518988532684,1.6066928029798524,1.0348556203756252,1.1200545864417444,1.2033832406717737,1.4320891500890944,1.046435457091322,2.3215837436428073,1.2862596705223988,1.405940338818438,1.7388233542431715,0.8722537002026477,0.5228436861584486,1.0200975033750797,0.7834322025027571,0.7024676240519815,0.7640341931799158,63156.0,90054.0,11.121951219512194,80.0,0.002977076510866329,0.4204883859440143,0.6759976176295414,0.5483225422794938,1566.0,35.06034123436478,0.006565135636495547,-0.0003020440456965795,-21.735689645379075,0.009618440755659038,0.8931039041001575,0.15110637704098148,0.003639135223903578,22.8123271654078,28.648976008463325,30.280609600889903,31.31482693066666,31.984297310229813,32.55206746819884,32.98000324586784,33.3807408735404,33.76461132830233,34.05256394633959,34.387619566815,34.665332555088334,34.89458169417114,35.120007956588246,35.331718195841304,35.51200529754508,35.666175369242076,35.671315834870654,35.671315834870654,35.671315834870654,71.56716417910448,253.89880952380952,444.17261904761904,626.7559523809524,722.5595238095239,874.5535714285714,1009.355223880597,1051.8333333333333,1167.9345238095239,1223.1190476190477,1374.595238095238,1472.9583333333333,1497.8035714285713,1494.3910447761193,1435.3988095238096,1325.4404761904761,1169.2619047619048,839.5,503.5,167.5,3359.0,970.0,2.0636161432346616,0.3372980379603286,0.9515842157585755,1.1667184030142845,1.3503761528275227,1.5283998013365974,1.7630396167403932,1.9880201547551113,2.3389726737758316,2.85040430504015,3.594972872898707,7.154489911339658,1.3025750347669736,0.300366426990367
35882,28.265415620263184,0.2792805114261567,1.0,0.7426539829068208,0.8725780219741727,1.0005009455926024,0.6838543453752384,1.01585841064958,0.9863114194124815,0.6921276948027744,0.7919399986629073,0.9858175784414512,1.0120981163364493,0.7795771441775134,0.9671233023585629,0.7760098786000855,0.6334478499091932,0.9666390687774216,1.1347590080374212,0.623559192175356,1.002674285434083,0.777588208157813,0.7382229695313685,1.0021722516615847,1.137066998866757,0.7266986833916348,186224.0,297930.0,54.25,406.0,0.0007122507122507123,0.3989849523639925,0.6479387409847743,0.597574965973129,3658.0,25.68789578625507,0.0026148039194121633,-0.0007406372044372621,-3.530478760378906,0.002491864937123767,0.27606241859407993,0.009533042620126412,0.0009227034397472944,15.325388958925394,19.402551210756624,20.960727370058667,22.014457893008114,22.776061919724185,23.379705034397734,23.887400919222753,24.347803765980068,24.763246139413795,25.147824574543314,25.498585644813964,25.810157518859175,26.114403723536043,26.41034365177842,26.70193537978539,26.97392787790207,27.255215188662998,27.537022412239146,27.93346891459175,28.25576350923799,273.8459483526269,808.0552092609083,1290.1504897595726,1764.2546749777382,2229.2974176313446,2600.272484416741,2850.0907473309608,3048.0222617987533,3268.439893143366,3473.231522707035,3573.5120213713267,3541.0765805877113,3500.40071237756,3336.0800711743773,3196.6117542297416,2895.7150489759574,2460.8236865538734,1892.4024933214603,1359.9830810329474,554.1423487544484,11232.0,2245.0,2.6902935437607636,0.3618821575442115,1.4982545891375367,1.883130899408759,2.1498991200449478,2.3738168177490393,2.5996914780645115,2.8342199074818493,3.1180797996873806,3.4233255382367913,3.995143888195,6.7893665115713775,0.9525325394551807,0.0840847009653225
35883,11.755213713373111,2.9076994205485063,1.0,0.6305220438756329,1.126951619260996,1.1698898705762706,0.8111019217907482,1.3640384588988383,0.5124350583201495,0.35739577331022004,0.2383431551598664,0.4380199121373121,0.4406299180270252,0.1747334568207675,0.6869661368521887,0.4212265365540655,0.5814751511729845,0.5872058166584512,0.519326271135054,0.4262894109616221,0.8750167329405236,0.5216288274842746,0.9016101156744717,0.7479479521516869,0.6431113198852053,0.6609858466910998,21888.0,34744.0,7.1875,42.0,0.0033519553072625698,0.3991056456120738,0.655673560648407,0.5739946150893367,1171.0,11.319527407397873,0.005338012163436801,-0.0003359132925932109,-15.89104176922556,0.004945508268767247,0.07355526057852146,0.012081556073742608,0.0027776807415369506,4.315315782124664,6.6680349754873784,7.826686341863257,8.56019120134812,9.150759278769492,9.627384035393824,10.035144915076238,10.362992239337126,10.615004395046709,10.85323069165897,11.09233030440965,11.298091669363753,11.358134786513327,11.530962914782398,11.698184783015323,11.755213713373104,11.755213713373104,11.755213713373104,11.755213713373108,11.75521371337311,71.76966292134831,190.20670391061452,318.37988826815644,456.4301675977654,584.1005586592179,704.6983240223464,826.7932960893854,944.5642458100559,1014.391061452514,1067.7709497206704,1118.2011173184358,1131.8826815642458,1004.5027932960894,977.5027932960894,936.9720670391062,805.0,626.0,447.0,268.0,89.0,1790.0,561.0,1.9702664667624668,0.4370567396536118,0.9900415700550139,1.1575667769753324,1.3145575476164288,1.5167643911973334,1.6742520578107665,1.9333740974608136,2.185032965828987,2.568953405949164,3.4016757156385715,9.631913764490193,1.1813263619105139,0.71332906139316
35884,24.96980923726954,0.3962761105992282,1.0,0.6756628031522266,1.0486872282963982,1.039823970228098,0.7100858567714246,1.1189072699139948,0.7592890717836995,0.5271947317780069,0.778700731733459,0.7302092407209465,0.7424380118976374,0.695947512963531,0.9625513247295552,0.6413809967130887,0.8942648387799361,0.9256868011211628,0.9032442916540839,0.7992305196557299,0.9603712235685962,0.6486652493708717,0.9788546045811507,0.9235901951345928,0.9135025619580477,0.8748308558727934,620834.0,994446.0,98.08695652173913,570.0,0.00022463707073259765,0.3808828484780411,0.6446984162641806,0.5998562380750271,21153.0,24.934186922578206,0.0003428835926613652,-2.019362385754242e-07,-1697.979496301732,0.0006900351883261348,0.1697092906313683,0.005882498145870253,0.0002436735460672249,15.917547617785747,19.445003523840658,20.747236391171413,21.599358942186143,22.218435759038698,22.725480192113007,23.137150250933573,23.495594174445923,23.792091945471363,24.039269756426112,24.24086440703728,24.444230540069462,24.64721721708359,24.840267782482094,24.969119904300406,24.969809237269523,24.969809237269526,24.96980923726953,24.96980923726953,24.969809237269537,1159.9292333614153,3423.784049424319,5732.066835158664,8015.044076361594,10184.232238135355,12426.376298792475,14606.928110081437,16621.601628298708,18286.516147149676,19360.148553777028,19557.85397360292,19982.716170690623,20368.32097725358,20646.854254422917,19574.618646447627,16025.5,12464.0,8903.0,5342.0,1780.5,35613.0,9046.0,2.368468169299583,0.10089824083205182,1.1015511252858463,1.384782222624456,1.6283184239201534,1.8658838683252637,2.115344742228156,2.4022651598523765,2.7730598551698558,3.2133187861327777,3.9617840695251036,9.289326900888243,1.4397883779666323,0.0228971135639586
35885,27.32409149925377,2.451946680930648,0.9999999999999998,0.6329461778227085,1.1416121667501191,1.1111165599665271,0.7172640847508691,1.3587261742838375,2.0373967166436096,1.5610707768363703,3.7729082814644603,1.8336480528244372,2.1764240117760596,2.7767981164071553,1.2899650765865145,0.8370946239388474,1.872431367209592,1.1609628756008958,1.1670661360795718,1.3780785287341066,0.870566133894448,0.5682850833405163,0.8445688431857478,0.7835056782167609,0.7922954674886609,0.621588705046406,56964.0,87552.0,12.25,82.0,0.0018676627534685165,0.40459033893781693,0.6599946623965839,0.571574460919988,1776.0,26.369111946857853,0.0042517705527485745,-0.0005475185566115563,-7.765527764139407,0.006637882257358719,0.8057598161515322,0.06875659912160541,0.002523620319371445,16.99757663768922,21.249341617346754,22.561615049545768,23.360685926033796,24.00767812002949,24.49801536931609,24.88348553124238,25.24188067691153,25.499823609489646,25.737293814927636,25.99208198235312,26.218250370907068,26.420128379955198,26.62760589302453,26.782206901760453,26.96122529126997,27.0620691080897,27.29262082887993,27.32409149925377,27.32409149925377,100.54812834224599,339.43733333333336,579.8293333333334,826.8186666666667,1041.109625668449,1230.384,1410.2373333333333,1588.8586666666667,1653.9010695187167,1692.312,1737.36,1735.752,1708.98128342246,1671.376,1525.9706666666666,1370.56,1100.7941176470588,912.7333333333333,562.0,187.0,3748.0,1081.0,2.216865825351097,0.39873748722030966,1.242693330452096,1.4615695117152847,1.6547988624093253,1.8523869350706326,2.0138907981505096,2.2179647119737083,2.4882444145091815,2.860046816896343,3.340106834012052,8.415795490130773,0.9274875333295393,0.359909949095454
35886,16.494858081517354,2.7457415164062677,0.9999999999999998,0.6826194334285869,0.9927601527181785,1.0544514455458762,0.72605099620343,1.131880475333294,0.6724729360460727,0.49359564109496656,0.4296072085340316,0.6377467060116191,0.6798360496384024,0.37955174410754744,0.9334374614404238,0.6368580611833181,0.8385501419177579,0.8852351290174343,0.877153346684313,0.7408469005270526,0.9516043805303215,0.652100966141253,0.8543580003806255,0.9024639157639809,0.8981476088472204,0.754812914436969,54181.0,94595.0,26.5625,138.0,0.0016625103906899418,0.3874454375389732,0.6460195385574724,0.597661294179114,2486.0,15.63132784669487,0.0029427365532692707,-0.00029423572690632106,-10.00128904878428,0.002857850044712344,0.0857090001624633,0.008980961625043618,0.001328591856165202,7.487784317402603,10.600991041040524,11.884198807303965,12.694557521435486,13.29928765985146,13.770163947848726,14.226428420764774,14.600063774845134,14.908989229551123,15.180085736306635,15.441710997341614,15.656671162655307,15.858628554182728,16.041100288428115,16.197629581354196,16.3803285104602,16.494858081517346,16.494858081517346,16.494858081517346,16.49485808151735,157.014553014553,448.2224532224532,754.4740124740125,1050.9293139293138,1328.099792099792,1579.2120582120583,1810.122406639004,2013.2390852390852,2173.5280665280666,2280.6569646569646,2386.218295218295,2418.735966735967,2358.6715176715174,2248.7821576763486,2098.419958419958,1957.7775467775468,1684.0,1203.0,722.0,240.5,4812.0,1117.0,2.3448629372282834,0.3043151867555462,1.2119868219317917,1.4674945305868075,1.7263594864483567,1.9692255879665819,2.1910053311494027,2.4461307786627513,2.7298167898642682,3.048593934974024,3.6226134964428827,7.529444294508703,1.0400896510344264,0.335184579975903
35887,28.099515192160172,6.764840968596234,0.9999999999999998,0.615709141345852,1.2323679865090496,1.1261949713263528,0.7669221697736204,1.3653639886687963,1.6600669274959503,1.5494278170038764,2.191056325950932,1.474049316292756,2.020319503165798,1.6047415518019998,0.9581388702024917,0.5424614182819371,1.4046529599726896,0.8507753049847696,0.7073226458456149,1.0287754559443152,0.8701511870138552,0.4874208931714168,1.054778533505132,0.7726470186499347,0.6355545743517799,0.7725255259833833,498710.0,672036.0,20.571428571428573,116.0,0.0006138107416879795,0.4204307125684178,0.6747659726840247,0.543475496545491,12122.0,27.72112648561971,0.0006127640437564829,-2.724854194134418e-05,-22.487957156589605,0.0010913435072670695,0.3405953774295198,0.01641437447570785,0.0004939030881059889,18.571413284669955,22.42010748554059,23.75245062928392,24.634374680886637,25.271713390945244,25.784510764855135,26.20783689445085,26.57659208646865,26.897111028583115,27.177939714920534,27.41599624482441,27.629765374820792,27.774239883331166,27.865654615299547,27.961193186042888,28.075840804021176,28.099515192160144,28.099515192160144,28.099515192160148,28.099515192160155,572.7374616171955,1776.8046035805626,3025.8260869565215,4202.164194373401,5373.548849104859,6540.130434782609,7678.794884910486,8776.842455242966,9914.526854219948,10917.049104859336,11559.562148337596,11988.873145780051,11639.110997442454,10584.90179028133,9520.903324808183,8603.772378516624,6842.0,4887.0,2932.0,977.0,19550.0,5986.0,1.796728585483126,0.1852781045702751,0.7496359684643181,0.9042883591105261,1.0583388388658757,1.2160621001274439,1.4084112163698286,1.6208102951969232,1.9649135506577486,2.520214675628579,3.4454527999510063,9.832277786220324,1.484222109156187,0.0596653827070259
35888,22.9773610496905,2.4513317513453314,1.0,0.7252495442260047,0.9444674707020684,1.0189833938676391,0.7159243835437734,1.0787496817636686,0.91962979707385,0.6599971473133119,0.6337416079346386,0.9024973347046569,0.9218810847681627,0.5874779095169903,1.0173878279313526,0.786282053116301,0.8218809761366573,0.9984341590394026,1.0982752804482818,0.761882937284346,0.9781150437914408,0.7264329665541636,0.8105923129517513,0.9598930165867777,1.014678342087433,0.7514183565055595,26181.0,39151.0,11.272727272727273,94.0,0.002890173410404624,0.38866396761133604,0.6547137073452863,0.5902448443172602,764.0,21.133500384815093,0.01214646952289337,-0.0024076982866628985,-5.044847018489404,0.011871619027382978,0.330624599501291,0.04671080967123755,0.00494700248289519,10.209289715083505,15.066298065622279,16.824461720571165,17.822036787696224,18.537167995000036,19.142034740806558,19.607373053015305,20.034406492688,20.385882077564084,20.71089899320757,21.025681386507465,21.29022199515407,21.522927115253246,21.749593789509767,21.91014439290495,22.018051652786166,22.204033781514248,22.476753263510304,22.788781953500564,22.977361049690497,35.127906976744185,111.75722543352602,197.3815028901734,291.66473988439304,361.26589595375725,454.8901734104046,535.2427745664739,598.1849710982659,638.6994219653179,679.8381502890173,742.3410404624277,745.3757225433526,711.4161849710982,664.1734104046243,605.3121387283237,478.0,401.9248554913295,316.87861271676303,218.80346820809248,86.0,1730.0,382.0,2.5092292950427595,0.530512528348106,1.4014719355476049,1.7069218854920094,1.9331807273313577,2.13849149666467,2.407430552040164,2.6240791817331335,2.8781507042384717,3.281415798309483,3.79134162442814,6.646647443478839,0.9068694547283516,0.447366784685291
35889,27.11185112868035,2.928704595571528,1.0,0.6004796022864717,1.2326824022701581,1.1792519333265221,0.7461471045359592,1.5888963003924457,1.7953756238758287,1.890073276930396,1.3643750192629809,1.522469943137001,2.533110783973172,0.8586935591240223,1.0101656381887085,0.4197570275025876,1.661495766784464,0.8566156303336792,0.5625660475673107,1.045691758722131,0.8120883945412328,0.5244676716408225,0.7832220546870017,0.6886470749727186,0.7029011684860687,0.4929346581608577,43150.0,59110.0,6.85,54.0,0.003618272274988693,0.4280542986425339,0.6773755656108598,0.5458474160609587,1136.0,25.72793644397422,0.006640420312197161,-0.0012791653201843333,-5.191213526051697,0.010942600241225712,0.9928222104574964,0.15592920925792975,0.004205736711430321,17.442879845320846,21.030111490507597,22.341315562691733,23.213161796287775,23.880021162439977,24.371963166733796,24.790298233581893,25.134600943836155,25.41759648440278,25.68158750554749,25.85546599180653,26.087068032146643,26.263438246049535,26.43334285921125,26.559787732329067,26.756504649574964,27.061914022008665,27.111851128680332,27.111851128680343,27.111851128680353,71.9366515837104,214.76470588235293,338.0633484162896,465.5158371040724,604.1900452488687,745.8778280542987,879.4027149321267,982.5837104072398,1033.6742081447965,1099.7692307692307,1047.3846153846155,1049.5067873303167,1012.9683257918552,958.9909502262443,847.8009049773756,769.8506787330317,745.8461538461538,553.0,332.0,110.5,2211.0,689.0,1.9677128849854828,0.42916301261343126,1.0465178118952672,1.2519735727667178,1.4324993485046262,1.5868153423406655,1.7743609240406373,1.9870505431195644,2.240998442342898,2.563027945364309,3.1289157959813676,6.2332994040594345,0.8250751207772302,0.718104208433069
35890,23.486752403252083,2.8151271109129934,1.0000000000000002,0.613440866124262,1.1991810521599777,1.1251485268098702,0.7438580245502975,1.4122501940681134,0.5866558660388044,0.4126098833103875,0.2832338751567962,0.5214030432961129,0.554689026255827,0.20055502654307705,0.8487925639936972,0.5210191985089587,0.8519080779283928,0.7543826826137131,0.7004282824319105,0.60322744617538,0.8788244369779667,0.53132768264593,0.9681096246398041,0.781074156911261,0.7142864163724608,0.6855085796455637,617064.0,878806.0,51.70909090909091,374.0,0.0003303358414387961,0.42691968873880487,0.6792688298340919,0.5459986554850729,10445.0,21.3816148295508,0.0007867658048193613,-0.00022642819111560474,-3.474681314826525,0.0007587588200095098,0.07743941505017914,0.002985995187551362,0.00031916636402398556,12.574099761224955,16.066060962739098,17.490949221000964,18.420048450705412,19.07420083833302,19.64412073691316,20.101355725248762,20.46738931701821,20.803239287419746,21.08660806700749,21.36235217150658,21.488651074698794,21.857460640873988,22.228036934997455,22.509161180219948,22.78903772569898,23.036310963269845,23.22376991719127,23.46347044048384,23.48675240325207,798.3384728340676,2332.0249632892805,3842.788990825688,5246.852422907489,6351.713394495413,7632.489720998532,8716.102752293578,9266.944933920704,9662.543486238532,9758.751835535977,9813.462555066078,8131.78128440367,8422.934654919236,8841.524036697248,8584.384728340676,8128.510091743119,7234.431718061674,5578.311559633027,3981.966226138032,1362.0,27245.0,7939.0,2.036657965029962,0.2515492497892695,1.0466857342151017,1.2452251912349566,1.4161112167751877,1.5798607042954824,1.758118545640436,1.9725216246721788,2.2172981882642033,2.6117369222384097,3.345609159732266,11.457951155022876,1.1680028715545319,0.0363272080011666
35891,28.689688528152313,2.0421561679360294,1.0,0.6354943540975753,1.095621248914241,1.1138109988588305,0.7289850191532632,1.3430519678119286,1.0991175965511206,0.8209434486141414,0.962752414012562,0.9868079931669159,1.1261458425684667,0.7168392862571487,0.6243756614446366,0.4103716642420894,0.378628955584022,0.5605759523692518,0.562935661858659,0.28191683170747006,0.9147138565547884,0.6015177290783343,0.8630183533185718,0.8212469238425284,0.8251441569773468,0.6425800147738011,78359.0,99041.0,6.036363636363636,50.0,0.0032727272727272726,0.43688614041469626,0.6809748999636231,0.5323197866454059,985.0,27.501511274819507,0.011335201051017294,-0.0013416848555034585,-8.448482521451607,0.009693536689784026,0.5533935305152353,0.030550728369603257,0.0038850936578075845,14.869838525948209,19.124179431085633,20.833320746057314,22.092956197136836,23.17474162396258,23.939905531032483,24.584194597722075,25.139045570745076,25.62980363983398,26.059130947212633,26.459606654451985,26.78684901699846,27.124136860907903,27.44547752173502,27.685157628698096,27.903658712860032,28.10530166217337,28.30736475802486,28.623175810484742,28.689269596079253,60.73357664233577,180.87636363636364,267.09090909090907,344.74545454545455,422.4145454545455,497.30545454545455,583.6436363636363,668.6145454545455,747.5127272727273,813.4581818181819,868.7563636363636,915.3418181818182,944.4363636363636,974.7309090909091,914.9890909090909,824.92,683.8327272727273,515.4581818181819,382.2181818181818,137.0,2750.0,627.0,2.139764459662261,0.3685146855868416,1.167922006462786,1.4298069910986844,1.6262670851702696,1.7946950142440332,1.9436120798287764,2.1413945520649564,2.410488901484107,2.705258376110937,3.247776321858166,7.30762874433488,0.8869126049497952,0.315979216056876
35892,15.807412976013238,0.6818522289493535,1.0000000000000002,0.6926188640672469,1.020430104773794,1.061857613008791,0.7745745797557517,1.0987239934041384,0.7482234407866706,0.560530638518624,0.41699773660018796,0.7046363199926281,0.7236625796516293,0.3795291074951575,1.0357611467981283,0.7911876813870664,0.8011148216872436,0.9754237612548468,1.0214480336245393,0.7291319990247754,0.9290573035799619,0.6091368105089715,0.9619011753853464,0.8749358597594482,0.7864146673920696,0.8754711657885265,16964.0,28256.0,8.533333333333333,64.0,0.0038461538461538464,0.3784477228992944,0.6414368184733804,0.5948404434573081,845.0,15.439344342303322,0.008853764123787753,-0.0003074335626727596,-28.7989510540589,0.009702091563222505,0.1812937651413999,0.028708490116737227,0.0038954268299777723,6.564521055859022,10.179911979823364,11.39071977499613,12.169628767039317,12.788196305610894,13.278904767999352,13.677965965910627,14.044227202926203,14.332225601778905,14.569049749859605,14.765880023209933,15.084299204547847,15.343167805043473,15.53710281292787,15.62422212898739,15.771823110802234,15.807412976013234,15.807412976013234,15.807412976013234,15.807412976013234,50.380645161290325,145.6153846153846,248.12820512820514,349.8076923076923,434.0128205128205,514.5512820512821,585.1153846153846,665.5641025641025,721.4871794871794,752.5512820512821,754.7820512820513,805.2051282051282,829.3205128205128,830.5,744.0641025641025,681.0641025641025,545.5,389.5,233.5,77.5,1560.0,387.0,2.3508669372791666,0.3965393878316282,1.2584859557954293,1.4785420590558405,1.7198008723901905,1.8991950970416827,2.0579676947212953,2.347022820030664,2.705428826866821,3.1742356097818916,3.7010839838967553,8.691800706103871,1.1901387580038634,0.628020982421003
35893,29.49771294718558,1.786985703145659,1.0000000000000002,0.686407052190712,0.9921198417767346,1.0320717346984072,0.7073402705463866,1.0887136563162192,0.9906750347963873,0.5619515218389401,1.1973394630851204,0.9598897067807822,0.7944571308019257,1.0997744504615183,0.8924199300571478,0.6369751272106449,0.7181381667612111,0.8646878894691671,0.9005215081542183,0.6596207943152927,0.975978810440027,0.6777060031464565,0.9106775533705727,0.9456501690991744,0.9581046511362359,0.8364711401269173,130248.0,174792.0,12.666666666666666,126.0,0.0012538061973849184,0.43156574704407025,0.678072375492655,0.5569725185054236,1955.0,28.158746377996156,0.005475496988333902,-0.0007860233279934184,-6.966074406865124,0.004964300831967023,0.6146949888143337,0.01764634664477263,0.001953872573542496,15.368430198613469,19.65409311161812,21.66519222368842,23.07946052007216,24.06689629994329,24.818300661008017,25.428988506130207,25.980012858970706,26.479427013004,26.893847100496377,27.253698362190278,27.588072353995287,27.917399036712492,28.221046082154874,28.45411043236953,28.72544134795782,28.951206424160826,29.27538068019052,29.49771294718556,29.497712947185562,122.12724014336918,293.1989247311828,472.30645161290323,644.8533094812165,862.510752688172,1062.220430107527,1227.5752688172042,1409.7531305903399,1581.7831541218638,1691.7831541218638,1794.3853046594982,1879.2540250447228,1900.6863799283153,1900.689964157706,1726.736559139785,1567.0912343470484,1348.7867383512544,1170.6290322580646,837.5,279.0,5583.0,1058.0,2.29341065779761,0.25180698453388495,1.2320280621510769,1.5583816940105963,1.7898641877598114,2.0005173527239695,2.186323070410318,2.3976960908176794,2.627475171614488,2.9232416175237157,3.442972646026418,7.445899299215229,0.8820217364468149,0.143903223883826
35894,20.296219156334054,2.087899934985897,1.0,0.6453228458543618,1.1702890934604042,1.159100913940514,0.7766839706059542,1.4736470178251289,1.7818143295153164,0.7621215601308423,2.969372774424669,1.5372383095254472,0.9812505330015366,2.014982379435067,0.5774712123423075,0.3390058862312989,0.4164883880009133,0.4982061573734069,0.43647854090102167,0.28262425327306984,0.8608070050025688,0.5999139107382401,0.8205307433533515,0.7426506136347901,0.7724041353270089,0.5568027712391572,18921.0,25853.0,3.888888888888889,36.0,0.005774783445620789,0.4258188824662813,0.6647398843930635,0.5578489030162634,460.0,18.925732640508414,0.017092348893884488,-0.0029050017335955137,-5.883765471192793,0.017541733353899962,0.6855577828165033,0.0639424576418712,0.007310618125739558,9.639468783565906,13.491419485851019,14.672219521582711,15.608659511792247,16.279282403880003,16.890700457302994,17.364429320753576,17.77242873807234,18.140377891704343,18.42723445321273,18.67112942490857,18.92910226238964,19.17299731947974,19.387176394623317,19.582105488883283,19.776001529216494,19.857804561950907,20.114859037223518,20.296219156334043,20.29621915633405,22.436893203883496,84.86538461538461,142.42307692307693,200.21153846153845,242.34615384615384,280.88461538461536,330.8543689320388,379.86538461538464,422.3076923076923,442.78846153846155,449.86538461538464,453.59615384615387,445.3269230769231,430.1456310679612,399.7692307692308,381.21153846153845,302.96153846153845,233.80769230769232,155.5,51.5,1039.0,286.0,1.9507304930953964,0.35641999274771013,0.9108441259025654,1.1893752634001167,1.4414168733866055,1.6753877533483834,1.8336296818957067,2.06098227817841,2.266437529270771,2.50978279676836,2.974814332564126,6.178140658440524,0.8519516348394652,0.516527262607124
35895,15.957888602750524,1.428059171359042,1.0,0.6760623924640483,1.0420492745498477,1.0881569616272222,0.7509366386020574,1.2057411441698285,0.6087529547450397,0.47502750004144206,0.3144310171922763,0.5594348758608453,0.6325800015907502,0.260778209910691,0.9453979913920648,0.5962265931980806,1.0317523620587414,0.8688066379489254,0.7939772312987886,0.8556997221564658,0.9155628711774689,0.6305867612337877,0.8502867620041774,0.8413886079526088,0.8397336457143536,0.7051984301237502,37933.0,62979.0,17.636363636363637,104.0,0.0028846153846153848,0.3924334722667522,0.6502084001282462,0.5917166637868453,1642.0,15.45632339564489,0.004744973028758223,-0.0002076187188632661,-22.85426407954658,0.004658489718304419,0.06985685032976736,0.013261984527939573,0.0020132807491570477,6.2793834895824086,9.791841780512938,11.32596602076333,12.153377885459443,12.755792764767985,13.297061854885914,13.649085834712793,13.95645115862022,14.345959136524616,14.621470793010753,14.866774275860521,15.142659664444613,15.373984030829902,15.55757813940077,15.758325188147163,15.940423463153937,15.957888602750518,15.957888602750518,15.957888602750518,15.957888602750522,90.65273311897106,267.3333333333333,449.36538461538464,646.0833333333334,806.1217948717949,1016.4871794871794,1118.4038461538462,1178.9615384615386,1339.378205128205,1434.3589743589744,1488.5320512820513,1584.673076923077,1608.275641025641,1558.7307692307693,1486.6025641025642,1386.1602564102564,1091.5,779.5,467.5,155.5,3120.0,811.0,2.255898859436884,0.30633479752595066,1.0961762338665533,1.3587091411468315,1.6128980671000546,1.8763817422060154,2.0551332569667506,2.289178745642217,2.5966625207595917,2.95259261273661,3.7196057450246207,7.52843064179684,1.1638559725031974,0.564486687835306
35896,22.70936689382608,1.8376210317293216,1.0,0.6995512156381603,0.9318477509916596,1.007473601544434,0.6930319716335331,0.9769339134909099,0.8324586316627525,0.7260984640478152,0.4179319689416919,0.8262833193709616,1.0477127950335994,0.4277996322681459,1.081623388724558,0.7449128465170866,1.1112674540842997,1.0735997321085675,1.0748607236131775,1.137505248551943,0.9853632859252317,0.702761800215455,0.8680852253537763,0.9780537022654412,1.0140395089695327,0.8885813189264963,44401.0,70113.0,15.823529411764707,108.0,0.0017958695001496557,0.3931137724550898,0.6488023952095808,0.5982952064233841,1641.0,22.299455854272267,0.005756063748880563,-0.00014101773909139674,-40.81801187544164,0.006249025707214598,0.34386365024477406,0.026492438293274065,0.0024962571750387495,11.817328378824886,15.73446942671596,17.205562788718108,18.268297722828787,19.035750412896604,19.63060137615881,20.098430235230605,20.483663689829456,20.860502494157227,21.10158273549161,21.448969711949875,21.771054119875263,22.045861010129933,22.299157173016713,22.500567278011992,22.703780354200433,22.70936689382607,22.709366893826072,22.709366893826072,22.70936689382608,85.70359281437126,255.73952095808383,384.9071856287425,561.0688622754491,743.9670658682635,938.7874251497007,1092.751497005988,1199.1946107784431,1289.7395209580839,1223.4820359281437,1332.8233532934132,1404.0988023952095,1499.1107784431138,1568.4820359281437,1519.320359281437,1494.9191616766468,1169.5,835.5,501.5,167.0,3341.0,724.0,2.5055320086210653,0.37577704772198817,1.2577857215702137,1.6034739834168663,1.86488121662391,2.075127006286661,2.339026301705602,2.5951800730623997,2.913437057270694,3.3232197144049005,3.915880226689513,7.610207261017651,1.218767492993268,0.374294098929968
35897,26.978296732360267,1.2836701625393527,1.0,0.6904940281749603,1.0309822970159779,1.0883312654898742,0.7472284063655202,1.1486495331579307,1.2692382845023076,1.316633098063059,0.5966382115603721,1.1662242230365443,1.7620222770532685,0.5194258077309808,1.1564174855643654,0.6955332387615812,3.111840110018157,1.0625601985658701,0.9308174486361117,2.709129303751088,0.8908764696632581,0.6306268323310419,0.7459413369137143,0.818571052686115,0.8439545752795691,0.6494072520648934,14574.0,21214.0,6.064516129032258,44.0,0.00891089108910891,0.41625371655104065,0.6719524281466799,0.5637429532999781,473.0,25.685042926275866,0.019859964037711002,-0.0034779504482390766,-5.710249278498581,0.025465437631140647,0.8184655314873162,0.11978268295130501,0.009569281610909489,13.687686130882291,19.55921369445282,21.449054057449203,22.29252770840015,22.97415612385412,23.54634707372415,23.965377175165838,24.343355270506688,24.71512735860233,25.026057000105602,25.303650757132225,25.58460984638842,25.726433376322454,25.89930095051824,26.15306501288328,26.35517964999029,26.63623584496669,26.900446189671655,26.978296732360263,26.97829673236027,22.1,64.07920792079207,119.15841584158416,171.8019801980198,224.14851485148515,274.53465346534654,312.029702970297,344.8514851485148,379.33663366336634,411.7029702970297,444.36633663366337,465.74257425742576,432.2475247524753,390.23762376237624,359.7920792079208,312.45544554455444,283.3762376237624,234.83168316831683,151.0,50.0,1010.0,231.0,2.1237651618845175,0.43951216229736434,1.1376887030909981,1.3762349534107243,1.5783200214814181,1.7904060825499848,1.9852118982184848,2.1886855930173916,2.4503982557753186,2.9034490950057763,3.2930464106651414,6.393942617860697,0.8155289268248735,0.776138295663986
35898,37.658098670957244,1.7351301676065116,1.0000000000000002,0.6793724708107484,1.0243685115704306,1.0584723262639228,0.7006929435477135,1.2331103760743498,1.1332883143129393,0.9784969832938247,1.3462174183629572,1.070682989240818,1.3964704401610608,1.0917249943583214,0.8998695251729683,0.6311436229431304,0.7493238121005265,0.8501587645179416,0.900742085038784,0.6076696998414896,0.9434995830246197,0.6653630546204004,0.8113466361473909,0.8913786025515461,0.9495786431808024,0.6579675687510971,2569777.0,4015133.0,333.66037735849056,2184.0,8.305578857318461e-05,0.39659468438538203,0.651702657807309,0.5909422327496084,37083.0,34.48505685951268,0.0002844928582697175,-8.586964230343186e-05,-3.313078413258366,0.0002983635257753383,0.20110280313869974,0.0021948517747979396,0.0001095144600183322,23.695999670637015,27.399349519184263,28.810882224806075,29.82890173153607,30.684356910190456,31.461996705250243,32.3287150959497,32.98236862920593,33.502898859769026,33.95559647931642,34.34159314294,34.673404523685335,34.99235695829384,35.285849835309676,35.572570326103026,35.86903529498278,36.2490067867627,36.504216363333846,37.02880984922566,37.5809793686744,3343.7995016611294,9245.278073089701,12795.207142857143,14990.046843853821,16304.389700996679,17425.348671096344,23025.081561461793,27984.22607973422,31539.49534883721,34644.68056478405,36487.18970099668,36500.407475083055,35952.92508305648,33995.291694352156,30957.38803986711,27284.089368770765,24286.462790697675,17403.298504983388,12387.552325581395,5563.680591313014,120401.0,29325.0,2.4594054330598936,0.19228763225937237,1.4061271917774967,1.676111385968457,1.882067457532033,2.0820719988261813,2.2835862146063635,2.507747005356958,2.7672870191269667,3.111897391638074,3.7177072930645276,11.508652060086613,1.0077029278748717,0.0115173062984832
35899,27.668606554926928,0.9394735327835286,1.0,0.7014640481994665,0.9605894269359291,1.0559241495491662,0.7070220377811851,1.1859164684239094,1.1938445528532233,0.8874543689614091,1.7302784394444921,1.1306158244064624,1.2552004344114456,1.459022187071947,0.8528754571532975,0.654858805390773,0.5689244963667214,0.807705229127905,0.9262212072566881,0.47973403820154864,0.9542565533527859,0.7049799823317646,0.7425830800048758,0.9037169514119097,0.9971117513453627,0.6261681153578831,257295.0,393361.0,58.3,364.0,0.0006339367472001127,0.4194843617920541,0.6649760495914342,0.5708351338204407,4733.0,24.36218426932996,0.0019638440994697347,-0.0006203751790397976,-3.1655749066384753,0.001882863695558143,0.14830316277032718,0.005697878947467272,0.0007330411649494487,14.024070801449772,18.094020141595884,19.803399748875506,20.876493248344673,21.66441821455687,22.27235755015848,22.80712526451271,23.261641942937736,23.6602502673369,24.0424429048414,24.368699609292243,24.673827367386977,24.988259291782445,25.28919903883972,25.556730840291074,25.81278172751809,26.09427471610714,26.412416899345665,26.78356387522661,27.36404119501935,328.7110641296688,893.2788732394366,1510.0563777307964,2159.3647887323946,2722.8830985915492,3228.1134601832277,3662.5915492957747,4080.7028169014084,4325.506694855532,4510.321126760563,4654.457746478874,4589.076109936575,4503.756338028169,4395.802816901409,4069.6025369978856,3561.330985915493,2970.1042253521127,2343.9767441860463,1517.8112676056337,592.9887323943663,14197.0,3023.0,2.5029141834378814,0.2577121023173267,1.4953895972373616,1.7893615675870482,2.0207098962675376,2.1955370444258255,2.3976764379130695,2.5926731877784674,2.827391006837763,3.143935875104505,3.6143070751486146,8.373928498093512,0.843816730667751,0.0713096909434535
35900,21.70613533106888,1.3632857296935625,0.9999999999999998,0.6588409048878392,1.096633377045056,1.1080227753117962,0.7323162933811684,1.3546918780332067,0.8593863195809306,0.45146101895095553,0.9886966149559931,0.7756034792146762,0.6164836465218061,0.7298313594316521,0.807718428342259,0.5262171734508586,0.6377332354680587,0.7289727669315896,0.718565431640566,0.4707588831151362,0.9001488409149195,0.6176901182538079,0.8303814412344636,0.8123920021965423,0.8434744984327449,0.6129670183304288,173810.0,257768.0,29.695652173913043,208.0,0.0009453781512605042,0.41411913016073115,0.6663515075112932,0.5682733906473023,4304.0,20.546251271154606,0.0018093716665838959,-0.00025839561478701087,-7.002331166011917,0.0021370784327529486,0.15688691493007778,0.008752353045968308,0.0008362302256452657,11.547837068070265,15.06582708528076,16.425528004237407,17.31611543243554,18.006493205681434,18.579095401676323,19.02004927179314,19.39277277357226,19.716620411526254,20.028894155066254,20.30859575319163,20.563884401796866,20.77273841824837,20.996211177049503,21.16676593756898,21.349249506965492,21.523061555927722,21.69220788819974,21.70613533106887,21.70613533106887,271.521556256572,776.7331932773109,1296.2058823529412,1803.5063025210084,2283.6428571428573,2810.0693277310925,3266.8487394957983,3607.481092436975,3806.888655462185,4022.859243697479,4165.0210084033615,4261.88025210084,4169.0252100840335,4035.747899159664,3726.9411764705883,3362.9579831932774,2902.781512605042,2351.0966386554624,1427.5,475.5,9520.0,2496.0,2.214168129408182,0.25704550233447976,1.2780745094604395,1.5021066568890546,1.699563955170062,1.8712749074356292,2.0497577412008736,2.2368940734628273,2.5015542440101424,2.810838400790179,3.333150586683965,9.342428987712555,0.8052205448556777,0.0759657809906639
35901,24.48080955112398,1.647982192494809,1.0,0.6961747779000848,1.0107418354002258,1.014642364933961,0.6874137949216752,1.1470109443356502,1.1575851508720865,0.8741208914134972,1.3739240911141484,1.1408799700054204,1.2716080152466183,1.1978299752928045,1.043111993577933,0.7393797688029686,0.9096138071390268,1.0280587817223903,1.0755963500662864,0.7930297541021947,0.9749987134961239,0.6968203692886861,0.8603606231597026,0.9609284484780828,1.0136840058149876,0.7500892885185366,90479.0,145719.0,25.783783783783782,140.0,0.0013188262446422684,0.40593569661995055,0.65919208573784,0.5815856060583332,2285.0,22.158267590872416,0.004219646619829467,-0.001000497606170361,-4.21754794194976,0.003764687116014702,0.09736859648478553,0.011541075106897489,0.0015443546522489176,10.644399209313212,15.691283856580448,17.374299777108494,18.438157501721058,19.244694025942717,19.820577371173574,20.327866405070417,20.75832203949759,21.177401412399366,21.54046939873866,21.844239889510032,22.145336356739566,22.37417661877967,22.619656604433217,22.92904783318956,23.004330093855106,23.23021261322956,23.529888013097516,24.033319788254307,24.48080955112397,117.07755775577557,401.60626029654037,690.4438943894389,935.2224052718286,1198.0808580858086,1473.7347611202636,1668.5,1851.4728171334432,1993.7442244224424,2146.5782537067544,2186.6128500823725,2252.9389438943895,2155.1350906095554,2003.0907590759075,1991.993410214168,1534.9059405940593,1190.828665568369,892.546204620462,652.0658978583197,303.0,6066.0,1266.0,2.4523550568938792,0.4585724897609552,1.390341508886494,1.7081864438828969,1.9056730921549394,2.1237706296682517,2.341108613533955,2.540613696886697,2.7936712434664273,3.117642792498122,3.6416098678666105,6.756034185674671,0.8942920194373981,0.184272489282303
35902,18.51564448862943,2.39158028366909,1.0000000000000002,0.6536436800759774,1.0318432136214613,1.1108364544897256,0.6707606526395871,1.3631749345270514,1.0606515556107865,0.770024832905206,0.5689393854099075,0.9548224235204884,1.1479874823828635,0.4173634439715538,1.0154455326415728,0.8593410954897609,0.52700439979067,0.9141269432934017,1.2811441638803192,0.38660071164931764,0.8628419770214057,0.5912237359383482,0.699637216757526,0.7767497848436756,0.8814228050076521,0.5132409634573148,8896.0,14696.0,6.0,40.0,0.0059382422802850355,0.39001189060642094,0.6456599286563615,0.5787945457454797,325.0,15.936425318532368,0.026014628917711537,-0.00843997370400133,-3.0823116078404595,0.019172490136694816,0.3321077958567667,0.04931161186974665,0.00877542086542777,7.10803996005789,11.074838378538184,12.751915556695744,13.587965258652961,14.24710340373224,14.7797804317932,15.16521446776829,15.486882583900286,15.83097307635687,16.022145227878053,16.24236927844357,16.6155190168508,16.935971841546543,17.173775100833012,17.453169400875748,17.60526021397132,17.89939302398432,18.253523335447287,18.511456733528536,18.515644488629427,23.88095238095238,71.0952380952381,118.5,159.6904761904762,203.1904761904762,245.14285714285714,271.67058823529413,286.73809523809524,312.0952380952381,283.2857142857143,267.64285714285717,284.6666666666667,303.5952380952381,295.49411764705883,280.5952380952381,232.0,201.8095238095238,172.35714285714286,125.78571428571429,42.0,842.0,213.0,2.1631902055642023,0.5723287425696003,1.2030862948224743,1.4658321683681068,1.5918832844584925,1.7301957693341852,1.9204670851152539,2.2029816863857388,2.363743058301758,2.8699207242557807,3.4116821009287843,5.7487984124003315,0.889356125562998,0.839112251515035
35903,43.36147673014473,3.844626530751884,1.0000000000000002,0.6252307106504387,1.1490603532021944,1.1327655884839842,0.7078941663522651,1.448059677148935,2.427971023692981,2.069482156584397,1.218690517621936,2.1434011135017004,2.9234343987439684,0.8416024124236366,1.312717544455677,0.9287759000683933,2.8799091833889676,1.1588607191118225,1.3120264923983174,1.9888055919485181,0.8593083741255453,0.5749548581589133,0.7806012788550235,0.7585932896104168,0.8122045434017633,0.5390670641364304,103421.0,138525.0,13.2,96.0,0.0021087160262417996,0.42324818373564566,0.67354112959925,0.5553798249156687,1605.0,41.53740455515692,0.00608987391592795,-0.0011554356894681718,-5.270629920329897,0.009261038246869661,0.9784652521293846,0.23519810593304033,0.003433253821484052,30.27966715741764,35.50050393852868,37.05103141101745,38.03150928019201,38.77433335015837,39.36255392184633,39.806305966139675,40.24164805506926,40.63465207021457,41.01085034071316,41.29793761483601,41.564499880130036,41.828342707961575,42.07566867299114,42.3615062601281,42.51119870171864,42.73189453090585,42.96497458713241,43.28186393026073,43.361476730144716,81.82394366197182,296.21311475409834,533.0585480093677,748.4847775175645,949.3215962441315,1120.6463700234192,1220.8266978922716,1316.056206088993,1402.7910798122066,1479.5480093676815,1533.7611241217799,1572.7377049180327,1546.7441314553992,1484.791569086651,1480.2365339578455,1268.3653395784543,1067.1384976525821,840.4660421545667,602.1545667447307,213.0,4268.0,1126.0,2.208954727984745,0.6524033811058014,1.3063866641878907,1.5148381519367893,1.7055633595986275,1.8658826020025856,2.0355830341149854,2.229890395493137,2.444474607901207,2.7720591699891086,3.303279253643037,9.112032798145616,0.8352525837752112,0.252836477174424
35904,25.858439763459735,2.2630601883815293,1.0,0.6023386142762251,1.2000985779934192,1.138906697743782,0.7499208870879333,1.3791897991381399,1.5255095469082407,0.6470496518224673,2.691871449105035,1.339450852234282,0.8628238831099478,1.9517773774046139,0.8500873163981696,0.5189254540037589,1.0031166960557238,0.7464064598814154,0.6919735974001634,0.7273231695032654,0.8608846882009868,0.4961172068004903,0.9791801695518975,0.7558869307788184,0.6615593929207592,0.7099676709933544,301336.0,400480.0,19.418181818181818,132.0,0.0007542742205833054,0.42343474981141566,0.6749643785097644,0.5449885263517782,6159.0,24.967075309293385,0.0011746915202159461,-0.00015284276174972229,-7.685620874474159,0.001977653136793077,0.7003118589152,0.01645590388296742,0.0007561609876516688,16.11290113917969,19.810157769147427,21.163365847851843,22.00135520391737,22.650734112825095,23.159403195419088,23.586037268252806,23.943935424647186,24.25731562229048,24.50457041888141,24.73438229728085,24.947099948759487,25.119038778327145,25.23833183945953,25.423097614107093,25.61083617569061,25.82225602658622,25.85843976345972,25.85843976345972,25.858439763459725,345.68650461022634,1033.6839899413244,1754.7460184409053,2528.1886001676444,3229.436714165968,3933.083822296731,4587.374371859297,5190.080469404862,5679.665549036044,5869.463537300922,6014.129924559933,6032.79128248114,5724.305951383068,5119.226968174205,4777.297569153395,4395.620284995809,4037.9279128248113,2983.0,1790.0,596.5,11932.0,3656.0,1.8767794218123193,0.1918521321320035,0.9591223521408301,1.1318921698971316,1.2591457737822118,1.4176620840792709,1.5941426828786993,1.7835813174464918,2.0459411081861267,2.448401231254125,3.18205946658847,13.300903021564043,1.0785776377079799,0.130627109848429
35905,22.87816317638494,3.400486974317544,1.0000000000000002,0.6624865352828528,1.0718080485397352,1.049185774680552,0.6957835008968669,1.2046453763003973,1.1087447455756565,1.0185168474687782,0.6316487906383113,1.056766849429729,1.4638416204981968,0.5243441788472026,0.9604275018559781,0.6498645807342354,0.8829802336854711,0.9154027104002642,0.9340040111565711,0.7329793904968146,0.9497522279779022,0.6367601150512955,0.938144481775175,0.9052278928077112,0.9151698972891853,0.7787723260569207,300477.0,514701.0,105.05555555555556,622.0,0.0003643319063667001,0.39222115953909914,0.6529125108165961,0.5942611351816951,10731.0,21.868874014188386,0.0007012514997500847,-8.918676999337293e-05,-7.86273008656095,0.0008870827618557816,0.13138843569868316,0.0058145219636658455,0.0003701883951141199,13.50422742340731,16.92106338366211,18.232317799970343,19.076506626037872,19.697171218962648,20.1911317081379,20.585118411796834,20.929232638360624,21.21266539306478,21.4837789126211,21.724592032485894,21.954997711084104,22.165962781440665,22.303283502572327,22.42735714891381,22.59645278285024,22.81838595187513,22.876932990523958,22.87816317638493,22.878163176384934,727.6378132118451,2142.200364298725,3592.222222222222,4984.516393442623,6255.697494305239,7431.069216757742,8242.24863387978,8989.700364298726,9515.584965831435,10181.433515482695,10486.872495446267,10571.181238615665,10563.310250569477,9700.445355191257,8627.571038251366,7774.950819672131,7290.8952164009115,5482.499089253188,3293.5,1097.5,21958.0,5649.0,2.435967114475844,0.28400680116257154,1.2688533458745315,1.5351800649490306,1.756521304395654,1.9765165594874563,2.2199603353971025,2.4901647068387422,2.797277059438224,3.210718940542174,3.8947593837948777,8.565354413960272,1.2496528001441534,0.0846455624792725
35906,21.011213062673367,1.342788132211426,1.0,0.6867886821144196,1.079015007237307,1.0675559044839291,0.7657514786958803,1.1881971423002784,0.6178934179698957,0.3943938082177583,0.4805426790870191,0.5787925628762212,0.515041523510257,0.4044300915896139,1.0587706343272711,0.7185341708017203,1.3751142028169763,0.9917706696953684,0.9383386004365621,1.1573114880202773,0.920590255052289,0.6197572365214693,0.9051744983845252,0.862334469966062,0.8093451384213481,0.7618049784500927,29743.0,40763.0,5.05,36.0,0.004978220286247666,0.4178082191780822,0.663760896637609,0.5655400756759587,624.0,20.32725915893815,0.016250480901259894,-0.0010310257173647434,-15.761469988154525,0.012246839931794484,0.23664027018056052,0.0335927695702512,0.0050861924879117715,8.055879253045747,12.723547110186255,14.72759771794222,15.927263289137628,16.69032186060854,17.2879176643611,17.78166903125947,18.18692034901982,18.53785836965026,18.91306584777128,19.254467408381068,19.4859367781434,19.82705699831218,20.09228916998508,20.382549911147205,20.59792241294554,20.812772518649975,20.98787147101544,21.01121306267336,21.01121306267336,36.7,101.04347826086956,169.6375,252.88819875776397,321.35403726708074,393.725,456.5527950310559,488.0621118012422,513.575,540.1552795031056,572.9192546583851,565.5,602.4782608695652,592.7453416149068,590.6625,528.6521739130435,479.7391304347826,391.2,241.0,80.0,1607.0,372.0,2.237547710300695,0.3309339009316161,1.105130201501718,1.4196406285802157,1.6243866056730611,1.782027796107035,2.051775368228894,2.277827836959467,2.6125867248176298,2.9410666214003256,3.632821473006087,7.8942523851215824,1.107510609838051,0.546735031623393
35907,20.23903263580744,1.6590168540287824,1.0,0.7125095710538958,0.876314631466214,1.0440440892065803,0.7496954024766519,0.9852888633441439,0.952374364634905,0.6877113655572271,0.6044560412492475,0.9121974584029879,0.9173210390317751,0.6134810447341082,0.9108635682352031,0.6532066103386756,0.6887801814515461,0.8724378382596969,0.8712960065925156,0.6990642105846754,0.9666167343486809,0.6990076092566468,0.7851408926744482,0.9258389988906117,0.9323888167747119,0.7968636629156869,21199.0,32157.0,7.67741935483871,48.0,0.0038910505836575876,0.41855937702790397,0.6645035691109669,0.5677507473464803,566.0,19.169624473240624,0.017810852233167505,-0.0021748464373411015,-8.189475784296057,0.012057116016728526,0.18665804262867544,0.023136375885149777,0.0055341244459660415,7.174202505447366,10.887964377555,12.826357553288819,14.040055562754311,15.010562531128935,15.7515862813787,16.41451862200341,16.938467744400413,17.35974470888902,17.734925968914073,18.120406276442388,18.42168893192437,18.759424042829902,19.04813330780886,19.30831502778181,19.45551257940118,19.737614335314607,19.934731427104488,20.237747284444612,20.239032635807437,32.577922077922075,87.1103896103896,143.75974025974025,198.33116883116884,248.61688311688312,300.7207792207792,354.0838709677419,417.6818181818182,466.22727272727275,502.6948051948052,528.3311688311688,526.2662337662338,543.7857142857143,553.6645161290322,542.0324675324675,464.0064935064935,398.35714285714283,298.1363636363636,231.2792207792208,77.0,1542.0,290.0,2.476873439912022,0.45231203137508313,1.210836887795377,1.6580200742106168,1.8698565076634046,2.13203620739841,2.322426325629495,2.547129957405816,2.8338099751212753,3.1247714395459494,3.779667924587186,8.409760853876655,1.2393926894189984,0.582395833155606
35908,24.511637647899754,1.3282571696116454,1.0000000000000004,0.6044167868748205,1.2311267252365532,1.1382550859460538,0.7641657138790595,1.3888797696282955,0.7390663643947913,0.4765340577681674,0.6889392629445871,0.6492976605332018,0.6236004169163574,0.49603952624996994,0.9088640597018662,0.5212466819314987,1.111689425140876,0.7984713364548416,0.6821121027342947,0.8004216415639752,0.8598479809431894,0.4840225720295728,1.032212887638143,0.755408863583976,0.6334000115924809,0.7431981588401946,3340018.0,4588460.0,131.6056338028169,660.0,8.583764667507876e-05,0.41719171144569006,0.6743463407097118,0.5471106101219246,61663.0,23.522789720597856,0.00011419552528528687,-1.535412673986685e-05,-7.437448395471376,0.00019900239041260886,0.03832604683926307,0.001620095536211055,7.342725515610077e-05,15.326340112680509,18.8044008527608,20.09487064388665,20.927914139225088,21.550014690884996,22.046171916498214,22.440431914699317,22.783262782490837,23.086799731939248,23.320524145550447,23.504634707147435,23.673203136597344,23.865796024602993,24.03396894495155,24.15646390306051,24.312015105697853,24.459867953034202,24.511637647899743,24.511637647899743,24.511637647899747,3776.0400034337713,11427.33313304721,19142.29416309013,26871.962832618025,34340.25502145923,41494.7669527897,47439.946690703066,53134.678197424895,58330.72815450644,60427.26824034335,60018.124549356224,58355.20163090129,57530.06051502146,54989.77096746502,49584.2313304721,44837.981201716735,38889.75991416309,29124.5,17474.5,5824.5,116499.0,37344.0,1.8412484152221889,0.2023286233817328,0.8169078397219344,0.9958015855514016,1.1574827854429863,1.3225220980306136,1.5023203326632297,1.7185506286611854,2.0126647871784433,2.4732183324855073,3.352122312898345,11.65952441643479,1.3370831288544853,0.0117307452391833
35909,18.301440536771985,1.597698539226214,1.0,0.647690814263971,1.1076761454506023,1.0431817319546557,0.7223142945202636,1.1080925347854091,1.0000451365900411,0.5420043067611332,1.3431541662963489,0.9586490119187693,0.7503718407249768,1.2121317707067318,0.9195898358739402,0.5904023133748532,1.0038343871679039,0.8815240985392488,0.8173759232703239,0.9059120566698018,0.9598841855126551,0.5866650193601712,1.110420125478138,0.9201504935425563,0.8122018680937416,1.0021005381948356,120640.0,177264.0,16.333333333333332,98.0,0.0010083549409392106,0.3964846563895692,0.6582624981991068,0.5805282161571435,4311.0,17.706652026237403,0.0017122196396224894,-8.79988552135691e-05,-19.457294478058976,0.00240653248776052,0.10158076192850286,0.010342412785127507,0.0009690829773649007,9.249536928758948,12.851604345718112,14.167710830910917,15.027379145853239,15.661838174629757,16.160383370435813,16.59162673112573,16.95008661933643,17.260669021295097,17.506800678802556,17.72077940447334,17.874254857858677,18.010036568113996,18.168218551411307,18.299200459612813,18.30144053677197,18.30144053677197,18.301440536771974,18.301440536771974,18.301440536771977,222.54610951008647,677.5317002881844,1120.5086455331411,1565.8602305475504,2039.9841498559078,2485.750720461095,2931.391366906475,3380.5,3774.894812680115,4064.1743515850144,4256.122478386167,4200.43083573487,4070.3904899135446,4010.6187050359713,3810.3587896253603,3123.5,2429.5,1735.5,1041.5,347.0,6942.0,1851.0,2.212368011590502,0.25450200562002373,0.9620171385556328,1.2002811994200426,1.4130599728970572,1.635656986538225,1.8759275238761342,2.1601351234472257,2.5215778129149173,3.050613950683982,3.9586096417854804,10.002229751073394,1.6283263408719857,0.190842017494142
35910,29.09949589826134,0.8327989956976499,0.9999999999999999,0.612408719405491,1.2434707266163973,1.1496497968853578,0.7567686267670772,1.434219676260859,2.7537936226598614,1.979854952386415,2.1256572925160047,2.3953325874718243,2.61619586536558,1.4821002163753507,0.8170550269364175,0.4633591543338344,1.682431824898057,0.7106990573564148,0.6122864214301657,1.1730642472318533,0.8503225260985107,0.5052462547524443,0.9863210317525734,0.7396361295432857,0.6676363645132346,0.6877056897755035,146580.0,197578.0,15.26530612244898,86.0,0.0016152479405588758,0.424232633279483,0.6747980613893376,0.5481313623657341,2923.0,27.18303145007774,0.0025437897643809677,-0.0006535473050726445,-3.892281009556324,0.004566510000414166,1.7327749467623055,0.047913916681682656,0.0016050967248074262,19.45870067507531,22.90748892448399,24.183400743466255,25.012937883041662,25.64312250138275,26.149952420407,26.551311179038212,26.900997538270094,27.162508103774286,27.228558427434987,27.54968174643974,27.88810466469316,28.157327500471286,28.293891041061293,28.535946956355346,28.746794729988547,28.95020339385385,29.099495898261328,29.099495898261328,29.099495898261328,198.64135702746364,588.2617124394184,974.8513731825525,1353.172859450727,1719.659127625202,2119.5638126009694,2432.8933764135704,2645.334410339257,2767.562197092084,2308.6462035541194,2445.27140549273,2619.935379644588,2697.5266558966073,2400.1970920840063,2336.0985460420034,2164.193861066236,1920.2536348949918,1548.0,929.0,309.5,6191.0,1867.0,1.9911405067400025,0.32104980463409016,0.9437099168872606,1.1739082050978153,1.377754780955093,1.5530236402052275,1.7289717821497554,1.9550668244749962,2.2269940997447213,2.670833733076107,3.271918219482601,10.01289393611146,1.1311932832038345,0.288694306341931
35911,18.623043332052855,0.8291114341339814,1.0000000000000002,0.5987015899012395,1.2808267172299836,1.1681528855898868,0.7278201766877372,1.713061285747519,0.8239569495570048,0.4248007200478481,0.8453300996433921,0.7053502668368002,0.5836616428814722,0.49346167978720046,0.7411012682299581,0.4433097230543692,0.6262898289229163,0.6344214677479663,0.6090923792080665,0.3655968610893134,0.8451046407406603,0.5311648445640157,0.814054048631147,0.7234537971576421,0.729802307736662,0.47520427634667073,47199.0,70749.0,9.560975609756097,58.0,0.002625533311453889,0.44353250164149705,0.6841759684832567,0.5403002519236033,1391.0,17.71577396528456,0.005635660133777211,-0.0006733605066589285,-8.36945451663056,0.005841737326959578,0.21797475856718473,0.016162077499107433,0.0023540184377971105,8.825430667028355,12.071569450592602,13.423432960453887,14.369068174119471,15.079426148840955,15.61837033199164,16.042322746455824,16.372723489707543,16.659730870327838,16.966019035195732,17.263842759301216,17.51319338297799,17.737758223624656,17.9273077111233,18.072342122689363,18.18865069259731,18.286558603169,18.501031221959778,18.623043332052845,18.62304333205285,91.07236842105263,280.8524590163934,451.51973684210526,631.6754098360656,804.1180327868852,966.7894736842105,1104.3967213114754,1165.9737704918032,1219.1381578947369,1289.872131147541,1355.6196721311476,1346.6776315789473,1366.2459016393443,1320.1704918032788,1214.3157894736842,1045.7475409836065,829.4426229508197,683.8421052631579,457.0,152.0,3047.0,901.0,2.045188570762501,0.564045466415669,1.1047523642450483,1.3449081120496587,1.527120818250319,1.6796744915155513,1.8831663355899924,2.1118360056847303,2.3645540234674844,2.6574618904793357,3.1242288302645336,9.571641079772482,0.8030135092469569,0.459897265841719
35912,22.96993979434435,0.20986309223991326,0.9999999999999997,0.6019599438980219,1.2468573660058908,1.1315129839149178,0.7637725592713974,1.360291892496025,1.0812402442183922,1.0030051724056175,1.1099289730482234,0.9555703377591063,1.313224938799106,0.8159491203109311,0.8544837057051331,0.47738281052666315,0.96825468066273,0.7551691565647863,0.6250326811715566,0.7117991998658916,0.8685652277661705,0.47666923408626494,1.1045177919611249,0.7676140177914925,0.6240984024628806,0.8119711644641391,117677.0,168401.0,11.018867924528301,64.0,0.0012652222046496916,0.42027839291363495,0.6744701043973426,0.5435359080006297,4013.0,22.312549520902053,0.001664385071061211,-0.0001883343357036774,-8.837395819740118,0.0036001386748029792,0.5425058321417515,0.02786168814298175,0.0012680700632586495,14.548806799512574,17.67698270812509,18.931008583180862,19.697962427974133,20.28136513643432,20.748292221938204,21.174209906433656,21.526711585032228,21.831449463468036,22.077326251356794,22.26932278014087,22.3410424910953,22.450139650854325,22.587343139421712,22.65945347754037,22.909092705040905,22.96993979434433,22.969939794344334,22.969939794344334,22.96993979434434,234.2626582278481,667.7594936708861,1109.4335443037974,1526.3317535545023,1951.0822784810127,2358.0949367088606,2794.1139240506327,3213.515007898894,3600.7088607594937,3874.6265822784812,3947.9398734177216,3594.2875197472354,3350.8734177215188,3170.224683544304,2715.3354430379745,2691.9510268562403,2212.5,1580.5,948.5,316.0,6323.0,2103.0,1.7116790244566749,0.18270700737743112,0.7026564696896559,0.8666739886414878,1.0338024418457175,1.1905835094653912,1.3547018086679175,1.5391598484428808,1.8346248076937541,2.271327880434347,3.1712766837302064,11.951612528661434,1.4757686225417397,0.313231692046393
35913,37.049229988258475,4.90895018758044,1.0000000000000002,0.5702097647004456,1.499512884311734,1.1790510036541126,0.734222299937794,1.7366970209558383,2.9678615246672275,1.846836409679357,9.50184882009572,2.517161272471875,2.515364093185167,5.471218471294503,2.0788764860174807,0.6177623331963706,9.937043028319064,1.7631777417385937,0.841383233999716,5.721805766010897,0.8037961342237004,0.4651149121169014,1.0668702714974314,0.681731436326823,0.6334796861336243,0.6143099565577941,39418.0,59158.0,8.051282051282051,54.0,0.0031067961165048546,0.43512043512043513,0.6833721833721834,0.5418934063284833,1432.0,37.03010978655945,0.0053080418131923966,-1.0986733266483133e-05,-483.13194508739605,0.012486511189074604,3.035764339153808,0.4043500576190862,0.004723030134230549,27.543631763794203,31.755773794028652,32.88438775672325,33.72514596267081,34.36557515994461,34.80056022428843,35.213763183068664,35.53239748987821,35.78447288753828,35.95099384367039,36.23306406319086,36.45139482046157,36.658693350614676,36.85950683536096,37.01269262038379,37.043044122935406,37.049229988258446,37.04922998825846,37.04922998825845,37.04922998825847,82.8715953307393,256.0739299610895,443.41472868217056,631.15953307393,806.8410852713179,931.6536964980545,1079.0193798449613,1207.7743190661479,1283.2286821705427,1241.8871595330738,1341.8443579766538,1372.0581395348838,1379.4357976653696,1397.515503875969,1373.2918287937744,1153.546511627907,901.0,643.5,386.0,128.5,2575.0,895.0,1.810213121636679,0.31214916641072754,0.8522080696798973,1.1002010682240817,1.26545309588552,1.4136139986783682,1.602953559600064,1.7759807600792656,2.013421903300933,2.3413625936342095,2.8793887980699355,9.72587191956269,1.0018818434798071,0.834267512361985
35914,23.975774598217207,2.73806128028177,1.0,0.6688193243068845,1.048591366872569,1.0500964809816906,0.703991117512305,1.1617269609929295,1.3284142673074664,0.9365708507913976,1.6070274464638223,1.2650402047491753,1.330373107690563,1.3833090738380505,0.834418477085777,0.5632553709251644,0.7059737431666022,0.794611249726039,0.8000887467380855,0.607693345227355,0.957644988091267,0.6383454342301633,0.9438965182273149,0.9119590489399654,0.906752114267984,0.8124942864548529,90604.0,140420.0,16.232558139534884,108.0,0.0012133818686080777,0.4121012482662968,0.664875173370319,0.5692031431315685,2665.0,22.922909754399566,0.0033408368652622575,-0.0003374572097398901,-9.900031081977337,0.003681989132790471,0.31936379071186516,0.01748537984992645,0.0015060329232727862,12.719868962320465,16.856921932668733,18.341215657247385,19.30704682859589,20.141397949004986,20.774117681077797,21.274326072776272,21.704314499443548,22.093230328934577,22.424919628502813,22.722240626247746,22.957405675930367,23.17115333331098,23.37172441484914,23.59025388823501,23.751599555703045,23.930046042197095,23.975774598217193,23.975774598217193,23.975774598217196,133.0625,424.6932409012132,690.36568457539,954.63431542461,1222.0225303292893,1505.254766031196,1760.9444444444443,2012.1923743500868,2229.3587521663776,2371.856152512998,2543.2963604852685,2617.8180242634317,2590.42287694974,2492.2361111111113,2403.6031195840555,2194.686308492201,1935.3292894280762,1442.0,865.0,288.0,5769.0,1303.0,2.312828048716013,0.3061321453009793,1.1469425628063152,1.421222307542546,1.6252322594257866,1.867442009557865,2.103398145826616,2.3598231075962923,2.6561584249584724,3.051952540662903,3.796457418086534,8.731931718212204,1.2376523385726106,0.102107056125533
35915,17.21186792423183,2.1396011918520035,1.0,0.6569947486839112,1.132419907183488,1.046409327247186,0.6978035588960944,1.2862528266694855,1.23149855488781,1.1872484857920564,1.336364418107588,1.1768803304989097,1.7014078971885014,1.0389593635085392,1.0550956857571543,0.6101790951165978,1.2834079981572546,1.0083011095981147,0.8744281787296758,0.9977882820132671,0.9334445025988508,0.6180537680424196,0.9198699331758468,0.8920452812232529,0.8857131210682894,0.7151548390044594,9896.0,15766.0,6.0,36.0,0.0065717415115005475,0.39364035087719296,0.6524122807017544,0.5835685554273202,448.0,16.13278187103023,0.018471554040133183,-0.0018463223763427845,-10.004511821343918,0.0165266082591884,0.3492700735741301,0.05168416022204734,0.007255511284081516,6.9775734691664715,10.812309788909014,12.46019969690776,13.378786160537432,14.090476970143282,14.630384499654758,15.022563375545113,15.374185307552043,15.643697703064088,15.909073946854143,16.178305302652205,16.39645082299605,16.60505683170906,16.756898526738617,16.94652189756014,17.133874304988517,17.211867924231825,17.21186792423183,17.21186792423183,17.21186792423183,28.824175824175825,70.50549450549451,128.56043956043956,194.30434782608697,247.01098901098902,296.16483516483515,337.86813186813185,374.0217391304348,392.86813186813185,410.43956043956047,434.31868131868134,422.9782608695652,423.5164835164835,393.4835164835165,394.1978021978022,378.67391304347825,319.0,228.0,137.0,45.5,913.0,231.0,2.4432895445759235,0.6555832384844386,1.132333410898245,1.381285424430206,1.6251937703355137,1.8812930600256716,2.059484814069217,2.3507667821255747,2.733742545713686,3.346994549023896,4.016220807137628,10.28152174969811,2.148099112025056,0.905356360620353
35916,20.865600602148383,1.634573169993062,1.0,0.734445147614884,0.9885523037753723,0.963796009660108,0.7140649749296999,0.8098320592457497,0.7207725954333256,0.5500495599121178,0.7932188913692045,0.7478476650754271,0.7703074359112355,0.9794856628767967,1.3918339544272778,0.9573035444345561,2.0697367856345057,1.4441167430420483,1.3406392667961389,2.5557604962715215,0.9276296409100109,0.7099355130170262,0.6117518738761244,0.9624750793865067,0.9942169661618254,0.7554058485235685,1593.0,3181.0,5.125,30.0,0.01818181818181818,0.38321167883211676,0.6094890510948905,0.6098531508712526,64.0,17.97729248444585,0.24578327098733155,-0.05179542259028999,-4.745270116464079,0.0701862315042165,0.1428664794265001,0.08089230078234612,0.049552059725385414,2.5979483224318916,5.304154036276352,6.714455666347345,7.680101480279156,8.867200765785627,9.632242350834638,10.745540604302315,11.956390623011036,13.329687964094093,14.514188866581296,15.375508514900663,16.218017837246638,16.686789332407983,17.189953054768406,17.676649813104646,18.17884413725605,18.718599752099955,19.352176660408634,20.15447356688114,20.812632386152355,9.148148148148149,19.62962962962963,27.142857142857142,27.74074074074074,30.571428571428573,22.88888888888889,24.642857142857142,23.962962962962962,25.571428571428573,24.444444444444443,27.37037037037037,38.785714285714285,52.888888888888886,58.57142857142857,59.148148148148145,60.714285714285715,54.666666666666664,43.92857142857143,31.22222222222222,12.714285714285714,275.0,40.0,2.118390613064217,0.4050267021188943,1.019705071920542,1.2103118892863531,1.5984379220639895,1.801626983069303,2.0813293548855727,2.2484910405564604,2.3940684361412283,2.6173711504758854,3.1782312103480925,5.715851008524426,1.1013083011399456,0.936089549341705
35917,39.22422920163364,0.46209828483052817,0.9999999999999998,0.7093769431752319,0.7716008477118687,0.824201583997331,0.5983600360180098,0.590652102991373,0.8142715786701256,0.7261354926007197,0.4541951531148711,0.9879519701005117,1.213542765043326,0.7689723795354115,1.1263891978564937,0.844057520020417,0.8669215256336875,1.3666428453019586,1.4106181382658585,1.4677362888291445,1.2186308890823572,0.9875639729330716,0.9156391364017645,1.4785592660136206,1.6504510887878672,1.5502173475121583,281860.0,370694.0,21.963636363636365,162.0,0.0015917230401910067,0.44473186747587307,0.6838125559645807,0.5403721289267888,1645.0,31.245641049461447,0.011418074550754661,-0.004342063207716604,-2.6296426386568372,0.0038565447136407432,0.03606882395157352,0.00424729582981902,0.001975061342994304,11.34950258231536,17.63069883695408,20.811949624215487,22.924541496421067,24.47440153221145,25.758355678008368,26.856326044222858,27.825975336254533,28.70579639560247,29.49357039740729,30.191017818448994,30.886614853757596,31.53041902365961,32.12958649952765,32.76216628850757,33.466803833034945,34.174529847951746,34.98266989639531,36.06001137469123,37.90132235468105,116.09353233830846,278.36119402985076,477.0786069651741,667.4855721393035,837.6278606965174,974.0726368159204,1092.9572564612326,1235.3890547263682,1363.0537313432835,1435.982089552239,1503.0318407960199,1578.0437810945273,1605.7562189054727,1515.410536779324,1471.4845771144278,1319.3840796019902,1149.8825870646767,897.260696517413,591.6,237.6451292246521,10052.0,1047.0,2.0806461484768892,0.1436891254720507,0.760256807468821,1.0011375996153098,1.2804132323020738,1.5572991675824261,1.8021892264349997,2.1659742657759478,2.488081673378099,2.9706697290472,3.7183000804553914,7.797802679850015,1.5419553886441828,0.0231524350098334
35918,21.134521240060845,0.5133906795078493,1.0000000000000002,0.6790928509336102,1.0230731304840783,1.0197095951452142,0.7104522714012592,1.0705896604917888,1.561469867622578,1.4976096312199583,0.7280503276108076,1.5312887856078408,2.107966560886843,0.6800461040099794,0.977668701700861,0.6461332155836993,0.8870927424979071,0.9587716996637986,0.9094674499517043,0.8286020080657326,0.9789595317779882,0.6508285947265084,0.9800887083840207,0.9600375797567906,0.9160764500658826,0.9154662561693382,60481.0,103407.0,22.742857142857144,126.0,0.0012045773940975708,0.3849397590361446,0.6461847389558233,0.602457723092041,3258.0,20.791599464801283,0.002297407794045878,-6.146763283083277e-05,-37.375895056324275,0.004140789269187349,0.6319299641093131,0.023620884695251154,0.0015049184476111082,12.450019449968432,15.87743146163035,17.11461852178542,17.941796081611265,18.56095793973913,19.052671051998555,19.404444785941532,19.760041948172347,20.066393685023996,20.323513542486943,20.57203218176442,20.77222249765196,20.878572758758818,21.08269821401065,21.134521240060835,21.134521240060838,21.134521240060838,21.13452124006084,21.13452124006084,21.13452124006084,182.8453815261044,513.2871485943775,853.1224899598394,1181.5883534136547,1520.937751004016,1861.793172690763,2062.359437751004,2359.1827309236946,2603.616465863454,2772.8534136546186,3024.5,3154.744979919679,2973.877510040161,3083.0261044176705,2739.5,2241.5,1743.5,1245.5,747.5,249.0,4981.0,1288.0,2.3429604229603838,0.2639716094530872,1.029240341472104,1.3127638230685776,1.5675691737261066,1.8251722153458727,2.124095198311746,2.4265318920078727,2.7663616585714665,3.2392701593113618,4.001138992078899,9.950143094491281,1.452128459105251,0.412721790818032
35919,22.27208866450039,3.1004092426657985,1.0,0.6722237379799403,1.067557654583582,1.0172430040433074,0.6814847269935157,1.1114425991314576,1.1088486238504018,0.568249791795477,2.0724236858811538,1.0900528383512917,0.8338408320644343,1.8646250265201816,1.0633735508698094,0.7938104037632174,0.9296565237191071,1.045348600720913,1.1648249363786116,0.8364413280952088,0.9769115896375319,0.6553688242810394,1.0230553321888602,0.9603522322144588,0.9616779339609106,0.9204751851227693,38920.0,66444.0,17.470588235294116,96.0,0.0015248551387618177,0.3764490543014033,0.6452104942037828,0.6015089942004801,1661.0,21.25124943823071,0.0045981428870674095,-0.0006727807930067524,-6.834533528398841,0.005848590427649358,0.4878751525597582,0.036894524238142525,0.002421058855298938,12.599712225301975,16.387253671352955,17.746946590861555,18.62154896173198,19.215494312638654,19.647130164186677,20.035228083269196,20.29485781796788,20.54153817646846,20.871779903646445,21.122875089792913,21.2517783069696,21.351010119273887,21.583350195727974,21.81727692054602,22.05022630260202,22.271428673998354,22.272088664500384,22.272088664500384,22.272088664500387,102.12538226299694,323.0975609756098,547.0670731707318,781.189024390244,1005.3536585365854,1204.9939024390244,1368.519877675841,1401.9329268292684,1407.7256097560976,1528.969512195122,1603.9207317073171,1488.5,1277.9268292682927,1277.776758409786,1275.9817073170732,1228.3048780487804,1146.5121951219512,819.5,491.5,163.5,3279.0,854.0,2.3669191893286707,0.4736227268055625,1.1880812821487754,1.4209887620936428,1.6712798142578666,1.861942656106049,2.121529621237902,2.411560175459692,2.7363494924695764,3.1895198039712493,3.8350387217652298,9.857285582838479,1.3205099954877848,0.413417200695258
35920,16.286405684187713,0.9550627084181778,0.9999999999999998,0.6592640581374367,1.0458722855444202,1.0524939944885898,0.7176803795438872,1.1339194711078124,0.7364224455745217,0.5701642549436787,0.44257812144672853,0.6996927768052033,0.7944542880021876,0.3903082473875682,0.868771085206944,0.5787382558178857,0.7601096219298272,0.8254404203314079,0.8064011115723905,0.6703382747164736,0.9663346952122429,0.6160793957500846,0.9957072139844552,0.9181379658909959,0.8584314317490833,0.8781110469967262,69523.0,115441.0,22.7027027027027,128.0,0.0013120899718837863,0.3910761154855643,0.6537307836520435,0.5865454951553267,2810.0,15.280799052198045,0.002793880669072248,-0.0004484273546945252,-6.23039749877765,0.0028742675245162232,0.055907939536883826,0.00673594239574655,0.0012232951698342859,6.715738734382083,9.946676578313538,11.299907268267049,12.17455469733325,12.861295811482627,13.397209963135568,13.833136380754041,14.210055681387566,14.53792783685476,14.810659926492598,15.053689655304135,15.269503242307467,15.314614528728537,15.526716718025288,15.692237346604532,16.00819704298433,16.260973771454324,16.28640568418771,16.28640568418771,16.28640568418771,161.11069418386492,477.11632270168855,811.0430711610487,1103.7223264540337,1385.4737827715355,1699.1313320825516,1956.2865168539327,2184.893058161351,2358.7696629213483,2512.4596622889308,2613.4634146341464,2658.7097378277153,2227.1951219512193,2116.005617977528,1882.3264540337711,1904.9981273408239,1819.532833020638,1333.5,800.0,266.5,5335.0,1335.0,2.2769049804624095,0.27488588191529983,1.1505108089300553,1.386272892733381,1.596867512680283,1.8023770047205219,2.0275110058588046,2.2915842853364676,2.630531550962503,3.0397160501766836,3.645057894474473,8.815963419640617,1.2578937180934657,0.221135236953851
35921,20.990735934611216,0.23223984955614388,1.0,0.6566759481223655,1.0576910043455119,1.0537951375235346,0.6891959837832378,1.2162655960118955,0.8387046309265247,0.3672758775095538,0.9260913464347298,0.7958896383765044,0.5329048429641857,0.7614219702270295,0.7796680237826819,0.5547508299656094,0.5693297168343512,0.7398667881642881,0.8049246412034906,0.46809653968768755,0.9603495845043869,0.6483150313764828,0.9171337758096055,0.9113247445430913,0.9406831244396622,0.7540571556219827,70083.0,103391.0,16.36842105263158,98.0,0.0014822134387351778,0.3931307141092167,0.6572769953051644,0.5868391199701838,1975.0,20.120304309536607,0.003824564227766764,-0.0004680829296504193,-8.170697937271676,0.0051293541104657945,0.40539544386898946,0.02222021086887974,0.0018767703436276847,11.604863275230596,14.921794066199611,16.17757477139208,17.028578494948462,17.672839112624896,18.170695809804364,18.56506615734098,18.873742102110345,19.200503974549626,19.477959715660965,19.699273671155805,19.9487202774912,20.140310436222254,20.240287598225922,20.467949418150116,20.72489823805325,20.974622666703322,20.990735934611198,20.9907359346112,20.990735934611216,127.13366336633663,396.1679012345679,660.120987654321,902.1975308641976,1129.8663366336634,1335.0592592592593,1508.7111111111112,1616.679012345679,1731.8168316831684,1831.841975308642,1857.3604938271606,1936.0493827160494,1883.6386138613861,1620.6296296296296,1536.9827160493828,1481.9925925925927,1397.7128712871288,1012.0,607.0,202.0,4048.0,1044.0,2.3402936007251744,0.33178250425735945,1.3076909035245703,1.543634790362496,1.7328667316181012,1.920863590849023,2.108687313900038,2.363796640692807,2.6203617624289457,3.021767485023797,3.611903937831775,7.54077600680208,1.0758643022619148,0.302595233842731
35922,21.8396001514962,1.4337089035730741,1.0,0.6698421173278702,1.0494711459058974,1.0247996317083672,0.6799237513982297,1.112127195943958,1.1546483055944654,0.9275914053243447,1.000186655774712,1.1267064017866957,1.3642579824822985,0.8993455599525805,0.9136999716073018,0.6465729530219277,0.884254066309541,0.891588895366932,0.9509492081903042,0.7951015581081968,0.9782284576326759,0.6612569467599841,0.9913202887029531,0.9545558247341912,0.9725457382539466,0.8913731201956034,91906.0,149050.0,32.388888888888886,198.0,0.0011943863839952225,0.37031506644766315,0.6356577572047185,0.6071373025018376,3982.0,21.60140875471706,0.0019199319424922558,-4.096949832477632e-05,-46.86247137498328,0.0030470197473380805,0.28377205234182407,0.018786087857475604,0.0011576395666098754,12.684244315853983,16.306769027833397,17.5718133644847,18.419044289834503,18.999493908301673,19.369265817268335,19.852214868304465,20.25847847079786,20.587266081276603,20.86204757570367,21.110291090703058,21.331362748559155,21.533234138316708,21.62942709110333,21.792790759282543,21.83960015149619,21.839600151496192,21.839600151496192,21.8396001514962,21.8396001514962,224.355754857997,693.5208955223881,1138.120895522388,1592.6641791044776,1967.7593423019432,2051.234328358209,2480.697014925373,2848.520895522388,3209.0762331838564,3425.1955223880595,3627.8283582089553,3828.4044776119404,3929.7772795216742,3637.392537313433,3512.8253731343284,3013.5,2344.0,1674.5,1004.5,334.5,6698.0,1691.0,2.4534715468952957,0.10749111887794206,1.1416665685748368,1.4599128461198687,1.731168705875663,1.9634927208491624,2.2146027341330186,2.4544432129581866,2.7826895744471427,3.3099641837285168,4.16282607470195,11.755531844194856,1.5708581670879205,0.191149718752131
35923,21.59532302157317,0.3067260045537057,1.0000000000000002,0.6180368242517883,1.188160905991292,1.1305456969604903,0.746075517799659,1.4189382877714498,0.9408903580592287,0.668539427992261,0.8566842222993227,0.8322444290300195,0.8960747431626371,0.6037501628381671,0.9065733472030314,0.5887994352631643,0.9326820024105048,0.8018900515391673,0.7891954918982779,0.6573097719953365,0.8637154292541235,0.5326373886989975,0.9226987526369544,0.7639809974742738,0.7139188674490519,0.6502740539097883,186522.0,273842.0,29.022222222222222,228.0,0.0009298481248062817,0.43769373837569747,0.6837156437280429,0.5423476358896211,4370.0,19.814258519970277,0.001971346558438195,-0.0003760456905395605,-5.242305943221032,0.002199689710376055,0.06222781231135423,0.006616609856390274,0.0008489290907765478,9.661216783944962,13.987235650972595,15.78432128003707,16.880966436419566,17.62889276608759,18.190983829128065,18.629350639599952,19.01200837424007,19.331004935020328,19.62215912996897,19.86811004862251,20.108127080863813,20.309008156083635,20.50046778239113,20.64063304021145,20.832878673418904,20.99740988179785,21.168711545357265,21.312521991417295,21.59532302157316,252.2450879007239,704.7107438016529,1137.2623966942149,1637.9338842975208,2161.530991735537,2689.871900826446,3171.5243019648397,3617.6053719008264,3931.289256198347,4232.357438016529,4282.167355371901,4315.669421487603,4192.2995867768595,3950.635987590486,3455.051652892562,3113.4421487603304,2580.276859504132,1977.6053719008264,1171.8285123966941,483.5,9679.0,2719.0,2.0766739171426405,0.24365881829846478,1.153939327724686,1.3290883454866116,1.506307334492002,1.687728495349984,1.8608872139665666,2.054996737132393,2.2948005395782847,2.605123063170653,3.2037403525733628,8.615897953704227,0.9683503378145599,0.126589859568048
35924,25.329799975981146,0.8473325792969718,1.0,0.7712280479899035,0.8247009216496357,0.9831672982540955,0.7142753039660676,0.9075670729223522,1.3309310552644835,0.7553818026308476,1.8606617041864286,1.3537177829530593,1.057549936889226,2.0501644007369353,0.9088100029419005,0.7313888244143854,0.6188515181625672,0.924369641418873,1.0239592778208817,0.6818796501396582,1.0301657242128253,0.8272007057913328,0.7485026855708734,1.0478030809631171,1.1580978667444308,0.8247353919096096,32259.0,51307.0,15.625,94.0,0.0025795356835769563,0.4146236559139785,0.6696774193548387,0.5780870178290956,773.0,22.636688580158967,0.011937721876196745,-0.003725391382202979,-3.204420865207852,0.010530093503950183,0.6410447951452627,0.029042239245988147,0.004166166762525373,12.100719688895163,16.067167523782963,17.96724874669866,19.034313751537468,19.733194800399207,20.372341281491515,20.87529809136719,21.306087628925066,21.755233853324093,22.1725196809794,22.52984640678991,22.84913822924467,23.12973243736957,23.481729350044592,23.78657542090652,24.05009967033694,24.470159673591205,24.62306734209179,25.132957143442773,25.329799975981135,51.043103448275865,138.1459227467811,235.98275862068965,338.5793991416309,414.6465517241379,505.656652360515,592.0086206896551,647.8583690987125,696.5086206896551,740.9270386266095,752.7854077253219,730.6896551724138,689.0987124463519,696.3793103448276,690.3905579399142,602.8620689655172,568.6609442060086,405.6551724137931,301.7639484978541,116.0,2326.0,378.0,2.429253256128014,0.23022894376075656,1.2428914251878442,1.5501916944257983,1.829456625634351,2.0187037445845646,2.239671607035828,2.5356117324170953,2.933663168831624,3.3279130791311604,3.8986916709309023,5.987788735824089,1.059375184872704,0.232920079468749
35925,23.356745015656777,1.483845441421712,1.0,0.6579948479108013,1.0945888364268515,1.0383619301155032,0.6877930506351893,1.1733226610836875,1.6429903853144363,0.678048075378832,4.989765720021652,1.5822906615342462,0.9858315299240701,4.25267991961655,0.8564666839748203,0.5718865402502928,0.7787423799342303,0.8248248121727175,0.8314805445070219,0.6637069288468181,0.9649379049971342,0.6311644042287692,1.013165363951131,0.9292886006421657,0.9176661550242148,0.8635010620312794,82756.0,134678.0,22.85,116.0,0.0011547344110854503,0.3801352912060716,0.645933014354067,0.5935709929413935,3871.0,23.35617702806288,0.001828637622979164,-2.2725176237510783e-10,-8046747.8177826665,0.0036087938581480065,0.6358880213242132,0.026749860458359136,0.0013465661128442214,14.536149355715997,17.886809861573518,19.17416710648235,20.04187728170293,20.688506890858807,21.20084323109819,21.629705965044078,22.000744563897626,22.319748200373308,22.57287209550698,22.772711914402773,22.966476433744123,23.123886747381057,23.309027296497867,23.356745015656767,23.35674501565677,23.35674501565677,23.35674501565677,23.35674501565677,23.35674501565677,196.34818481848185,586.3514851485148,982.7244224422442,1359.1798679867986,1749.2722772277227,2165.338283828383,2555.144975288303,2922.707920792079,3242.5495049504952,3464.1138613861385,3608.9884488448847,3753.377887788779,3737.2128712871286,3790.0296540362438,3333.5,2727.5,2121.5,1515.5,909.5,303.0,6062.0,1593.0,2.3282244428419276,0.3018141496548133,1.0529133227935572,1.3322465583583922,1.572727237295949,1.8156429728358203,2.083768249392095,2.364044970810733,2.730030505107659,3.233895561942486,3.9030451257833305,8.940496931833346,1.4774812541712627,0.273801483719144
35926,18.937499964704035,2.284789278566042,1.0,0.5919101741721051,1.2199686605039803,1.1205895583797494,0.6912088871230802,1.4761657721614334,2.3657714421807476,1.9694945958414136,6.322214745009018,2.111184621068035,2.8493479070252685,4.282862307362604,0.8647812610150212,0.4705768635784485,1.0909831915846886,0.7717198991800359,0.6808026811360358,0.7390654980349854,0.8719267499537376,0.5290224067029782,0.8712096324170837,0.778096443460038,0.7653582246386508,0.5901841438454707,21444.0,33694.0,7.454545454545454,44.0,0.004221954161640531,0.407966203983102,0.6650573325286663,0.5662572239208717,905.0,17.843509082327117,0.008293468470152,-0.0011872299044510847,-6.985562306894959,0.010049915924042238,0.774079106594322,0.037330371169388143,0.0042479999886945955,9.595695429549513,12.982136264659069,14.306714878627266,15.221336195326275,15.856388332359773,16.385649001729345,16.812054760535023,17.1683628033334,17.482452615452853,17.70571255840733,17.906426609427474,18.062384003708342,18.23594394955922,18.334888441237837,18.346003907751733,18.569408059266614,18.75729441785349,18.798138818870335,18.91611108842405,18.937499964704035,59.2,159.66867469879517,260.921686746988,360.078313253012,471.3151515151515,570.2710843373494,665.3795180722891,752.3795180722891,819.2121212121212,856.4397590361446,886.4397590361446,862.7048192771084,860.5272727272727,789.5,629.8493975903615,594.8373493975904,521.3090909090909,376.5,242.789156626506,82.5,1658.0,510.0,2.0471203582326236,0.5210037360089216,0.960649242030931,1.144526145319053,1.2973506944683117,1.4484126962266197,1.6653149297640009,1.9420891447431974,2.3381387775482905,2.824610943990237,3.792295635538291,6.674760746108847,1.3358207212873952,0.538081578342244
35927,21.735574135061203,0.3616452031028199,1.0,0.827122859410627,0.7944708759440722,0.9320534034837358,0.6745661016201359,0.8314427610956183,0.8382506149930917,0.732153675370429,0.5080340810821993,0.8993589979500773,1.085369800842323,0.6110271264046448,1.080208815804278,0.8923470208131823,0.7775188102755055,1.1589559265239329,1.3228459281751517,0.935144121347505,1.0753570096099865,0.9448861890256449,0.74762675869284,1.153750424160917,1.4007317989390056,0.8991920955661081,38288.0,61484.0,18.848484848484848,114.0,0.002386634844868735,0.4096180081855389,0.6582537517053206,0.582050248891631,752.0,19.26241458537305,0.015178523378097608,-0.0038329921345099747,-3.9599672645918678,0.007289880263287306,0.06882338374177799,0.010126360823961808,0.0034282262630345407,6.353511474848153,10.346096056246333,12.349875860772382,13.717143599885713,14.70045825782325,15.446360738311919,16.109688054875683,16.62799602944685,17.12980600579836,17.59843593693711,18.025343063351155,18.432744646815827,18.87535703758685,19.29870748500751,19.626899222845328,20.003938492435964,20.428157482756234,20.796352371568346,21.25527259723088,21.734824783904216,65.72013651877133,163.66211604095562,249.91808873720137,348.2959183673469,431.4914675767918,501.3037542662116,585.2730375426621,641.6972789115646,689.7337883959044,714.6245733788396,724.7508532423208,709.5612244897959,735.9692832764505,740.839590443686,681.4846416382253,605.6428571428571,557.3447098976109,446.81569965870307,303.57679180887374,146.35034013605443,2933.0,432.0,2.572749671921385,0.43493712482628044,1.3011114409038498,1.660299802517334,1.9296879140629333,2.2126637234482205,2.438336131472519,2.719882420197381,3.085837506808917,3.496418099020141,3.95900712838555,6.956936008783361,1.091045425159758,0.223728275531903
35928,24.963737161096958,2.7404006449261296,0.9999999999999999,0.6409331710567637,1.1271523720315537,1.1355360272207928,0.7760376791776807,1.392699230855207,1.072889051814225,0.5476029534044524,1.4193839777485326,0.9448304819003449,0.7056396462407772,1.0191604520934068,0.7035678492232585,0.4640215052684502,0.6099852587524273,0.6195909529574594,0.5979368240987283,0.4379877903557518,0.8799134750083375,0.5642650645536423,0.8402500486458456,0.7748882060236454,0.7271103964327599,0.6033248457600411,78481.0,100277.0,4.666666666666667,40.0,0.0031690140845070424,0.4469883761887989,0.6872138076787602,0.5304959422811468,1178.0,23.62833900984732,0.008069355482996515,-0.0010809889158824573,-7.464790216104257,0.00782787478554802,0.5187666997201361,0.030034753043445297,0.003255383727689372,12.433502921713144,16.74296344612364,18.48252063816013,19.56038076218431,20.399765369125525,21.081868471665242,21.645304917361763,22.146350855507574,22.547655834538162,22.909068035673524,23.202831086041424,23.49153032448778,23.733346553866273,23.97920787228248,24.22413825209361,24.409419860478362,24.646857959404553,24.7265880100824,24.909810432724242,24.963737161096958,59.197879858657245,182.42253521126761,285.4366197183099,412.11971830985914,534.7323943661971,648.2816901408451,760.9577464788732,870.4225352112676,962.6549295774648,1042.4577464788733,1106.4859154929577,1147.338028169014,1133.0633802816901,1113.8450704225352,1076.3239436619717,949.0985915492957,838.1549295774648,595.1830985915493,400.64084507042253,141.5,2840.0,760.0,2.0145158804649697,0.40190939529966774,1.189676793977778,1.4082933987890842,1.5772663323900702,1.7092471079097782,1.852586455479452,2.0177835773932453,2.2237014979811947,2.477934935736114,2.918381226574695,8.661850857201374,0.7471117407204313,0.364474863251671
35929,13.814558472846011,2.359783802321994,0.9999999999999999,0.6325861354738355,1.151445973841636,1.0944163565169236,0.7344105922922178,1.2147065602591323,0.5735012295198916,0.48438159397960906,0.22527134073824437,0.5240247243243967,0.6595514812330979,0.18545330049933,1.0228663414391714,0.6516602127551235,0.9243789730036269,0.9346226738556189,0.8873240930814783,0.7609895288673093,0.9041038835873353,0.5467807212856008,1.1368748977514658,0.8261059679925887,0.7445163877321093,0.9359255436217758,9669.0,14975.0,4.709677419354839,30.0,0.00851581508515815,0.39585870889159563,0.6540803897685749,0.5658545553680252,494.0,13.435213060204243,0.016321579855901464,-0.0006474605484496271,-25.208609072760044,0.0139522224975932,0.11538735750083304,0.038800067602892084,0.006927054222619662,4.011548238248747,7.235087203097395,9.173545640933035,10.149489043030124,10.725437450290688,11.223350315376361,11.628742489845582,11.940988961278538,12.281718454235902,12.59587157015359,12.880160894159578,13.125256024493401,13.35655338893071,13.508762268041776,13.630090687770087,13.677826253478571,13.686834699850973,13.688206589774257,13.809921569995101,13.814558472846016,25.524390243902438,68.0609756097561,114.13414634146342,158.9878048780488,213.5731707317073,253.84146341463415,294.32530120481925,318.1341463414634,355.890243902439,397.7682926829268,431.0365853658537,465.8170731707317,484.7439024390244,459.5903614457831,418.3536585365854,351.5,273.1341463414634,191.52439024390245,123.13414634146342,41.0,822.0,224.0,2.0713082654029207,0.440127215712357,1.1087218125167857,1.351212159401873,1.5446705523513795,1.671040408380233,1.8382090715045063,1.9812423218124549,2.2409978383496907,2.5601526323069064,3.329256818922444,7.288012266897742,1.0602582462261754,0.815448400748428
35930,30.07932532616315,0.6586860086797327,1.0,0.6722926255558624,1.0791036846010316,1.0840579518726925,0.6909463531483035,1.420533082678167,1.4012405962832566,0.7540513858257823,2.709838556048969,1.2925882734060814,1.0913313058096914,1.907620870708651,1.1926554858274916,0.7411506088837213,1.4802969079353572,1.100176871326112,1.0726601356337748,1.0420714068443346,0.8936830564262996,0.6492077814618247,0.6470676102396514,0.824386791206574,0.9395921673277575,0.4555104123444408,20223.0,30739.0,10.387096774193548,64.0,0.005438477226376614,0.41564625850340137,0.6551020408163265,0.5712982341981132,520.0,27.208616486981448,0.01982887037882627,-0.004707456395679581,-4.2122260329431525,0.020014040352029534,0.5985286144096815,0.1210954042740035,0.007213482661622924,14.757323337879658,21.590796201194724,23.15031032663033,24.203022766127862,24.955475459014256,25.53327347730018,25.94989657560888,26.33893420866234,26.654316509131277,27.02067498412189,27.362119624454902,27.67002203219874,27.95986339634565,28.28570491807086,28.58678465155499,28.78150710983091,28.92881568982647,29.15585697884208,29.557661596083044,29.915058626746376,24.741496598639454,89.97278911564626,173.21768707482994,246.10884353741497,311.5034013605442,387.65986394557825,428.31972789115645,454.5850340136054,458.83673469387753,497.6190476190476,499.2857142857143,499.97278911564626,480.0204081632653,482.13605442176873,478.1156462585034,427.86394557823127,341.7074829931973,249.49659863945578,178.37414965986395,63.37837837837838,1471.0,340.0,2.3654658110559796,0.4463434873879346,1.416236005522014,1.6429480601251212,1.8552775696776995,2.007266196215848,2.210517549736031,2.4028637099211276,2.6616616545951133,3.064233834694986,3.630587105223307,6.703092143670944,0.7916931952320626,0.638332873049658
35931,17.62421459723571,2.88240421787073,0.9999999999999997,0.6163190309580563,1.2002062794983146,1.127488811503687,0.7230335580984303,1.4351890916506629,0.6855268131709402,0.4097934617215069,0.8033663258719695,0.6080120761967299,0.5667696293367888,0.5597634001997527,0.8246076889621308,0.5080928472325279,0.8223824793879576,0.7313666269223411,0.702723741576817,0.5730133291649435,0.8820629964858641,0.5606065309594308,0.9494075171372309,0.7823252767444244,0.7753534046660564,0.6615208564923546,89351.0,141051.0,20.36842105263158,90.0,0.001340033500837521,0.42586697939353324,0.674819902831295,0.5562316129776937,2790.0,16.402003982217046,0.0027240505910054143,-0.0003728715464744428,-7.305600592916588,0.0024697286613109366,0.0793518278301439,0.007890451713649917,0.0011391295475524318,7.997268444244634,11.322097237300651,12.711403279255048,13.613481143301858,14.308903120302613,14.828422444174263,15.267074492943367,15.596846356731872,15.882077760651667,16.184576864687287,16.41999547280841,16.66858503268955,16.868520740458795,17.064234781163567,17.221057620619437,17.39511109227389,17.614890252258565,17.624214597235696,17.624214597235696,17.624214597235703,186.48657718120805,534.2378559463987,886.356783919598,1239.0485762144053,1583.8341708542714,1910.609715242881,2193.2177554438863,2414.1474036850923,2535.606365159129,2681.3701842546066,2685.1574539363482,2734.040201005025,2722.4036850921275,2614.7035175879396,2420.0887772194305,2202.1574539363482,2065.6365159128977,1492.0,895.0,298.0,5970.0,1727.0,2.09616896063642,0.44230414629101655,1.1266639024938854,1.3142115586207201,1.4839257860362216,1.7035459450039527,1.895199940693505,2.0970772892290355,2.363176420839423,2.726678462074236,3.3268902132090217,10.042768966554346,0.9688729495505073,0.250435396793764
35932,17.273790094449645,0.3477745816003567,0.9999999999999999,0.6204043887962162,1.1953680923439072,1.1694427287247557,0.7638237880169214,1.5277042480304983,0.7704308112050016,0.44394114366308013,1.1883550368492597,0.65880166021053,0.581208847678943,0.7778698255118919,0.8611280162366165,0.5558022025051967,0.7203531154409865,0.736357578772286,0.7276576236885722,0.47152655127434434,0.8270654282881896,0.5259407622910253,0.8124736454217191,0.7072303824489816,0.6885629520082108,0.5318265275946914,54450.0,83328.0,13.487179487179487,102.0,0.0019073569482288828,0.4175524666121559,0.6713000817661489,0.5576127484231157,1884.0,15.807913039384312,0.003779222983262973,-0.0008538390690078589,-4.426153733694035,0.00461325034419441,0.15813281694383124,0.013284194476907027,0.0017967482892434087,8.334065618609017,11.419583729598596,12.693000995395218,13.545405962118721,14.195444576043263,14.655765734878859,15.062120383497936,15.407552109479429,15.679255340005893,15.811673861408304,15.942300788105696,16.21276279279929,16.467181979528345,16.585569687722113,16.732641168212858,16.930082593840563,17.17091840206903,17.273790094449634,17.273790094449645,17.273790094449645,134.99180327868854,383.550408719346,627.2316076294278,859.1852861035422,1086.0544959128065,1316.1389645776567,1531.008174386921,1701.8010899182561,1804.3051771117166,1669.425068119891,1554.4904632152588,1659.2234332425069,1720.2070844686648,1541.8828337874659,1402.3814713896459,1292.574931880109,1183.2043596730246,917.0,550.0,183.0,3670.0,1164.0,2.068341259972269,0.46075014423477834,1.0652861573534733,1.3194700982780245,1.4788092920480256,1.6491392223765786,1.819262215194767,2.017724186873062,2.3040322441136976,2.6883439715000805,3.3357052463547627,7.6287429800550814,1.0400731541501742,0.545153703300748
35933,18.111818470956557,2.1207946681100696,1.0,0.69092478711245,1.0452373425031594,1.013380228768482,0.707049933839676,1.0477876697913087,1.1056004766365801,0.7014001941793211,1.2958794057680558,1.091002612099675,0.9920094191513835,1.2367767278900699,0.9368098810951766,0.5826960135578874,1.0646419007443686,0.9244406536662372,0.8241228598856132,1.016085540457273,0.9933022933752429,0.6763109307452578,1.0328712100054391,0.9801871648733081,0.9565249897875131,0.9857638525285943,10241.0,17143.0,7.3076923076923075,50.0,0.005813953488372093,0.39961202715809896,0.6605237633365665,0.5751219882574585,492.0,16.80991448757121,0.01738827460251495,-0.002944052281033009,-5.906238389358274,0.015510207374244895,0.39532098111726205,0.03928948286487881,0.007010289363288162,7.821353137399591,11.184944295960094,12.521795239332988,13.438350402313269,14.204723190149133,14.799314805408263,15.261825614226133,15.684747285816492,16.037197173057084,16.390030280326677,16.641864788871803,16.875668836656374,17.11077456470216,17.242625982356255,17.41635504585709,17.63908815266649,17.75447307290084,18.076873336581038,18.111818470956546,18.111818470956557,29.485436893203882,88.77669902912622,142.39805825242718,186.50485436893203,227.50485436893203,273.7281553398058,322.15384615384613,366.06796116504853,392.9126213592233,434.22330097087377,466.873786407767,481.11650485436894,460.71844660194176,395.1730769230769,374.4757281553398,347.1456310679612,268.41747572815535,249.18446601941747,155.0,51.5,1032.0,217.0,2.2954956812595295,0.5663879721095765,1.3045371717401846,1.5814481552998745,1.8198314775700575,1.980807126439558,2.1367946398086417,2.3307204184670622,2.6779313921304304,2.8893344654521407,3.4575972409906712,5.96447391030398,0.8089891033570383,0.986876027418766
35934,12.111231212789667,1.081831809680273,1.0,0.8015137342526615,0.9393015115015008,1.0734070816628347,0.7602404290304849,1.261205800803588,0.47190944092384657,0.3122481995552705,0.17491264188239433,0.43963697369389715,0.41072296030542943,0.13868683586052907,0.7319034699815227,0.6200387278809513,0.35426753452633625,0.6818507931284723,0.8155824186720386,0.28089589684777194,1.219566839676499,1.010253876706864,0.7739921141392961,1.1361643317903636,1.3288610262351015,0.6136921616171924,4531.0,7629.0,3.6666666666666665,32.0,0.010330578512396695,0.432712215320911,0.660455486542443,0.5688198807916189,174.0,9.653291155166082,0.04655502032556599,-0.014612379036882627,-3.185998680164126,0.02283519545157224,0.0747079066796349,0.019598141124922225,0.017648728696678065,2.1828114919983346,4.102834157778534,4.925396790646832,5.495621256680283,6.0595362234702295,6.678751711770916,7.205427284813498,7.731567432379343,8.264371321990371,8.704943143457957,9.157098987544632,9.527343891198813,9.833264736189513,10.138377662548429,10.422378671624523,10.721727385028855,11.027404840805284,11.381122963129009,11.60494363669818,12.068576005956873,14.958333333333334,42.833333333333336,70.20408163265306,90.41666666666667,102.45833333333333,113.9795918367347,120.83333333333333,126.375,137.91836734693877,150.45833333333334,160.875,169.3673469387755,165.54166666666666,157.5,150.16326530612244,135.75,112.08333333333333,97.28571428571429,58.916666666666664,23.346938775510203,484.0,96.0,2.1598357107914525,0.31837243592543907,0.9718362620541547,1.2446890117789466,1.4874926489915534,1.616936442319251,1.7737176079568053,2.0867962721234212,2.543723550332671,3.2130137980691575,3.817840307473916,5.7642737070798145,1.274292752890451,0.93959796525538
35935,20.834382771714374,0.11478880035782332,1.0000000000000002,0.6281675016244148,1.177004504063769,1.1242997569946145,0.7126874481436929,1.4816862722009607,1.7223201102181032,1.0911848105530975,3.175202893172344,1.531904725143824,1.5310846478288074,2.142965722734112,0.838790754468096,0.587851889162652,0.7170607378946836,0.7460561556201724,0.8248382803623174,0.4839490999869565,0.876909828289824,0.5499901922708021,0.8450965990447399,0.7799608803918158,0.7717130331161838,0.5703613611735748,38558.0,58232.0,10.857142857142858,68.0,0.002320185614849188,0.40386847195357833,0.6649903288201161,0.5691482333196988,1375.0,19.78225095252891,0.0050930214433007525,-0.0007272940002396494,-7.002699653266162,0.00801531681677236,2.107856602123688,0.039897610019061,0.0028847742073002535,12.035660918410073,15.195794700796244,16.4489129115959,17.277874853691245,17.939735635005512,18.42020599882975,18.789903694860783,19.131765859693985,19.44753580663116,19.68786089714355,19.880246622704394,20.028863854917784,20.197360897107533,20.382244206271412,20.538073102389664,20.66423006657888,20.81160500202217,20.834382771714367,20.834382771714367,20.83438277171437,92.15116279069767,262.4826254826255,437.8410852713178,609.6911196911196,768.6317829457364,944.4362934362935,1077.7015503875969,1193.8301158301158,1299.7558139534883,1342.096525096525,1338.6563706563707,1283.4302325581396,1225.888030888031,1185.608527131783,1119.853281853282,1007.4612403100775,884.6833976833976,646.5,388.0,129.0,2586.0,765.0,2.1273690755574943,0.5107022969132606,1.1191823823567846,1.3478536291042549,1.541483576152954,1.733770249712107,1.8868230215339854,2.100923016459354,2.386682987819723,2.7669395663245977,3.337154983163871,7.845443950864608,1.0501823993947188,0.644683561881539
35936,24.300829800100438,1.331513125751047,0.9999999999999999,0.8190529243563905,0.7939652708864597,0.9504059362394546,0.6654027605656097,0.875999549157728,0.8570365907925009,0.6124800998824659,0.7319139948618335,0.9017584572162971,0.9204652222389968,0.8355186889828511,1.024944236505708,0.901200674068675,0.6308424099218896,1.078427856375966,1.354368703403982,0.7201401079811552,1.0870962017625474,1.000414282883298,0.7395715079453553,1.1438230342541271,1.503471795086813,0.8442601467734224,31460.0,46982.0,8.2,58.0,0.003913894324853229,0.4302496328928047,0.67498776309349,0.5588887271005551,433.0,18.762505007375168,0.030300850820985516,-0.012456015854904058,-2.4326278301143756,0.011242935229735384,0.05383773520293381,0.012029325697013447,0.006640636970093081,3.963954771567494,9.110064826536393,11.733641155990433,13.432420651853063,14.601494939785875,15.548827281989166,16.23241663250863,16.91248342385568,17.473358807032337,18.037613843282223,18.6112959089582,19.08330307408439,19.57281775308744,20.120594009336195,20.60615715852221,21.08494517826746,21.64778192091469,22.27635403434182,23.003209003497478,23.732233219673713,36.529411764705884,70.77450980392157,122.1170731707317,182.33333333333334,233.22549019607843,294.98048780487807,329.55882352941177,369.15686274509807,385.6292682926829,404.578431372549,419.27450980392155,401.41951219512197,408.0882352941176,413.921568627451,401.86341463414635,350.0686274509804,313.6666666666667,249.4780487804878,202.7156862745098,66.54634146341463,2044.0,294.0,2.4950924742747027,0.30143817445811344,1.0775365261694414,1.3886364037744034,1.7280818957822481,1.970293093143451,2.3782812150569295,2.683143011064083,3.1370302788534596,3.531033812196132,4.097677426269579,5.663170486641761,1.4171256149313403,0.293822106744628
35937,22.420927317637013,1.451899899425971,0.9999999999999999,0.600795115941822,1.2221389030058791,1.1518850264074,0.756606156624308,1.4443986723525575,0.6973197701564049,0.6149679558003285,0.3548912413341755,0.6053727187784244,0.8127979800535646,0.2457017221956789,0.8833789576106432,0.5450034137216249,1.0963294710658062,0.766898550948095,0.7203264326492201,0.7590213782737455,0.8461416447517954,0.5064233162819393,0.9454723747437792,0.7345712682721609,0.6693354420236409,0.6545785404273777,266819.0,374327.0,30.125,196.0,0.0007447864945382324,0.43151535214764547,0.6788049325498634,0.5415169400686072,5554.0,20.89499800343622,0.001375058159922726,-0.00028761599200303567,-4.780882142006251,0.0017354156598701515,0.10800964384660397,0.008154084578744643,0.0006732466788375081,12.174659667649047,15.91628821722925,17.294718597864925,18.19207163891431,18.858680959100724,19.387345051903704,19.792644140000004,20.15416291822209,20.476117261049634,20.741268606744033,20.944295328865525,21.163421074062015,21.39709153334504,21.590767226970545,21.83079074500609,22.01354010886546,22.167271889554765,22.36368794999334,22.420927317637,22.420927317637,344.61920529801324,1057.1258278145694,1744.0165425971877,2424.0331125827815,3082.044701986755,3760.8279569892475,4355.453642384106,4841.761589403974,5211.955334987593,5411.4056291390725,5261.402317880795,5162.803143093465,5058.932119205298,4738.899006622517,4610.678246484698,4174.0811258278145,3524.094370860927,2867.3953680727873,1812.5,604.0,12084.0,3680.0,1.960103160924203,0.19597953461787815,1.04079756350906,1.2405123801750735,1.4150256088712185,1.5733292633112046,1.7443713660770401,1.9341460377232913,2.165769254443499,2.484799187428355,3.079228398787961,10.074081357869387,0.9479683453977529,0.114347855774686
35938,18.702147982999914,0.02350416968344718,1.0,0.6573612085956128,1.095589104770311,1.0683792435898631,0.7255248685698941,1.1721912143122135,0.9457661820680788,0.7017256249381973,0.7276629155526965,0.8852345154986426,0.9671972048613465,0.6207715146369313,0.8206816401417375,0.5523643609999076,0.794768551280843,0.7681557322137442,0.7613307068146281,0.6780195428671385,0.9453680737522022,0.6153115121604067,1.0367039657665114,0.8848618872224334,0.8480915524967014,0.8844154034841494,24054.0,40984.0,9.657142857142857,62.0,0.0033050047214353163,0.4185167690127539,0.675484175720359,0.5718875510238958,1094.0,18.07948185664273,0.0069981166902037305,-0.0004983984034603629,-14.041210087384004,0.008823166657211369,0.5002320104926464,0.026576468425927733,0.0033320028697585023,9.158159639216267,12.497694730598562,13.948285284395942,14.827041167341125,15.469145455499762,15.995858199284484,16.446971532176125,16.81475650192148,17.13129542786898,17.40675357813429,17.68399357284776,17.908378627866544,18.083076043505535,18.20382018331412,18.413994380246507,18.602802708027923,18.702147982999907,18.70214798299991,18.70214798299991,18.702147982999914,67.69194312796209,191.52830188679246,308.89622641509436,425.0,544.3317535545024,669.6132075471698,769.2641509433962,866.1698113207547,947.388625592417,988.1415094339623,1038.5943396226414,1050.301886792453,1054.2843601895734,960.5754716981132,946.3396226415094,878.6132075471698,741.0,529.5,317.5,105.5,2118.0,520.0,2.2219522220666925,0.22695374525933498,1.0839472700875228,1.361698281747555,1.542749080637925,1.7734845884762935,2.006781543350921,2.259313655186569,2.588658141496248,3.028197131320977,3.5367553414527966,7.325467694889616,1.1576454914381482,0.359351275048684
35939,17.25596432961141,2.7926675904077114,1.0000000000000004,0.7723890231779293,0.8746346606619972,0.9655357310884755,0.6713262163147838,0.9783385123221737,1.0273139069721364,0.8658333683038002,0.488967627429306,1.0639833140240358,1.2897356713651895,0.4997939069869566,1.0581436142857563,0.9012761878433202,0.7679798508556688,1.0959134708488534,1.3425308977069847,0.7849837670529806,1.0277177458355298,0.8432794890779571,0.7816739396579983,1.0644015676943979,1.2561396659095236,0.798981058000697,9523.0,18217.0,11.076923076923077,74.0,0.004191114836546521,0.40436241610738255,0.6535234899328859,0.5922323831493803,435.0,15.896832429921744,0.02274996838704514,-0.003052056818803281,-7.453979312208697,0.012133638204029948,0.13546338985917103,0.021285100454672364,0.006495346064546837,5.377298861726608,8.797147670756209,10.403934332411081,11.434912029955562,12.161704950214327,12.82025386817259,13.478648488769116,13.97574985903497,14.432803868017785,14.846330972856121,15.168055406897743,15.53506807189293,15.792978314606648,16.016428083394537,16.348161331344492,16.611937406529297,16.922477920043136,16.939118154957168,17.20551927451768,17.255964329611402,34.47899159663866,80.50420168067227,133.0672268907563,181.78333333333333,225.0924369747899,252.1764705882353,291.5126050420168,324.4,348.89915966386553,384.8067226890756,391.3697478991597,417.65,417.89915966386553,388.9495798319328,371.7142857142857,365.3833333333333,344.8655462184874,232.16806722689077,167.50420168067228,59.5,1193.0,221.0,2.7218384096506854,0.5822648638500685,1.3713183296281246,1.8048048399266161,2.089966257379011,2.4129142373541748,2.5861079212710862,2.8852204557801464,3.273347318155483,3.7696489932442336,4.142400591847052,5.546918445907098,1.1611261957470274,0.466198997360188
35940,12.56476208161116,0.04679374204305334,1.0,0.5951984389873685,1.2352063429394293,1.10072247136333,0.7186441047126148,1.2818664487646807,0.6578385173115674,0.5013739480316534,0.362492677400021,0.597642488843517,0.6976665427905409,0.282785057483446,0.6532373376158549,0.37958568718966307,0.5742909696784428,0.5934623436975625,0.5281970375885281,0.44801154615746447,0.9670778824211111,0.5427297644080971,1.3182554038366234,0.8785846637829701,0.7552135484714431,1.0283874775777229,20383.0,30447.0,4.871794871794871,34.0,0.005361930294906166,0.42186452045606976,0.670690811535882,0.5513420072655528,943.0,12.22316596855196,0.007502410670509074,-0.0002821732578235931,-26.587957797189176,0.00839568634444541,0.10806253391212445,0.014703813653596659,0.0035831655455701114,4.467533069032255,7.12809431901974,8.304770743836674,9.169244608737062,9.865110938720697,10.373469820205758,10.813387823985005,11.179637333708651,11.468929136657591,11.723336622361959,11.921291571331901,12.124868577923982,12.23958099608879,12.382238390108848,12.517323327752612,12.564762081611157,12.564762081611159,12.564762081611159,12.564762081611159,12.564762081611162,54.348993288590606,152.34228187919464,259.758389261745,357.28187919463085,441.0738255033557,539.6979865771812,637.4733333333334,710.5637583892617,774.7181208053692,848.3758389261745,871.5369127516778,914.0134228187919,867.1208053691275,837.6333333333333,792.4026845637584,671.0,522.0,373.0,224.0,74.5,1492.0,444.0,1.994896563851589,0.34580624686318534,0.8849248865453366,1.0865767235583128,1.359495517130125,1.5114063359727832,1.6883261392770934,1.8824983995391957,2.1424041778888396,2.5228569422004408,3.5617822339468113,8.350204157695515,1.5277468759648074,0.976811359997373
35941,15.938895124239068,3.1702369354054682,1.0,0.6677790620234689,1.0475850415939256,1.0865854085470235,0.7227854119067962,1.236933439710281,0.7357658828599185,0.5279543003988199,0.4225550050988428,0.6771358027380295,0.7304440456345292,0.3416149903731402,0.9843814432132683,0.6934624176274179,0.9784464554409346,0.9059402376197727,0.9594305670862661,0.7910259550183314,0.9082021460606566,0.6160222413046459,0.8339174536307931,0.8358313473720395,0.8522892564744824,0.6741813478873336,23618.0,40820.0,15.793103448275861,112.0,0.002657218777679362,0.41781125387682766,0.6694727514399645,0.5815418531414712,1261.0,15.114394055097106,0.00580198432110472,-0.0008085371362266046,-7.1759033211291205,0.005657358524073372,0.10047921174531782,0.019485231819780933,0.0027390332212546805,6.7123664892025365,10.23639932665508,11.509773435313447,12.33070802213479,12.881802624908188,13.371493503748042,13.781468872439921,14.116581523564895,14.410928371540447,14.626654718916214,14.871574835423534,15.083777749173844,15.19476627764671,15.270138686029682,15.453186939216394,15.550736898734051,15.847615905285961,15.938895124239059,15.93889512423906,15.93889512423906,72.08,222.65929203539824,377.51769911504425,534.9690265486726,674.76,798.9778761061947,904.5176991150443,1025.3230088495575,1096.8,1126.3849557522124,1200.6592920353983,1234.995575221239,1141.951111111111,987.9690265486726,923.2610619469026,766.4646017699115,734.8355555555555,564.5,338.5,112.5,2258.0,603.0,2.3240306900813583,0.36040896704053166,1.2550548127036123,1.4712123604111909,1.6793078407370932,1.86837013865526,2.120320841774425,2.393794349503738,2.660668526577726,3.039529410151495,3.5994875772065433,7.130574868452605,1.1436510471093464,0.561353671024553
35942,29.44581029612357,0.6269730485365259,1.0,0.657142172483263,1.0866021363801188,1.0552351452749922,0.7146758087118136,1.230307359552242,0.9549589898654782,0.7202807758801756,0.7074524733695876,0.9049726917658887,1.0078426709006212,0.5750209229237301,0.9866778290934095,0.5656616431141772,1.30127519018202,0.9350312425732212,0.7914940399812456,1.057683009110509,0.9413810841103991,0.603080368747885,0.9116167147608287,0.8921055068394989,0.8438516616854895,0.7409666435650701,79768.0,102496.0,6.76,52.0,0.0031655587211142765,0.4474350854971501,0.6874604179860672,0.5356931066021041,1192.0,28.043371627052593,0.00923875371204136,-0.0009378085434623707,-9.851428392763477,0.009125660939704574,0.24403614354002878,0.04414406281097091,0.003386362806786839,13.925884334528728,20.430225454193874,22.673065086838243,24.048941405864046,24.902323451866295,25.590856886307012,26.178252610896784,26.668588113949784,27.062641265856374,27.3993140093876,27.718546063919415,28.048982184219867,28.34343562172546,28.596514887733935,28.820061532035012,29.084565830954695,29.342619333599497,29.445810296123557,29.445810296123557,29.445810296123565,50.12380952380953,166.8987341772152,273.7278481012658,395.67088607594934,533.1139240506329,671.9240506329114,809.2952380952381,935.7658227848101,1033.7151898734178,1079.9113924050632,1116.4430379746836,1150.0569620253164,1141.1012658227849,1145.8444444444444,1118.860759493671,1081.5189873417721,1004.5696202531645,789.5,473.5,157.5,3159.0,761.0,2.171208034385578,0.5599219262600734,1.171319533523163,1.387904906794786,1.5553564271457734,1.723661003091458,1.9317313544326835,2.090798546359346,2.4164491339395506,2.85505125902861,3.5192523404602136,6.615804086581338,1.017334953161695,0.242319052682724
35943,21.53357942795847,2.6248284284709924,1.0,0.7349261307826648,0.9094388082697303,1.0311188642572806,0.7137106858810235,1.121871447365732,0.594271917123098,0.3544334225932031,0.43286596483873885,0.576336965332464,0.49660657967546196,0.38584275039279414,0.9235784617302031,0.7332455134673752,0.5663767745283623,0.8957051352129618,1.027370793197859,0.5048499771148223,0.9874240944215934,0.7588589100089267,0.7251372576920762,0.9576239254752063,1.0632584393383029,0.6463639478433755,58403.0,89041.0,18.54054054054054,158.0,0.002188782489740082,0.4151614668856048,0.6609195402298851,0.5811679211255771,1227.0,18.503019438168455,0.007333253438260983,-0.0024684029544374255,-2.9708494008557476,0.005174808702651198,0.10698656444763498,0.011071051093386559,0.002421742639409864,8.708614946672327,12.570529599273087,14.158677492095974,15.133015352023627,15.871474968549405,16.494755132927434,17.012932047085034,17.45381496576857,17.841278011019803,18.223548146010117,18.551850879039122,18.840076674176423,19.165312996840118,19.448612960694884,19.77221375445414,20.102121154907277,20.38770414013848,20.67601370925159,20.94841712570901,21.381440844863324,86.57534246575342,238.6767123287671,414.94262295081967,569.517808219178,725.0737704918033,870.386301369863,959.1830601092896,1041.890410958904,1100.292349726776,1180.7534246575342,1199.7424657534248,1160.1010928961748,1148.4465753424658,1073.948087431694,1019.3424657534247,957.8387978142076,845.7287671232876,666.4890710382514,446.53150684931506,165.39617486338798,3655.0,725.0,2.5198418447362037,0.5231903835540412,1.487469940317452,1.8352907421429991,2.106575813959526,2.299299228295064,2.4899085231730305,2.6806233922675675,2.9031391096247514,3.1543523577846115,3.510383733912589,8.177432333568136,0.7206937125192169,0.162908153343014
35944,13.149875855502998,2.3933859421789587,1.0,0.6267252782294186,1.202225068584503,1.1220457293965032,0.7118067730750285,1.469005861716289,0.6465796725814097,0.4728878506670219,0.3498201949748276,0.5762507317140944,0.6643486245910964,0.2381339680742464,0.801911003923717,0.42225813447557775,0.8754626490486889,0.7146865612643328,0.593220169360582,0.5959558582195555,0.9052638841178365,0.5920534215326247,0.9322909147195529,0.8067976735714117,0.8317614329165971,0.6346407043130012,18891.0,27273.0,4.647058823529412,40.0,0.004626060138781804,0.4020061728395062,0.6466049382716049,0.57131215090389,753.0,12.657818328301843,0.00959608535787156,-0.0006441998472736416,-14.896131066289058,0.008299760735589537,0.09713481989636578,0.01841516248686011,0.004294278363646078,4.297797747368063,7.40127210927071,8.668249825635629,9.53291673158976,10.22835641710604,10.752914717522485,11.183316940983238,11.532932040960974,11.852722892586458,12.090003259702707,12.308456875222136,12.53495458229384,12.715164559880465,12.861210331252432,12.89872532703259,12.900615944278451,13.105695172850371,13.149875855502994,13.149875855502996,13.149875855502996,43.08527131782946,118.6076923076923,211.34108527131784,291.94615384615383,371.7923076923077,450.71317829457365,523.5,588.1769230769231,645.8837209302326,686.6076923076923,721.5307692307692,730.4961240310078,706.7615384615384,691.5615384615385,595.0,466.1307692307692,430.5153846153846,324.0,194.5,64.5,1297.0,363.0,2.0538320722132437,0.2654234847780327,1.0106132454499428,1.2055732046792578,1.4733467767933173,1.6784261472851316,1.81491248666376,2.115072597962169,2.3356306792494923,2.6960284343228302,3.283023139967061,7.368595768948795,1.0072602388273786,0.765868959224317
35945,45.566936296820565,3.151843036329156,1.0,0.6172701929342663,1.2391254213614693,1.1315264243470071,0.714200876419021,1.5134334929022621,1.7369472980813274,1.1509528193124408,3.7880342103411366,1.5350479323394526,1.6115253527596876,2.502940649923735,2.018783055432622,0.3931604953002426,13.497113166278734,1.7841236510209137,0.5504900767855901,8.918206997253483,0.8607150160214742,0.5545406524953609,0.8527237553497689,0.7606671815182614,0.7764491346969622,0.5634365562470329,56863.0,76415.0,9.902439024390244,82.0,0.002276176024279211,0.4466793168880455,0.6872865275142315,0.5469743339633435,1289.0,44.431852991170224,0.006749538007335472,-0.0009741146525275058,-6.928894858344087,0.016096809586524253,2.07993620332393,1.2120094005467215,0.005800571991771666,34.050354278098304,38.901457709723026,40.30620458589173,41.26326504938452,41.95381730168354,42.505192683182116,43.01914379760608,43.40679005695157,43.75886702845853,44.04031199623441,44.26639630364346,44.47458384685207,44.66656482801034,44.779087144813396,44.8677805866448,45.07636289753334,45.26435046562602,45.51142340711578,45.566936296820536,45.56693629682055,68.38403041825094,205.02272727272728,359.68821292775664,521.3409090909091,670.8859315589353,787.4090909090909,908.9429657794677,1020.969696969697,1134.0950570342206,1201.9924242424242,1240.4848484848485,1264.4334600760455,1258.7045454545455,1141.7528517110266,962.6136363636364,870.8821292775665,753.6515151515151,626.4828897338404,395.5,131.5,2636.0,761.0,2.157052620982862,0.6126572472685857,1.1779480963445643,1.397502128878525,1.5530982980237928,1.7555502288504323,1.9419401321088727,2.1412145292218474,2.3865776225081192,2.745191955496295,3.520089471418073,6.0529907106701994,0.9430815107574289,0.295877803114709
35946,23.949059710012296,2.882757098804722,1.0000000000000002,0.6722236194738457,1.0384917475898006,1.0318120901183017,0.7082156870025776,1.082868787946597,1.080623360012084,0.7581166522516366,0.6600249652881323,1.047306355838674,1.0704601241752463,0.6095151810033351,0.9609958549655899,0.6250154724731625,1.1263754583311945,0.9313671202044237,0.8825213617033135,1.0401772318759852,0.967917168142634,0.6438918121560694,0.9826607587763486,0.9380750404190923,0.9091747386749509,0.9074605988410941,79890.0,126582.0,22.486486486486488,160.0,0.0011019283746556473,0.4030124908155768,0.6574210139603233,0.5778776189677387,2409.0,22.830879893170145,0.003873831844512773,-0.00043045099883087925,-8.999472309355172,0.003869636776489268,0.20110106026594332,0.017841598506922966,0.0016087713587377716,12.36757799979623,16.573663499892405,18.147194926967863,19.27457553792155,20.0690201554777,20.667260949425412,21.158525291002825,21.561722781195044,21.91792974692024,22.240027311381013,22.53909190203799,22.82440967812097,23.059754351382715,23.195070515278598,23.387966485795424,23.662911997983926,23.927150384120203,23.94905971001228,23.949059710012282,23.94905971001229,135.03676470588235,399.15441176470586,652.3302752293578,900.4705882352941,1172.4128440366972,1414.7169117647059,1668.7669724770642,1855.0551470588234,1997.3522935779818,2097.5404411764707,2224.5404411764707,2342.788990825688,2328.8529411764707,2090.049541284404,1925.25,1919.3174311926605,1865.6801470588234,1361.0,816.5,272.0,5445.0,1197.0,2.2908582172823864,0.15537949198240664,1.0984439464391986,1.3738655248095708,1.593200058938546,1.803310413885001,2.0480466296698316,2.323490240794303,2.6509836607032886,3.063791069557522,3.748706748894503,9.154030446322695,1.3695281831657091,0.206930330807809
35947,17.66980346384977,1.3088512976213384,1.0,0.7570769418167883,0.8712081387000924,1.0638458402195272,0.7562616220288888,1.1090587895301947,0.8411744312172792,0.5688491083834973,0.8530953980136298,0.7906920339545631,0.7521856085429753,0.7692066516825561,0.9484168083800474,0.7834345609294322,0.6293363541680995,0.8914983473398168,1.0359306066961909,0.5674508512165446,0.9371224863794626,0.7525554062751448,0.6116759325481119,0.8808818448602338,0.9950992941519352,0.5515270590905486,13898.0,21590.0,8.88888888888889,60.0,0.00904977375565611,0.44655797101449274,0.6721014492753623,0.558030875824892,393.0,15.41882475847094,0.02364672808722869,-0.0055088417634956135,-4.292504505016632,0.014819703049119955,0.14320352064081893,0.02363447802516037,0.007195166086313491,5.348029974996959,8.498774765357043,10.09720914502153,11.420547049983965,12.390954223235001,13.030787409376764,13.626488298187832,14.03249595176674,14.46624707183224,14.739413511003296,15.07140554843415,15.41316372699956,15.679867802150282,15.981813266750708,16.286302841276477,16.479125779354145,16.786895713766135,17.072296967479108,17.345766887837254,17.62075039725227,29.28181818181818,85.1,117.03603603603604,139.35454545454544,187.7117117117117,229.02727272727273,283.4144144144144,318.57272727272726,353.27927927927925,351.3363636363636,371.75454545454545,381.7027027027027,377.6090909090909,369.85585585585585,368.2090909090909,317.7027027027027,273.0090909090909,204.82882882882882,127.13636363636364,49.270270270270274,1105.0,213.0,2.5758489895907766,0.7002628909702783,1.548208639152193,1.9243120371231512,2.0988340237616883,2.3358280587170444,2.565086847652803,2.819425900123637,2.982181583123364,3.1867372509658707,3.5645933154468827,5.995166864311344,0.7304594352862787,0.812335056390148
35948,19.517575065760663,0.021608974281227496,1.0,0.6491293918566083,1.1184418715982625,1.0933655535974285,0.7221470773121056,1.3215515881577626,0.5932008958988966,0.43884409651461265,0.3226807547259872,0.5425458063381701,0.60769351604666,0.24416811089138243,0.8615473009763065,0.576487788743026,0.7249507759919185,0.787977358662539,0.7982969215755381,0.5485603305146013,0.9119393958585169,0.5931491343162292,0.9150713835343068,0.834066331116819,0.8213688775477456,0.6924219922507244,316126.0,509722.0,65.82222222222222,412.0,0.00041082524521131823,0.39626129827444534,0.6572000821692687,0.585979852958778,10468.0,18.35082012169701,0.0006711996163746692,-9.146603925138684e-05,-7.338238562292313,0.0010012307976314419,0.09003962715880535,0.004076402978493364,0.0003651370188708918,10.753205802955494,13.93554249534175,15.219345588046355,16.00183743293058,16.592053361720122,17.03401839666872,17.431049078430778,17.76103086424905,18.05210231432768,18.293799274655424,18.489808939626826,18.66821517023083,18.84583181945753,18.995219387413925,19.1859498797625,19.301014690377205,19.302740386474106,19.31894606767215,19.51378194182904,19.51757506576066,711.487930148947,2043.6404725218285,3424.4072932717,4727.186858316221,5978.298921417566,6962.133025166923,8058.892655367232,8961.781314168378,9781.463276836159,10257.401129943502,10256.674370826913,10157.599589322383,9941.73497688752,9377.120184899846,9068.707755521315,8046.337782340863,6111.0,4225.809964047252,2908.9126861838727,973.5,19473.0,5599.0,2.2747302375802776,0.36837962735008356,1.150947909820361,1.3938410823108425,1.6112663409511419,1.8091599653911767,2.028155494610666,2.2919226667902834,2.5831274675274534,3.0105853604890047,3.6903679887058805,10.639346781089625,1.2185597430750548,0.0758187110489234
35949,14.36547231327675,0.41289993834046756,1.0000000000000002,0.6307218782071543,1.1475113793619522,1.0939729222608103,0.7382776364914897,1.2716928339115112,0.5945047561240788,0.3752108442654981,0.5478186373126996,0.5434364452965363,0.5082245834353175,0.43077905505506586,0.8753973028677169,0.59792563838986,0.819865032862534,0.8002001558307459,0.8098926593948812,0.6447036666399766,0.9205577406769926,0.558399254290358,1.0533300106677101,0.841481285272183,0.7563540146550203,0.8282896487100945,29828.0,44222.0,7.111111111111111,48.0,0.0029806259314456036,0.40506958250497016,0.6660039761431411,0.5698024954172847,1091.0,14.289922666711679,0.00713460820545276,-4.043494608939906e-05,-176.4465863186413,0.0069346781187556075,0.11330521279229926,0.014002814495558992,0.0029376875880097997,5.553875187363491,8.472927963633923,9.790286064857959,10.636626803836307,11.330131801419231,11.867214583668682,12.279954446566434,12.578916725291545,12.924048862552786,13.172273917612273,13.423608005409939,13.629389537841911,13.860964229640103,14.085576435887136,14.289538050606831,14.349234305058864,14.365472313276742,14.365472313276742,14.365472313276742,14.365472313276745,68.44776119402985,200.40298507462686,323.7313432835821,434.6485148514852,557.407960199005,669.8009950248756,784.0746268656717,830.8168316831683,935.4825870646766,935.8457711442786,962.2288557213931,974.2920792079208,1015.0099502487562,1045.7014925373135,1049.358208955224,894.3613861386139,704.0,503.0,302.0,100.5,2013.0,523.0,2.122766869458452,0.34602900041612844,1.0518238007213128,1.2941797900145322,1.5078131699990878,1.7470864287426593,1.8822884591732862,2.103402178451158,2.337524449954423,2.7727270951901537,3.536572315680975,7.685696043719704,1.158117398790171,0.836845483463258
35950,49.698368667658215,0.23043812998766558,1.0,0.6919737471543651,1.0662265732586218,1.039488635117909,0.7126776096053136,1.0511902801149158,1.1056615090718127,0.9233398707788707,0.663350398226284,1.0636590643883257,1.2955926471300587,0.6310469291570759,1.058557525064146,0.6600323457031783,1.9145107162205852,1.0183444910333954,0.9261303242972785,1.8212789372551006,0.920072096211348,0.6800762326120051,0.8066062456870395,0.8851199187059746,0.9542550845516764,0.7673265829654186,28576.0,39088.0,4.173913043478261,38.0,0.005502063273727648,0.440467997247075,0.6820371644872677,0.5511571346377927,439.0,48.20179181258972,0.0639438081882336,-0.003400551714812033,-18.803951108788866,0.03404537545607057,0.3325338207910766,0.04581729147762814,0.015422019293348372,12.852675587531055,21.240653870397068,23.842415654064716,25.374573057434038,26.893040179639698,33.63240240352098,41.0664909654615,43.14647350667715,44.510682597467685,45.365194191749744,46.12898817662327,46.77153490852928,47.27714082101741,47.69581178918451,48.07378002027656,48.35540009449243,48.62124783302351,48.997252091163745,49.318929055122524,49.42157803277574,14.758620689655173,59.55172413793103,100.9931506849315,99.68275862068965,59.66206896551724,18.828767123287673,67.36551724137931,117.73103448275862,177.44520547945206,220.2896551724138,268.4758620689655,327.36301369863014,371.66896551724136,407.88275862068963,426.63698630136986,386.0,323.4689655172414,277.1027397260274,209.13103448275862,66.65068493150685,1454.0,266.0,2.3850726390865034,0.3447646425817406,1.3540170500458122,1.6457913612687545,1.8126588797660554,2.0189424551382316,2.267456577002662,2.4825555974521136,2.753342354787355,3.0546742986124995,3.605659266573183,5.805296927411449,0.9358222459504596,0.546464085115586
35951,11.343132134029188,0.8114335387720014,1.0,0.7340040382517464,0.9049280034629987,1.062540643836078,0.6921997480391497,1.1813890408172076,0.4654614988357364,0.31746489432431996,0.2100433836194457,0.4380646533720218,0.4586319125709428,0.1777935771895695,0.8078667023413387,0.6752894518053936,0.4091161996164208,0.7603160472287507,0.975570207470229,0.3463009944069068,1.1278442451127086,0.8842706560283928,0.7668075353359299,1.0614598619407778,1.2774790203743036,0.649072836163693,7757.0,12391.0,6.8,54.0,0.008450704225352112,0.45557122708039494,0.7023977433004231,0.5561480374375611,304.0,9.31138123879812,0.024756484026506563,-0.006640286691469496,-3.7282251771313133,0.014854299852266838,0.05320632967125578,0.013847163148278989,0.009854462315879374,2.0760684419561026,3.939638662948066,4.910692888724038,5.55844399086674,6.130445270458626,6.82527121738657,7.4732371625461615,8.006148474155674,8.46517577320204,8.850083744773533,9.167891059130547,9.443940762607136,9.666365294637528,9.83391426512442,10.153512872054756,10.38092118226771,10.469041552625379,10.734494756760112,11.032363546117596,11.202805097032336,23.957142857142856,61.50704225352113,100.3943661971831,133.59154929577466,165.80281690140845,178.57746478873239,206.53521126760563,239.22535211267606,256.5633802816901,276.71830985915494,294.90140845070425,290.2112676056338,274.59154929577466,250.09859154929578,235.46478873239437,209.56338028169014,154.05633802816902,130.71830985915494,91.15492957746478,35.0,710.0,152.0,2.355406415801512,0.36986263416254994,1.0563468333638992,1.4243884874101558,1.707778006585752,1.9485164109630957,2.2813751281371526,2.537635059409277,2.8386617914330534,3.211695075684943,3.8643688859982173,5.676188866647916,1.1992425364292478,0.666912889189552
35952,21.813142022585353,4.438644928115067,1.0,0.6507649493424723,1.0793112512881657,1.0431642012016247,0.6636050894018861,1.2351167756326604,1.1160109597092582,0.9220949441969359,0.6476658652463717,1.0698324946578124,1.3895236171682006,0.5243762193373332,1.2586425982610243,0.8469662073412031,1.741701297422684,1.2065623003657424,1.276310596268305,1.410151114278678,0.9299286027743954,0.6204620961752267,0.8422618648661236,0.891449880760102,0.9349869464299247,0.6819289329421456,15289.0,28923.0,11.642857142857142,72.0,0.004067402672864613,0.3941860465116279,0.6412790697674419,0.5972643836612702,843.0,21.24218151824912,0.009934141162012664,-0.0006390456337258024,-15.545276640251863,0.010101451799110633,0.7818770439464297,0.05376961520698518,0.004545221537192087,11.664068155185776,15.488909379697697,16.87767606913993,17.693610356561067,18.15899780919621,18.77698142804452,19.278881908525783,19.68768972580434,20.036071109107382,20.355555574633303,20.620253008296423,20.874605004612405,21.155875693031128,21.27422914053213,21.437393638273353,21.674322239165498,21.813142022585343,21.813142022585343,21.813142022585343,21.813142022585346,55.27906976744186,164.6860465116279,274.8953488372093,355.4651162790698,338.75581395348837,449.8953488372093,559.0,637.7558139534884,675.0116279069767,738.6046511627907,759.046511627907,783.9186046511628,819.3023255813954,739.5581395348837,695.2093023255813,681.2441860465116,602.5,430.5,258.5,86.0,1721.0,432.0,2.3869464698039535,0.48920644952023795,1.25712582181865,1.48312772301063,1.643123044296143,1.8753288549223983,2.134325313912732,2.3676412528593795,2.665640136630041,3.0853199343281927,3.985456980498457,7.555782708122821,1.3229922299228154,0.786749446785543
35953,26.106104417995212,1.5149515929317754,1.0,0.6862521240851336,1.012775301581654,1.0255712761343696,0.6836077942978038,1.1149415222772303,0.908859337239949,0.6862283297411218,0.6873740130914924,0.8861981203936049,1.003833390235127,0.6165112692973836,0.9753379083339413,0.7258037620967941,0.840964135149197,0.9510191354132204,1.0617254047583433,0.7542674825057697,0.9761138103522563,0.6770498260078468,0.9321799659430093,0.9517756913312445,0.990406826334253,0.8360796932551793,35063.0,61501.0,19.93548387096774,136.0,0.00186219739292365,0.38062713443030116,0.6457621856566284,0.6013700004664172,1198.0,26.105321414087086,0.012732804616935134,-3.265237324232328e-09,-3899503.57434698,0.00763463297890824,0.11863847713761451,0.014020237282211996,0.003430838390999028,9.59094887181148,13.054318232434127,14.789836702242633,16.282352431845613,19.0202249691661,20.465966825028573,21.386385143143634,22.101620196269582,22.702496400393294,23.15943555942031,23.768113651694552,24.309336435401953,24.754168727991168,25.08882429519946,25.453405416635185,25.785431229761336,26.089716838304632,26.1061044179952,26.1061044179952,26.1061044179952,90.03416149068323,185.6552795031056,225.45652173913044,124.55590062111801,267.09627329192546,432.69875776397515,524.6594427244582,623.9347826086956,697.4130434782609,680.8105590062112,774.2453416149068,869.6366459627329,966.6925465838509,1011.4427244582043,1065.4378881987577,1104.6987577639752,1108.3012422360248,805.5,483.5,161.0,3222.0,711.0,2.568120811558863,0.5746128297374774,1.3773001711227018,1.6717396605248265,1.9514332063381634,2.191592858667215,2.38785941186388,2.647658733250162,2.9827753853402443,3.37589718846827,3.9997239963034006,6.886968231237922,1.1322910777301056,0.275790004332084
35954,18.26354575378368,7.467265699200482,1.0,0.5853451458138689,1.2857815042697005,1.2002932041190033,0.7300781662928113,1.65853832310897,1.522270445031444,1.7162189376956254,0.6291305796745831,1.2682488243768464,2.350733136439673,0.3793283344187445,0.6351520556249519,0.4280582710780001,0.601654531955862,0.5291640854462254,0.5863184119744234,0.36276191124004065,0.814574500890357,0.5001890060985728,0.8522637473143261,0.6786462658415551,0.6851170589560718,0.5138643680640054,32911.0,50059.0,9.411764705882353,56.0,0.003017241379310345,0.4346701164294955,0.6826218197498922,0.541152769769113,1311.0,17.71347950216127,0.005324849973142424,-0.00031261812199503963,-17.03308157300911,0.004655575702709444,1.4737833218653986,0.02644648085596078,0.0028942183804455688,10.065290605940351,12.74220663506665,13.896129543892718,14.675912773168768,15.279065348224961,15.810972717965111,16.2559617736979,16.55766546482515,16.870194822137286,17.154979669193157,17.43603108577744,17.638644830750422,17.820147118873773,17.960591509063935,18.09458535145033,18.23696135454221,18.263545753783667,18.26354575378367,18.263545753783685,18.263545753783685,82.6103896103896,237.5948275862069,389.2068965517241,541.2241379310345,674.3879310344828,808.1551724137931,944.301724137931,1010.7672413793103,1076.0258620689656,1162.8103448275863,1264.3620689655172,1297.0086206896551,1285.5344827586207,1236.094827586207,1133.8189655172414,1020.6465517241379,811.5,579.5,347.5,115.5,2320.0,766.0,1.9545889375973968,0.20004227993710386,1.048773540884086,1.2458047767182046,1.399089800184316,1.593282968751943,1.7599903221501458,1.9507769379243847,2.1989919438410475,2.5077741033649628,2.9656291917788673,6.154068856040444,0.8727451361747266,0.780772574197035
35955,27.061959853993557,0.23405150283484172,1.0,0.6581884468981232,1.05009311652892,1.0585732867109816,0.7095587780841572,1.1483740501795132,0.8402061961941737,0.5813469563766323,0.9119721943969942,0.7937156612035045,0.8193076801139674,0.7941421127153083,0.8900806470429097,0.5675574158399851,0.8792243020687637,0.8408304443506377,0.799873715004157,0.7656253656474769,0.9461408757049331,0.6230598261445174,0.9503503526596894,0.8937887320438821,0.8780947335001743,0.8275616751450724,586961.0,850705.0,57.26923076923077,296.0,0.00038320049049662784,0.4198505460816248,0.6697834834259436,0.5574471355176751,10256.0,25.447745508139953,0.0009261796622164552,-0.00015414777522478157,-6.008388125393833,0.001028086160228347,0.10438745080619133,0.00442577734913277,0.00037621508235551255,14.715252990891443,18.852995899413802,20.52660394786922,21.642389462530204,22.48361083162062,23.14447993667675,23.69459756885616,24.17494408365892,24.5843950061232,24.945820454438316,25.27575746606766,25.561823046746955,25.80807172680521,26.059176679348226,26.28756758369955,26.476873772505996,26.641306887162273,26.940671656391142,27.040184957800992,27.061959853993553,586.7627443464929,1702.5084291187738,2745.377155998467,3812.467816091954,4896.918359524722,5967.678544061303,6943.378689152933,7913.795785440613,8748.449980835569,9397.915325670498,9936.346743295018,10096.05327711767,10007.014176245211,9884.863932541204,9329.319923371648,8205.410885396705,6820.873946360153,5942.89152932158,3855.7727969348657,1304.5,26096.0,5754.0,2.2214887946624233,0.1738875698471395,1.15818560124403,1.4304244145324367,1.6321455652816457,1.8252336771889421,2.0156405547955774,2.2320387451007675,2.5025176413503427,2.893001626007521,3.543038186204269,8.096135250500662,1.043796683473191,0.028172289323993
35956,22.43763558077404,1.5809722655862546,1.0,0.7518305461104503,0.8458946164644202,0.9722559366761775,0.6712704673406279,0.8811888011128242,0.885520190608685,0.5496585851928237,0.8361340996670454,0.910789183387233,0.8188332601170525,0.9488705469374092,1.094296452890507,0.8592359345489935,0.834801704404701,1.1255230352529868,1.280014504366665,0.9473585040464173,1.0172611694967104,0.8186192483483238,0.7954077185308017,1.0462894914011953,1.2195073195927233,0.9026530041306785,11916.0,18672.0,6.125,56.0,0.007070707070707071,0.4408493427704752,0.6875631951466128,0.5479112323117387,280.0,19.30747032476545,0.04769393635035839,-0.013181325798081768,-3.618295843753374,0.021088638336893614,0.1365328939623439,0.0326168799552205,0.010497969181596312,4.8383722117919765,9.622473023917667,12.24205626897014,13.821023452808548,14.973955551721568,16.01218947100798,16.876482272889028,17.517044354233406,18.110226703800283,18.639138406220916,19.05917024693506,19.437303317660035,19.745854659851204,20.081673972778553,20.465712362852578,20.710328333142826,21.136497730867234,21.48038606568187,22.181394400895815,22.43763558077403,18.29591836734694,43.90909090909091,66.82828282828282,95.60606060606061,120.94949494949495,136.57575757575756,156.78787878787878,186.1919191919192,219.45454545454547,255.72727272727272,266.74747474747477,264.2121212121212,255.25252525252526,247.3838383838384,249.25252525252526,211.44444444444446,190.02020202020202,146.010101010101,122.94949494949495,49.0,990.0,135.0,2.627412668913493,0.45974198102268804,1.210517815794477,1.577031049608844,1.8817702600118644,2.0897675460749388,2.409832865227793,2.8791515120800915,3.145861313837532,3.609709559069409,4.280534737030679,5.900573265078514,1.4770030066868227,0.388678633933887
35957,24.78041910762175,1.372512002032497,1.0000000000000002,0.5910291381386111,1.3206752578288137,1.2006080406808228,0.7817650417153227,1.6134147830221373,0.9518746122660268,0.6297132028157243,0.8215668170519477,0.7928271176047197,0.8055018697613143,0.509209922765828,0.8160311947708326,0.43738405785030493,1.1640864231144608,0.6796816005897227,0.5594827531435934,0.7215047459364259,0.7985019378887653,0.4634711754573085,0.939296370171728,0.6650812845097746,0.5928522647167435,0.5821791023956672,684851.0,920863.0,45.8,342.0,0.00040652059026789706,0.441621270021953,0.6878608016911945,0.5351458109828118,13481.0,23.827492388603467,0.0004947556899013479,-6.610165996385956e-05,-7.484769522760105,0.0009516183065935951,0.22264298098886484,0.009106217807905099,0.0003488127036960921,15.984445125029854,19.342815818659567,20.569887279129443,21.350789325169053,21.965088292364715,22.44276650849184,22.811675351252607,23.142533571986156,23.418878293338366,23.611269889847602,23.812202403074167,23.98088794400925,24.173944705385605,24.288258189516327,24.460059494787135,24.63774214309696,24.72160578880553,24.754111487862943,24.780419107621736,24.780419107621743,861.5912972753151,2570.560162601626,4258.141463414634,5926.1560975609755,7590.317073170731,9265.376422764228,10628.2545750305,11885.453658536586,12983.685365853658,13178.617073170732,13200.125203252033,12779.447967479675,12629.315447154471,11555.628710858073,10894.80975609756,10029.009756097561,8295.5,6009.552845528456,3689.5,1229.5,24599.0,8660.0,1.8368125633015457,0.2720995277935297,0.8918651515976272,1.0752725785244295,1.2441918888809005,1.413701928990726,1.5865738577227377,1.7868503275244616,2.030344247208581,2.3694643074290545,2.9921694568208417,10.603253521564348,1.1259818584634502,0.0675449181674048
35958,28.626407527710334,0.010748634952142802,1.0,0.6047464444234625,1.158882592306227,1.0758979829688893,0.7276406893619932,1.2109983017369432,1.2327081540867069,0.4234860110710447,3.320600732461662,1.145748178358981,0.5819988041657812,2.742035829198853,1.1142000746340148,0.7830856610292909,1.1855688576730241,1.0356001147612832,1.0761982836829984,0.9790012553878519,0.9157425828441824,0.5149111301857873,1.0766331680983716,0.8511425779582135,0.7076447726380852,0.8890459768227166,27380.0,36234.0,2.68,38.0,0.007363770250368188,0.4067796610169492,0.6624907885040531,0.5587360097791136,796.0,28.18284995294254,0.011487361974244522,-0.00046002875678894506,-24.97096497711939,0.021087442072776855,1.2941050918305894,0.21815440916201317,0.0073035398108556426,16.635169771053466,22.13837609960176,23.81418162951602,24.680319610033415,25.416405139437714,26.006876894601813,26.468502999899215,26.872732942524536,27.239393239260647,27.571879873076394,27.87784138515661,28.104814930194834,28.27625719311191,28.34608133168923,28.468659174134842,28.615079865653428,28.626407527710324,28.62640752771032,28.626407527710334,28.626407527710334,24.91111111111111,98.08823529411765,178.85294117647058,256.38235294117646,334.6666666666667,402.25,468.0147058823529,537.7941176470588,605.237037037037,677.8823529411765,738.1764705882352,778.6176470588235,765.925925925926,702.0147058823529,651.8823529411765,603.5441176470588,475.0,339.5,203.5,67.5,1358.0,357.0,1.977389902478249,0.21499203364299743,0.7558844609885486,1.0330477713446242,1.2475721348009836,1.4165921426392396,1.6227241305717806,1.9412865930626957,2.251674909912416,2.8900686303840173,3.733595490697485,7.240747562751012,1.4555386627910643,0.914214270396624
35959,19.671604274878362,0.6767724455420893,1.0,0.6459836601713194,1.0725416111590584,1.0429072887277822,0.628845901343451,1.2551518150400345,0.8450127150498705,0.6304628690142846,0.7122577363320466,0.8102472043135124,1.002571325768967,0.5674673993992737,1.3266361916266642,0.9644808897442075,1.4702458225337418,1.2720557291770358,1.5337316943367432,1.1713689172228514,0.8850155016975514,0.6269213611730164,0.7341588027074587,0.8486041964258978,0.9969395679190673,0.5849163375380546,4409.0,7091.0,3.2142857142857144,20.0,0.01627906976744186,0.4801864801864802,0.7156177156177156,0.5261138529235057,132.0,18.326343946402186,0.10451145404916332,-0.009314235056678995,-11.220615908143833,0.044276997271180125,0.19666996626221797,0.08674320496214022,0.02021224350760004,3.0260437679472623,7.610229283777401,10.182891645062442,12.301685847006496,13.537731990589322,14.445189928838172,15.24240718171602,15.949224336992264,16.360318422956055,16.824383894827626,17.20214726148793,17.576427554725576,18.035612771743917,18.383167744231375,18.694453042588567,18.982775115635796,19.19006503780843,19.463818320246748,19.52972218328553,19.671604274878366,11.261904761904763,24.58139534883721,28.046511627906977,40.348837209302324,50.04651162790697,61.46511627906977,74.97674418604652,93.27906976744185,107.30232558139535,105.83720930232558,109.53488372093024,113.32558139534883,123.86046511627907,113.88372093023256,121.90697674418605,120.25581395348837,109.20930232558139,93.93023255813954,57.348837209302324,21.0,430.0,96.0,2.557653731720695,0.5448340180820779,1.2688684536212773,1.5376282999157178,1.8930049389109254,2.121572686481732,2.298096272665208,2.5252124637825224,2.816315046223772,3.3933845915711562,4.178350319398172,8.797048369956835,1.716481647413035,0.838337398546282
35960,14.183814685550932,2.2537360963575446,1.0,0.669534157463,1.0400645853963326,1.1700125120401552,0.7782759006102828,1.4186473119601226,0.5596329446903657,0.41096062004797407,0.2766672031510876,0.47831364103494217,0.5280397603545484,0.19502183581401983,0.7825273548417709,0.6112824596012604,0.48404347240473383,0.6688196466183726,0.78543156626323,0.3412007116384259,0.8530140211594976,0.6012041502174623,0.6426169567984329,0.7290640163087606,0.7724820333586454,0.45297865888212846,14455.0,21109.0,5.333333333333333,34.0,0.006085192697768763,0.41421319796954315,0.6680203045685279,0.5675512632149636,488.0,12.649939404923082,0.015008419104328553,-0.0033087996772353063,-4.535910471578913,0.012111754912886685,0.1461524640485064,0.024699669901556292,0.006188290220402574,4.8455280704884816,7.79624717231137,9.094901347209966,9.926542785429291,10.548997843324114,11.031297049479416,11.468599265450608,11.858147346616603,12.244787947259745,12.56929525316038,12.802583290931198,12.994074964577925,13.142562471641925,13.37026613053891,13.57256898083937,13.767274783318827,13.98409168454386,14.183603772354534,14.183814685550928,14.183814685550932,30.622448979591837,87.5050505050505,139.64285714285714,185.91919191919192,245.98979591836735,296.19191919191917,336.1938775510204,388.020202020202,435.3775510204082,476.8989898989899,478.92929292929296,469.8061224489796,429.80808080808083,420.4795918367347,389.979797979798,342.5816326530612,291.64646464646466,246.4795918367347,148.0,49.0,986.0,277.0,2.1591610028240287,0.41294452964384565,1.247289945449882,1.5300507483050274,1.7073842944735194,1.8550598811819945,2.0049959736362823,2.2262882704933555,2.406169200421901,2.6189204551567733,3.1140391437883146,8.350578019471392,0.8418664978932376,0.714187322785147
35961,17.90220866845701,1.9021608878094933,1.0,0.6611014579966379,1.07879856269489,1.0414420231944632,0.6840519451581352,1.1973542227672298,0.8159623376238349,0.5018182125994809,0.7273253968370464,0.7834928104024417,0.7335966459147681,0.6074437981737015,0.9080952817632995,0.5945192680978186,0.9401517695602176,0.871959515305381,0.8691142131909019,0.7851910083779666,0.9663878972279943,0.6452381786477802,0.9608327426200635,0.9279324971578813,0.9432590364151626,0.8024632346470231,75938.0,127968.0,26.944444444444443,152.0,0.0009818360333824251,0.397708674304419,0.6602291325695581,0.5867429827376283,3544.0,17.62656163831839,0.0022117314336451903,-3.3789393169663965e-05,-65.45638220075753,0.0026186657578801172,0.09892478292679503,0.00870382348538624,0.0011073331107547644,8.749092158704356,12.018050472822853,13.429329490670517,14.337665358235547,14.992684177571737,15.493347261413987,15.878796619076372,16.240784131200794,16.55705141142121,16.822250282319406,17.070818913320952,17.317636552877868,17.55422651754445,17.73636999742489,17.893794189386444,17.902208668457003,17.902208668457003,17.902208668457003,17.902208668457007,17.90220866845701,193.16366612111293,587.3747954173487,947.6546644844517,1308.163666121113,1690.139116202946,1999.6137479541735,2287.114566284779,2544.533551554828,2796.607201309329,2973.5122749590832,3137.137479541735,3317.2569558101472,3478.3977086743043,3456.4746317512277,3333.7495908346973,2750.0,2139.0,1528.0,917.0,305.5,6111.0,1510.0,2.4028924093767117,0.2818379127982751,1.1245581875322874,1.4114614239978511,1.6581175210525008,1.915272972081551,2.150918083832793,2.4369828877596182,2.759957396692417,3.3127391867263434,4.012767006227384,9.881292645376886,1.4430703021180105,0.201587360391859
35962,20.008319825165465,0.1153266442384944,1.0,0.7555720814282996,0.9045341171426398,1.0438132717816102,0.6897378399057199,1.236640826389032,0.7211469192244864,0.5414523197519241,0.44202982858911133,0.6908773232913702,0.7850117659572441,0.35744398790377163,0.9779181716572133,0.7283822699409818,0.6961912219343213,0.9368707968122255,1.0560277076295308,0.5629696247108278,0.9747727588264784,0.8281820436728986,0.5310353151567277,0.933857410303577,1.2007200355806238,0.4294175833635874,23355.0,31887.0,6.277777777777778,60.0,0.006230529595015576,0.44583008573655497,0.6742010911925176,0.5462005658771498,351.0,17.18967220370887,0.0339527336934237,-0.008099446092945342,-4.191982180484749,0.015505060936030376,0.06850591230287795,0.021733205012897067,0.0075627138768809615,3.3575496282103274,7.820924776184617,10.623962921366688,12.043745005427866,13.066113931523178,13.860288244757545,14.526345267280968,15.034291340040145,15.478562184297909,15.945009872223636,16.36491363370187,16.778608246809508,17.19667552973142,17.5494770118665,17.956794533983192,18.274135070054776,18.629968605327278,19.062713217831924,19.33341418773027,19.9127627730812,29.546875,54.15625,89.75193798449612,139.6875,183.515625,221.5581395348837,253.71875,287.109375,302.04651162790697,306.9375,332.78125,334.2403100775194,338.578125,337.171875,323.1937984496124,297.0,256.625,229.2325581395349,142.328125,56.992248062015506,1284.0,223.0,2.5452010437779995,0.29791993528419425,1.3142518272974917,1.7593922489445488,2.133635523722982,2.3274935240591454,2.5351678297750446,2.6940673266305657,2.9023210349989426,3.28529856766255,3.66389366722464,6.977283459539176,0.9818963898151905,0.478757565226406
35963,25.060730836030082,0.09546925021049263,1.0,0.8162246780918384,0.7340870996675685,0.9722530873234748,0.6904892539304629,0.8757881334987833,0.8444214427678218,0.6220521595710921,0.6217537306100871,0.8685201968269785,0.9008860833534957,0.7099362355209976,1.0096316027407848,0.9852458328215297,0.5869120890222469,1.0384452524807195,1.4268807620295723,0.6701530502331958,1.0455416650365017,0.9597509090662674,0.5877117650452213,1.075380143985743,1.3899577779133996,0.6710661432432365,22037.0,31463.0,7.555555555555555,80.0,0.006269592476489028,0.44862745098039214,0.6768627450980392,0.5524438723047993,314.0,22.195275811566372,0.043603425354582566,-0.0088245725889363,-4.941137365593188,0.019580597322211443,0.15458558947568135,0.025559036608424367,0.009207951747051838,6.158679379445672,11.333378454963915,13.506636148511259,15.002814733985414,16.306087168606524,17.316958857426407,18.16672552158553,18.942766418800428,19.61233804511731,20.174416366268893,20.648984638806933,21.08896090603602,21.55609210321722,22.05581955644984,22.484217904013555,22.93803216899212,23.291084484437587,23.64992555988546,24.16005836125518,24.87540381122539,18.30708661417323,52.828125,85.55905511811024,110.953125,125.86614173228347,153.90625,189.748031496063,215.96875,253.8503937007874,267.515625,279.84375,294.92913385826773,303.765625,303.503937007874,301.34375,294.7716535433071,251.875,199.36220472440945,133.15625,56.765625,1276.0,172.0,2.676257102801917,0.4707158507412574,1.2790470629464166,1.6240350671427457,2.1126945047632915,2.4085128043974104,2.642085116373917,2.8709364120665315,3.21606373065908,3.51026897241923,4.036052561272389,5.681969264128368,1.1812905326423409,0.491299140921328
35964,21.036296981776992,1.2337457497414948,1.0,0.7266897440667619,1.0609051260169384,0.9604239335144162,0.6456942795270618,1.0491875818677867,0.7747820064637987,0.44491383943371593,0.89464390718522,0.8067083497478971,0.689047206302637,0.8527015784847123,1.0279929495523166,0.728147915374866,1.2285823446604431,1.0703533238604848,1.127697640295338,1.1709844511057728,1.0600312945530195,0.7825571657764044,1.0204219206626763,1.1037118688557839,1.2119623645258057,0.9725829187246945,8463.0,13645.0,4.4,24.0,0.013784461152882205,0.4592220828105395,0.6963613550815558,0.52528148842533,215.0,18.57367886660007,0.05765812704165375,-0.013422174903938352,-4.295736529609343,0.024846362900922833,0.204035694445587,0.03534976876511209,0.012379962070701696,5.8758623573237205,9.266488850769454,10.989814970473939,12.639725281693945,13.843624000271872,14.79919342298125,15.656517166693817,16.2675583946338,16.86400122721185,17.408334944350276,17.885882799201234,18.289800458623887,18.668227468908984,19.034579068776793,19.473995708857238,19.796135173711257,20.20863534743211,20.6817136264481,21.035442438145758,21.036296981776985,20.645569620253166,47.8,58.275,70.375,90.9367088607595,126.025,146.9,158.875,172.72151898734177,188.175,197.25,203.975,197.74683544303798,189.225,190.975,164.55,149.0759493670886,140.825,119.25,39.5,798.0,134.0,2.3662932801152325,0.17084271646827293,1.15546338358839,1.397911575333508,1.7405509780275823,2.0094753830509373,2.289624164300961,2.5216711777552354,2.8449421078872006,3.1812509486925418,3.6102484389125893,6.5640683641325595,1.2483709486854386,0.55065955104772
35965,28.168543653798494,0.09284227967812528,0.9999999999999997,0.7805318615168748,0.7429858889205552,0.8952401122500222,0.6687856498353199,0.6897720772896616,0.6533922975073392,0.42026605213405105,0.38680698857428464,0.7298514538911323,0.6284017192018644,0.5607750752888908,1.1840793399537843,0.9921728064845341,0.8940543129403322,1.3226388359406926,1.4835438032033796,1.2961590391616922,1.1539329457620136,1.1393247508689721,0.7357481858449791,1.2889647480850854,1.7035723645528529,1.0666540587377393,37162.0,48334.0,5.545454545454546,82.0,0.005044136191677175,0.45488958990536277,0.6883280757097792,0.529920110510113,288.0,23.988529227719766,0.06974126025384546,-0.013611201441150477,-5.123813687967183,0.01771337626127468,0.050417109845653,0.017860557290773998,0.010736892191774698,4.34909672317698,8.156133195446591,10.81007618004032,12.92918697441699,14.509168036263292,15.871302469894058,17.15367627663743,18.273017948543515,19.335493176544155,20.24906053505302,21.112327910292418,21.887870426026264,22.5820387379021,23.18916789254786,23.757358352349947,24.298533455291643,24.891098012594263,25.59089283861427,26.19112199718651,27.340261218567527,25.829113924050635,52.496855345911946,72.61392405063292,103.86163522012579,128.3987341772152,137.79245283018867,153.84177215189874,159.71069182389937,182.5632911392405,210.45911949685535,236.8427672955975,248.70253164556962,259.0503144654088,269.5126582278481,279.1446540880503,264.4873417721519,231.9056603773585,204.13291139240508,130.35220125786162,51.42767295597484,1586.0,160.0,2.218295775086537,0.2040303105502985,0.6650927564984861,1.0205513205765724,1.3756750838119798,1.8630432719457106,2.0712821984518803,2.255029370861203,2.4752005629461635,3.171410330517573,4.138655290289755,6.721369842463023,1.850010035610365,0.256592669270467
35966,43.33443569962134,0.28239070843127984,1.0,0.6993658201914381,1.0051301658834382,0.952987032827487,0.6055818785169841,0.9430943408463824,1.067278087806345,0.8375583615036705,0.9027258687269848,1.119929286592452,1.383063779178426,0.9571957222400795,1.1158808698984823,0.7027838514381018,1.1419201509707615,1.1709297518851791,1.1605100422739807,1.2108228217613333,1.0431585883742756,0.7562946412500877,1.0628124080570183,1.0946199186774368,1.248872643121663,1.1269417724457922,27802.0,35390.0,4.186046511627907,44.0,0.007142857142857143,0.4226988382484361,0.6720285969615728,0.5621786114599981,350.0,42.39460705061329,0.05005229060355091,-0.0021766604350659936,-22.994992602984208,0.038473677382654205,0.5402510809553298,0.2786872936876089,0.013640228437480768,14.721089980846532,30.35547467786349,34.34063348442982,36.00102581593501,37.17095408000661,38.050799930924654,38.79826979797547,39.49983673857097,40.08922427609135,40.58490588592604,41.052075086151376,41.44961862796169,41.78627887676197,42.08866254362799,42.438175289817586,42.774152553094765,42.99870762302352,43.31300360517842,43.334435699621324,43.33443569962133,6.873873873873874,25.678571428571427,66.69642857142857,108.17857142857143,147.33928571428572,172.69642857142858,208.125,239.03571428571428,268.73214285714283,294.89285714285717,312.26785714285717,323.64285714285717,327.51785714285717,336.89285714285717,335.9107142857143,326.4642857142857,285.0357142857143,273.0357142857143,167.5,55.5,1120.0,190.0,2.5340465576866706,0.32121610948764584,1.1582473263902593,1.4781751194397885,1.7828561610872249,2.1728637809140112,2.3986235777683302,2.7750758183850017,3.063558716733543,3.588713155982236,3.945580052257909,6.049091900768766,1.2653999205673534,0.358323146803305
35967,25.021562044383366,1.6689743158738573,0.9999999999999999,0.6449840777366825,1.1305130811818547,1.0816656201723982,0.7003742508298296,1.343916201376159,1.0941725603662007,0.982367873215161,0.5096154524129726,1.0115626677603093,1.4026327667689307,0.37920180729358766,0.9787530331119505,0.6326781094200468,0.8826952147679864,0.9048573004991641,0.9033429036981672,0.6568082249950659,0.9108723840464307,0.593331023743848,0.9076467063157999,0.8421016320193794,0.8471628176519157,0.6753744804820251,60234.0,86314.0,10.195121951219512,66.0,0.0026817640047675805,0.4369597615499255,0.6861400894187779,0.5385183806243532,1412.0,23.532654422184628,0.006959421526687718,-0.0010398220333712345,-6.692896768232919,0.006960532854995383,0.4837869608298465,0.026100443732503083,0.0027627317403382777,12.895934898017424,16.97745250847982,18.74078539176027,19.919847362497332,20.823200594268222,21.506423121464962,22.034680821811342,22.482092524340032,22.865709140068798,23.172202141949324,23.466610869837957,23.71798441483819,23.92541700492697,24.155075393619555,24.41657408460564,24.670990492328272,24.810367358743488,25.01092332753478,25.02156204438335,25.02156204438335,86.33134328358209,238.96428571428572,363.87462686567164,485.0059523809524,634.4925373134329,794.3571428571429,926.9731343283582,1053.8392857142858,1190.5044776119403,1259.2142857142858,1360.529761904762,1353.7134328358209,1258.0595238095239,1192.307462686567,1197.529761904762,1159.5223880597016,998.4404761904761,828.1402985074627,503.5,167.5,3356.0,860.0,2.2101884424157276,0.20079226061330505,1.0924409826611168,1.3527854626423321,1.5550954723306327,1.7496379037970493,1.9368723601834357,2.1612922691733116,2.4191942818394447,2.8681783520342656,3.641882382467928,7.021278644021917,1.2749033557752258,0.344449402212631
35968,16.257804511650235,3.978215696030129,1.0,0.648423629034644,1.1640909785543636,1.0808150002491885,0.7041603713442416,1.3992149266603062,1.3355612513107418,0.8843064485611359,1.248481268909717,1.2356982934200764,1.255831035866156,0.8922726917226608,0.8651872942166358,0.6067266024277581,0.6886641767106292,0.8004952688639235,0.861631280484469,0.49217898093351264,0.9216686288954956,0.6185203971232017,0.9487724172146123,0.8527533654538466,0.8783800144027515,0.6780748254874428,13732.0,23670.0,10.148148148148149,62.0,0.004344677769732078,0.3963768115942029,0.6536231884057971,0.585419672368,702.0,14.24537958723743,0.010134424715655288,-0.00346221089889868,-2.9271540676158754,0.008898252764942105,0.27025143955958425,0.024971583396211253,0.00473762720471611,7.110492871376971,10.166963605512093,11.35519170771887,12.083340033539418,12.626655072148404,13.100034946057734,13.534840955055722,13.882626499979544,14.158684679512653,14.260774154048764,14.41145750520503,14.66777115889739,14.902795078920587,15.119805318911391,15.241555174741586,15.408496609563892,15.59538027023586,15.777102324699843,16.252304002600408,16.257804511650235,56.007246376811594,157.03623188405797,247.58695652173913,339.9782608695652,421.3840579710145,483.32608695652175,561.5289855072464,623.2536231884058,674.9782608695652,609.5869565217391,551.5869565217391,559.4420289855072,569.8768115942029,546.1811594202899,481.22463768115944,413.34057971014494,339.65942028985506,241.52898550724638,206.1086956521739,69.0,1381.0,380.0,2.354108800801665,0.49413157195884627,1.213632788939522,1.4717822763032227,1.6895146392121367,1.9576316026874037,2.202762753094821,2.472684062675184,2.6797423146982515,3.0596590803497623,3.769142144091902,5.783676697868432,1.0269322436508512,0.89071556533454
35969,21.38419036848375,1.4506155395669804,1.0,0.6622298214419182,1.0495309563082555,0.9756843985235681,0.6555232938239516,0.9721680295467343,1.0913429002562878,0.7532324220932651,0.8929860182278632,1.1185408948915625,1.1490551582070163,0.9185511054546927,1.1495868155020155,0.7688664247482271,1.6998060682378762,1.1782363408102057,1.1729048105416604,1.7484694174014315,1.003501766146477,0.6542966908963104,1.04554394691779,1.0285106205090526,0.9981288187022526,1.0754765792959338,8686.0,15506.0,7.615384615384615,46.0,0.011591148577449948,0.410337552742616,0.6666666666666666,0.5711116902343938,397.0,20.13148282564988,0.025648875699214604,-0.0036606434138400667,-7.006657791972305,0.021026977667633725,0.2669873141801862,0.05874044882205235,0.008851048298031348,6.781977278692228,12.486235170387557,14.67287413974303,16.137910211263574,17.038944566494923,17.64465516404585,18.2104246236119,18.643200394322342,18.976150623989323,19.298497622778573,19.583413076084017,19.89894698786134,20.121541298048488,20.17551958033623,20.540969925340825,20.925612776841064,21.203605780225164,21.384178371033567,21.38419036848375,21.384190368483758,18.159574468085108,47.98947368421052,82.54736842105264,126.66315789473684,179.57894736842104,224.70526315789473,268.031914893617,311.2631578947368,339.0421052631579,363.2421052631579,362.89473684210526,368.46315789473687,371.9263157894737,292.24468085106383,278.7368421052632,286.9578947368421,271.17894736842106,236.97894736842105,142.0,47.0,949.0,230.0,2.330404184040747,0.2609611407622213,1.1045597373654377,1.553724124102188,1.739256336453232,1.9830542941036422,2.2016037100630017,2.4624183174117547,2.718412928963124,3.0189451098580524,3.6003917941265473,7.324700577327023,1.1183432892919465,0.519419316654094
35970,18.76561360575777,2.9073876589696703,1.0,0.6545272716445485,1.111649355816674,1.0753590222009684,0.7171306227484184,1.2518554296104538,1.1705778769918633,0.9132225535448448,1.1627467770392765,1.0885461067653552,1.2734396281180964,0.9288187354038911,0.8709122538175388,0.5559132829079713,0.778416847906483,0.809880454655058,0.7751911092255714,0.6218104978373636,0.9280295664412229,0.6133801778846362,0.9750148428811309,0.8629950995731621,0.855325596798312,0.778855784636834,99557.0,166607.0,28.82051282051282,172.0,0.001039906408423242,0.39339573582943316,0.6509360374414976,0.5886714869645171,4404.0,18.116109674369806,0.0016281296061450906,-0.00011871399509998238,-13.714723396966464,0.0020616518391560193,0.13863570070296555,0.009486110174681895,0.000894184707061892,9.988232124107892,13.232999947522714,14.48515613082742,15.31578467174386,15.946860357493335,16.444143257850644,16.825393356917875,17.168391054297093,17.4641364359571,17.719354590628637,17.958319462829273,18.173833549951684,18.34237382357182,18.501437691231956,18.55243322984589,18.585123330797053,18.761031667218145,18.765613605757757,18.765613605757768,18.765613605757768,260.04941482444735,769.3224967490247,1264.410923276983,1793.9441558441558,2301.3433029908974,2740.0,3151.8322496749024,3553.9285714285716,3835.6514954486347,4063.7256176853057,4256.150845253576,4350.9857142857145,4312.960988296489,4216.507152145644,3655.0,2971.487012987013,2677.664499349805,1923.0,1154.0,384.5,7693.0,2090.0,2.2823563075048505,0.24360636762002139,1.1192324104329303,1.4104857148835523,1.6158336031782874,1.8642802473135625,2.072866732979568,2.32485739469306,2.6331785085173953,3.0182721757244773,3.656693470413116,8.920993113652584,1.1740969844832205,0.250680410866626
35971,16.03649590931298,1.4886892112927177,1.0,0.7018374170505634,1.0073122098648246,1.0643342850198612,0.6742312883737255,1.2438631675936165,0.8390733371901811,0.6725667193212922,0.5527409418083532,0.7883550769714455,0.9975311601802872,0.44437439439394966,0.8842029498390893,0.6739593059450197,0.5344469175058884,0.8307568047782934,0.9995966036679167,0.4296669693498778,0.9628279995835693,0.7339398152722945,0.8608735961432754,0.904629319129377,1.0885579294941776,0.692096702090412,5052.0,8470.0,4.416666666666667,38.0,0.009041591320072333,0.4148550724637681,0.6630434782608695,0.5581508371792578,181.0,14.936355748267127,0.05550466047524121,-0.005221332822783773,-10.63036246857152,0.026354722279022212,0.16112254257065842,0.03730141130768434,0.014075977309667882,4.171195431697677,7.148892814739379,8.724854516353817,9.78565734548572,10.6783501066103,11.336317740737055,11.915639305799282,12.52678564518732,12.995821188256945,13.397638689592583,13.767634721663487,14.067046243227557,14.444544904212357,14.802340257490348,15.078383949671156,15.437945021092863,15.672918443690618,16.007311300713944,16.036495909312972,16.036495909312976,16.854545454545455,35.38181818181818,54.45454545454545,74.53571428571429,98.07272727272728,115.94545454545455,127.23636363636363,145.53571428571428,162.05454545454546,167.16363636363636,166.6727272727273,159.67857142857142,162.8,169.1818181818182,163.6727272727273,165.89285714285714,155.1090909090909,135.52727272727273,83.0,27.5,553.0,112.0,2.3017150932587245,0.578064826203478,1.11827953393981,1.5515880270302063,1.7163640715750201,1.8469013327569241,2.110723248114806,2.507570190204718,2.8507097012538196,3.112134335427543,3.494430891465396,5.322111305364485,0.8958708610298126,0.876699885241687
35972,19.491473267481563,5.937389275678367,1.0,0.6068070270629575,1.2167938458953222,1.1448167162590925,0.7471604553341775,1.510228433741131,1.7450723218791395,0.8973383061095896,4.534165476348048,1.5243246338868084,1.2009981252397024,3.002304403126641,0.9109800503090896,0.6003130701719055,0.8077086905241861,0.7957431415623376,0.8034593719275567,0.5348255088293722,0.8460063385574748,0.517846596308645,0.8634641932317939,0.7389884568788987,0.6930861940184337,0.5717440977407797,38068.0,56670.0,6.205128205128205,52.0,0.0024183796856106408,0.41935483870967744,0.6717741935483871,0.5672769911493242,1462.0,18.80092527334096,0.0048121616655161705,-0.0004665675217032291,-10.313966235688937,0.00546535644830774,0.5881850258415829,0.035682245849529504,0.00283715545864175,10.880788637287234,14.291168146294407,15.533953066695714,16.290764333027894,16.879532832928522,17.32483746831456,17.66785477384061,17.975421435024792,18.158240883369288,18.429822376425818,18.673681149974172,18.864770023532593,18.973220309427354,19.062077080800776,19.21883840863497,19.419171430388843,19.491473267481556,19.49147326748156,19.49147326748156,19.491473267481556,89.06451612903226,271.0483870967742,462.0483870967742,632.6370967741935,816.1935483870968,979.6290322580645,1105.6854838709678,1232.967741935484,1220.6209677419354,1333.1048387096773,1413.0645161290322,1424.6612903225807,1320.3790322580646,1171.6854838709678,1108.483870967742,1051.1370967741937,868.5,620.5,372.5,124.0,2481.0,785.0,2.104593455836042,0.37690835168163755,1.0038813891276706,1.233922439065404,1.450863361034765,1.6303886033997048,1.838337839685792,2.0823254002886102,2.3929183533872798,2.7279258313794954,3.4355816470410945,7.852439080108751,1.2319925190960193,0.652572135799564
35973,37.57701220288971,1.6094879301091438,1.0,0.652826598624553,1.043300362364823,0.8908327140333793,0.6234849878663513,0.8102482329479512,0.8344332038522951,0.6064729262837073,0.7080436065800505,0.9366889997497657,0.9727145610340009,0.8738601058146755,1.0848033342398697,0.7295814707030958,1.11533584869852,1.2177407914537166,1.1701668603117787,1.3765359840904055,1.158602928577639,0.6847826130167167,1.3857271048539908,1.3005841729047978,1.0983145165373331,1.7102500795493956,33367.0,45273.0,3.0,24.0,0.004667444574095682,0.47227086981903094,0.7063631056625803,0.5017946409549732,225.0,31.241023960052257,0.10649024802229423,-0.0414034612544819,-2.5720131794722048,0.020996803428359932,0.09261661537479171,0.022624459058313215,0.012208319953305149,7.130321335315669,13.057749294753343,16.043649366866067,18.582088569377568,20.62038605699687,22.42139898181047,24.02921144224324,25.401653863126164,26.549007051270618,27.41735948622365,28.273360920646198,29.325524586715538,30.24271356666839,31.090925577336908,31.80287284869412,32.870464622220936,34.05385639817804,35.405296060122474,36.65600355518968,37.41037103609835,23.304093567251464,47.941520467836256,71.53488372093024,78.26315789473684,100.74853801169591,116.43023255813954,140.6140350877193,149.00584795321637,196.43023255813952,203.52631578947367,186.01169590643275,184.58139534883722,203.71345029239765,210.8654970760234,177.51162790697674,144.906432748538,137.45029239766083,128.2093023255814,136.09941520467837,73.74418604651163,1714.0,208.0,1.8753024412730679,0.2923112640573573,0.8691695470577535,1.093744543582544,1.3088619522269218,1.5666583224592627,1.7461341078928871,1.9585471579612088,2.1862737738031495,2.516278849501176,2.9176764888449376,5.551587724363722,0.8984189168325012,0.287466808096506
35974,21.599700009408153,0.8712711752216064,1.0000000000000002,0.689927649552218,0.9933631299068003,1.0542855085010472,0.7057299392121847,1.1891140517906955,0.6455287938358227,0.458695503331619,0.3162740213513261,0.6122903033672701,0.6499589685024084,0.2659745050317476,0.8338236018591073,0.6430090034744467,0.5466434773914923,0.7908897496320648,0.911126151445758,0.45970651559309883,0.9633202443520074,0.6858538381035962,0.8259562950145514,0.9137185672993157,0.9718361089643207,0.6945980444606955,119434.0,180650.0,26.15,160.0,0.0011444921316165952,0.4027757905279725,0.6567463156388611,0.5831863682520687,2824.0,20.091699567687858,0.0028317661853961063,-0.0005635482180909803,-5.024887124989437,0.0029658647637983327,0.14086889645697342,0.008756594893250508,0.0011768421857343298,10.585219321253078,14.082142487991671,15.558832126144967,16.515247575774445,17.240795804611544,17.824696573975523,18.30187498290844,18.713493143029066,19.055812710759188,19.37185983706893,19.643853534260693,19.91678613039369,20.167565555548826,20.37948877180562,20.61552696731811,20.813610978207326,21.02541041437643,21.177532483150667,21.460355149238147,21.599700009408142,185.52292263610315,537.1888412017167,863.6766809728183,1215.6809728183118,1594.7410586552217,1901.0572246065808,2191.2904148783978,2428.4048640915594,2584.1115879828326,2757.1516452074393,2752.3519313304723,2784.181688125894,2753.047210300429,2604.167381974249,2436.989985693848,2169.1030042918455,1827.4649499284692,1353.620886981402,932.0171673819742,349.0,6990.0,1564.0,2.44513541276202,0.26021366956199266,1.3937201104532815,1.716460555860386,1.9300940691108954,2.1315960664086893,2.332744830596339,2.562529493544863,2.8009105972783614,3.135487254019696,3.5568812612343597,7.836685717944893,0.8855886137982497,0.163235552408732
35975,17.321393509609052,1.8595165597923151,1.0,0.633390134173378,1.1646005652699205,1.0869323919419134,0.7249313373980433,1.319135259032343,0.7743972674397788,0.4801500579694616,0.6461001669204334,0.7124613022676053,0.6623386701599052,0.4897906886321746,0.875270837913761,0.5304320821159936,0.8276702446183488,0.8052670473367733,0.7316997552069479,0.6274339488321232,0.9190914096774376,0.561925433500146,1.0178106410186483,0.8455828683469345,0.7751429749430263,0.7715741308933455,81655.0,125037.0,15.627906976744185,80.0,0.0015467904098994587,0.393154128795204,0.6503577644556179,0.574472486204587,3061.0,16.94674853724281,0.00246578923475813,-8.739505455721087e-05,-28.214287950858434,0.0029901135079900866,0.0992630589911637,0.010936568599803553,0.001255648110700634,8.285281637835745,11.72498409700542,13.015561864309447,13.884060229636644,14.502930989978429,14.997468261521329,15.418003555587635,15.686901826366697,15.992862901855455,16.29603673041876,16.57938793444968,16.785106225620197,16.971799650343712,17.082020088537757,17.208391396164505,17.32139350960904,17.32139350960904,17.32139350960904,17.32139350960904,17.32139350960904,168.56479690522244,487.75435203094776,849.1489361702128,1198.0754352030947,1520.2707930367505,1832.7137330754351,2124.600386100386,2169.760154738878,2346.624758220503,2636.8123791102516,2888.9226305609286,2968.429400386847,3021.2127659574467,2803.6467181467183,2593.2882011605416,2327.0,1810.0,1293.0,776.0,258.5,5172.0,1485.0,2.0734273894895803,0.23753433608459007,0.9337066436578891,1.1618934814745658,1.3645050262675789,1.5510075132392134,1.7660669922064394,2.0463705253332543,2.3739811878709607,2.8252753195955145,3.6862961730304327,9.618266176518782,1.3605413178213626,0.374658907372504
35976,15.072943380430019,0.8521181179386792,1.0,0.7487957529372055,0.8937525222964139,1.0781605141719186,0.7471841270662425,1.1530628893155324,0.48573940728767995,0.34480203981189383,0.2620613529788647,0.4505260588779327,0.4614686358043109,0.22727411957072563,0.9698525731309503,0.7749035564956958,0.6673218547890999,0.8995437695804004,1.037098525551247,0.5787384720925566,0.962303253195361,0.7964656396806792,0.6244641576983043,0.892541732465929,1.0659563162937313,0.5415699035019602,21732.0,32518.0,7.625,58.0,0.003931847968545216,0.4380327868852459,0.6727868852459017,0.5554563896470566,560.0,13.00143516240304,0.016033876919158852,-0.0038378775859001044,-4.177797900085549,0.009325131319666453,0.03708053096200037,0.012523237858907979,0.005064028283288163,3.2669905840252955,5.650465612644344,7.296899884565532,8.6951582027529,9.58069357219722,10.22842299715841,10.793747893232663,11.315966188681491,11.716810865757585,12.062201937837164,12.422335507434713,12.753703588592156,13.066972861052422,13.333131896564732,13.64532741872599,13.8916655217385,14.114685250335096,14.350557454644886,14.768217954258665,15.058673616014906,47.71052631578947,102.01307189542484,146.0921052631579,196.58169934640523,252.19736842105263,299.3856209150327,354.44736842105266,418.5424836601307,475.07894736842104,504.9019607843137,535.1176470588235,537.0526315789474,548.3529411764706,526.8947368421053,498.80392156862746,444.7368421052632,378.44444444444446,283.2763157894737,200.73856209150327,75.18954248366013,1526.0,296.0,2.479917375070552,0.1818457312682013,1.3607971572028208,1.7266466096633712,1.9665611036547368,2.1872327435609185,2.4188028195826563,2.5874002169453005,2.864677258809562,3.127142357946833,3.662167403461777,6.157574305448388,0.9564741934956744,0.223864237105008
35977,21.14553377127424,2.0039259413464316,0.9999999999999998,0.7048593632662856,0.9622918519858857,1.0663838004684023,0.7008895846562064,1.1914726419016406,0.7386140838036733,0.5326662066649671,0.48419704762530763,0.6926343812417647,0.7599859069474479,0.406385367651001,0.9130852595034508,0.7282379616168579,0.6294948888753483,0.8562444957457004,1.039019522560128,0.5283334813887526,0.9445473445058855,0.7028638482805286,0.7531745484300847,0.8857480243895295,1.0028167969214303,0.6321375094504783,82389.0,121305.0,21.23076923076923,156.0,0.0017185821697099893,0.4424151267726687,0.680704770090245,0.5518064720240843,1465.0,19.231096560878523,0.007072408824670053,-0.0013743982935397814,-5.145821890141444,0.004112936791991364,0.06338788461944314,0.007930661568428478,0.0019249879892571822,7.502990553070677,11.325203101201424,13.26859403194874,14.453886322764635,15.364431364562817,16.157011569240257,16.790250576826345,17.294111940594988,17.70988150262252,18.13399692458727,18.464364409886254,18.822945680161308,19.17209488749015,19.485238060667267,19.820914301565672,20.115920927109944,20.37536118331256,20.587712017146362,21.015513908435715,21.14553377127424,109.00645161290322,254.82365591397848,423.3068669527897,609.6086021505376,781.2596566523605,934.0881720430108,1070.1437768240344,1188.963440860215,1255.6587982832618,1359.5462365591397,1373.9182795698925,1408.508583690987,1437.1548387096775,1427.7703862660944,1365.7333333333333,1254.538626609442,1070.52688172043,806.6072961373391,624.6193548387097,232.5,4655.0,934.0,2.43845877484987,0.3282262029380932,1.4134721665365488,1.7342821502319783,1.9464408755600944,2.1342216550860935,2.311201729406421,2.515691231970224,2.7749413398824627,3.0776150964702396,3.577795831135374,7.072348207656912,0.8287801296106446,0.189377853740007
35978,12.96839628600556,0.06653785284218944,0.9999999999999998,0.8801725747704798,0.631923078062598,1.0174966066033448,0.8822917715699662,0.6926527557429013,0.5469382861994846,0.4683186063289374,0.1628964906244782,0.5375332778998643,0.5307978850302578,0.2351777124596355,0.9720403318213597,0.9224286873539779,0.42343063518217816,0.9553253794784344,1.0454916582896283,0.6113173327781389,1.332444042164819,1.2851552796388583,0.8168716195192818,1.309531681499014,1.4566102972399135,1.1793378612103407,4143.0,6917.0,5.090909090909091,32.0,0.011037527593818985,0.4469026548672566,0.6814159292035398,0.5624519281708172,129.0,9.891906767786747,0.07517979731926938,-0.02360824591889848,-3.1844719670209676,0.02854393458664463,0.038752307076409594,0.02158635353077775,0.02931087975108941,0.9350959433565301,2.2641387171661234,3.364657177638438,4.299562582191273,5.175959425305771,5.876945898122795,6.609679238365998,7.0867523810926665,7.540762478829998,8.03109717288742,8.43036744367143,8.909021692139936,9.372870064502376,9.843843951394959,10.18833831708081,10.693088396429602,11.184003185720254,11.637339306663936,11.969036382177698,12.587231166886983,15.11111111111111,31.31111111111111,45.91111111111111,57.54347826086956,71.44444444444444,87.15555555555555,98.06666666666666,105.6304347826087,103.68888888888888,106.24444444444444,118.22222222222223,117.06521739130434,117.84444444444445,124.08888888888889,115.88888888888889,105.8913043478261,96.8,80.2,52.17777777777778,19.369565217391305,453.0,76.0,2.42141410949095,0.4156702221058197,0.7689274787962364,1.3201746717359264,1.7226685841490446,1.9651452980033148,2.157800809717093,2.6387529770967895,2.8254503763678684,3.318932673198993,4.2092438908221705,6.016534467842104,1.7125213140523916,0.862552814437076
35979,17.860364538562372,1.0093457253234286,1.0,0.67508398864095,1.0746210112119483,1.0768740348687267,0.6796883223856875,1.3501122709746576,0.7708879062797578,0.5897250015642557,0.41445267107088,0.7158570838545019,0.8676403318131712,0.306976449278313,0.7287415752860177,0.47991126357263225,0.6839327092901663,0.6767194227826775,0.7060754874942632,0.50657469307825,0.9693841748653904,0.7126304308833932,0.8095113304463221,0.9001834415884681,1.0484664917915314,0.5995881585921213,23602.0,35724.0,11.0,88.0,0.004807692307692308,0.43235117257967526,0.6746843054720385,0.5571803853440513,683.0,16.52199545944268,0.012870604731529836,-0.002039701649273018,-6.310042812446185,0.010132903676030635,0.15258183283224286,0.020045190655270904,0.004448731506337766,6.627396011635364,10.529696336672425,11.76311942787124,12.631207034525074,13.272034654835226,13.881570858105857,14.421790054421379,14.877746089903795,15.252878692105451,15.608946829898317,15.903290858324656,16.165327657871813,16.480228335338726,16.708489371467344,16.929173919279567,17.15971241602651,17.24089782294656,17.413376875691892,17.7383594894482,17.860364538562372,40.84939759036145,135.01807228915663,212.23353293413174,300.23493975903614,368.77710843373495,427.94011976047904,484.1144578313253,542.777108433735,586.4730538922156,628.5120481927711,623.9939759036145,635.1137724550898,665.8132530120482,628.6927710843373,585.2634730538922,535.5361445783133,407.45180722891564,307.65269461077844,224.00602409638554,83.0,1664.0,370.0,2.293496236805996,0.8710918726623257,1.32524133563778,1.5620136879216042,1.7586228950699854,1.923224252408764,2.2336693113023207,2.4470295871380547,2.6745043955815824,2.9810437591239265,3.37407962941386,5.30297404753013,0.7045934480224655,0.58749909105245
35980,23.137248169420545,3.0883322545396714,1.0,0.5797997520398294,1.3409079908956343,1.1829646464364092,0.778862829443062,1.6007055594693365,1.0637864335577871,0.7529861922216875,0.934557067353602,0.8992546284137591,0.9667763870052986,0.5838407081333715,1.1797750266476785,0.7789095936152126,1.5665301592791996,0.9973037065829996,1.0000600416021703,0.9786497897830337,0.7842444189113159,0.44006488327677606,0.9596521203201268,0.6629483148746604,0.5650094813119421,0.5995182028594124,49200.0,67028.0,7.162790697674419,64.0,0.004061738424045491,0.44453474197480697,0.6936204794798863,0.5279107529119216,1295.0,22.107628525967463,0.007510525223627685,-0.001019410139827959,-7.367520618242232,0.008146654171020267,0.2024267764166975,0.04343704278313179,0.003426831862766727,10.23941416184588,16.15260387250711,18.11441415478373,19.136383192172836,19.898223963303398,20.44225545383404,20.877435636070754,21.22053442518319,21.454351789801912,21.724419312733488,21.9707997698146,22.114705980570413,22.16180200341267,22.357298416704733,22.633665747849875,22.835965568988403,23.0564509531304,23.137248169420523,23.13724816942054,23.137248169420545,55.82520325203252,171.02845528455285,313.9390243902439,468.9146341463415,602.6056910569106,757.6138211382114,890.5222672064777,1002.2967479674796,1032.2560975609756,1126.8821138211383,1227.280487804878,1182.0528455284552,982.4024390243902,927.4008097165992,936.5081300813008,861.4268292682926,798.670731707317,615.5,369.5,123.0,2462.0,781.0,1.8482439090155818,0.31306547166,0.8774975346369921,1.0669229349843299,1.182294917519847,1.3208038574013337,1.488432231205451,1.7106760938926575,2.025757965465194,2.4762865238464493,3.360691968869238,9.334618845996598,1.2644051108807917,0.376830620409455
35981,22.85908869609806,0.19273549168466259,1.0,0.6200194934037411,1.1739248797523167,1.1605797361732502,0.7446314107143689,1.514760260546604,1.503997285770539,0.35541681938142455,6.564873524918862,1.2959017281566803,0.4773057035566794,4.333935670156752,0.6941690682329894,0.45945798387848225,0.7848162497991611,0.5981226852382029,0.6170274007615353,0.5181125160465715,0.8481854402280589,0.5548439354023113,0.7702269970636854,0.7308290966933121,0.7451256117036705,0.5084811221451951,51103.0,80187.0,14.944444444444445,96.0,0.0022682166146867026,0.4361883153715258,0.6820760068065796,0.5499171624971567,1682.0,21.244920134051817,0.0042452017479532094,-0.0008398885077339145,-5.054482480546256,0.006428347477145036,1.6538664305640762,0.03351364471802521,0.002307424682955993,13.484886174506926,16.483306031091644,17.738927061418075,18.625351020236582,19.312033033685708,19.829104357634773,20.227859432222726,20.59239152574369,20.898677490561663,21.159283980370613,21.36440110178288,21.59560594789225,21.82821629075868,22.04849720671657,22.194118174495745,22.372188072469715,22.496679008605692,22.552275194108763,22.757632187503592,22.85908869609805,115.1875,332.59490084985833,535.4090909090909,743.1926345609065,946.8215297450425,1119.596590909091,1284.0991501416431,1465.5977337110482,1604.846590909091,1656.745042492918,1622.6062322946175,1639.2386363636363,1636.5014164305949,1571.2237960339944,1423.0625,1281.912181303116,1060.2492917847026,746.8352272727273,487.94050991501416,176.0,3527.0,1093.0,2.0770060536376382,0.35673023833258816,1.2164175813802582,1.4617275973867725,1.6186001121987752,1.7532422122122353,1.9221905820517489,2.106469525179018,2.3324593697591807,2.630070175562201,3.071001066163185,6.070756405442798,0.6563550847003666,0.223105649764184
35982,26.182180990600386,1.7749147010100108,1.0,0.6299504436451354,1.129417008901648,1.0974961789141904,0.7250517950083,1.2945107978986157,0.5375694644289924,0.24872962377265306,0.791215399314046,0.48981442920451684,0.34305083510593304,0.6112080336436196,0.8505157515049392,0.5676153429804296,0.7538734228845194,0.7749601026824515,0.7828617857210213,0.5823616335284998,0.9078184671783721,0.5698090267019967,0.9608140475741527,0.8271723260818309,0.7858873402216374,0.7422217328228129,499068.0,685428.0,42.48148148148148,284.0,0.000615447738229562,0.426321998256142,0.6761553059445042,0.5461185681036005,8292.0,25.06030536183046,0.0010840907327859422,-0.0001402188232340213,-7.731420844807869,0.0012518472734056713,0.17070013914374232,0.005911668645525042,0.00048564689753431787,14.329809846980407,18.40681455029114,20.074175156486163,21.112559397103823,21.898969120077652,22.550134252349164,23.085782108488193,23.533926521834033,23.923081214292147,24.270668074221586,24.55608843068473,24.814568689463282,25.081970912580935,25.30614111652703,25.50091307111515,25.682933151694897,25.846903188205687,26.043527897745037,26.15008064803359,26.18218099060038,466.3776295536172,1285.34,2209.4866666666667,3067.7389743589742,3912.0005130836325,4719.536923076923,5580.176923076923,6366.991282051282,7047.993842996409,7609.119487179487,7829.495897435898,7899.109230769231,8098.7311441765005,7824.7687179487175,7237.1041025641025,6483.7266666666665,5421.310415597743,4393.61076923077,2831.1758974358972,974.5,19498.0,4997.0,2.0657504969482336,0.2161139465539179,1.1444218908864536,1.3526599088685773,1.5129495359236873,1.670550161804848,1.8358310535053395,2.0333414127962186,2.282140298837315,2.6377893446852587,3.2588542804215095,9.886328119829411,0.9514088343448953,0.0586243799841031
35983,16.4230698765552,0.6364281576595677,1.0,0.6119626196820773,1.164707201818516,1.1185976136238875,0.7266486141749189,1.3454417601299313,0.6111787571602644,0.4296064494458321,0.4039217649195252,0.5463794573816823,0.5912162234474684,0.300214975399989,0.7911933411638662,0.5088093517503632,0.7342068848709966,0.7073082684314519,0.7002137509449411,0.5456994918903759,0.9009209611122807,0.5454437198222913,0.9990733537173083,0.8054021840736758,0.7506292714004847,0.7425615759249411,93523.0,135095.0,14.651162790697674,82.0,0.0022727272727272726,0.4159878764917598,0.6703921197196439,0.5561720258040079,2633.0,15.411918355779573,0.0028346540613369774,-0.00036246440290080463,-7.820503306397057,0.002990460640063579,0.07703243466044182,0.007297603291760699,0.0012281294488988039,7.251241197091596,10.312428024006937,11.55642102513268,12.43156693552264,13.108516618821593,13.642768083213534,14.084669681011285,14.452056913219934,14.771609258722052,15.03949589544628,15.293993720052326,15.502144167292254,15.627413355571056,15.83484627020478,16.031408973993177,16.289696237467133,16.41667191623027,16.42306987655519,16.42306987655519,16.42306987655519,174.72296015180265,507.8787878787879,824.375,1118.246212121212,1388.280303030303,1676.4583333333333,1950.6174242424242,2174.7272727272725,2376.371212121212,2466.568181818182,2533.7916666666665,2533.246212121212,2300.871212121212,2240.337121212121,2140.7272727272725,2106.8560606060605,1833.3030303030303,1319.5,791.5,263.5,5280.0,1536.0,1.9891598498514984,0.14431523893060313,0.9837160149177457,1.2166357265426666,1.3808457155297371,1.5330063989855471,1.7189430643022134,1.9273057904967186,2.195449425400878,2.5927546122495597,3.2494280009310086,7.31848468543703,1.129843387179702,0.276924380785786
35984,48.364951524309795,0.18986617265657255,1.0,0.6508859226836615,0.8375874930397169,0.7418835245371056,0.5175991049540526,0.48702406717313795,0.674775755043791,0.5893979747587277,0.2854411172243599,0.9095440628160786,1.1387152124442887,0.5860924263582339,1.2691363403478433,0.8228914553441733,1.2725453109389369,1.71069487105771,1.589823953457612,2.612900258349131,1.2842467751087503,1.096593837214819,0.9897588910790805,1.731062535604965,2.1186161774993097,2.032258686565523,368864.0,491264.0,29.650793650793652,234.0,0.0008632190222082712,0.45746350651389106,0.6873332286925129,0.5338023053824263,1790.0,39.11541798472509,0.012262935400144037,-0.004448726067116789,-2.756504944367506,0.00378081033995081,0.0351842301836346,0.00459279682442875,0.001816596280055339,14.517194996126129,21.321780940998295,25.758764439783555,28.885990926790395,30.801416745879497,32.29965467294734,33.52294388990416,34.629075927324344,35.62219453322273,36.5256032514138,37.34100983191616,38.12136025321494,38.87929626355881,39.632985351930245,40.34953101130018,41.07828358832441,41.94264870992101,42.93552232889008,44.13870486699509,46.12704010968162,120.31789638932496,277.2425431711146,415.72291993720563,673.2525490196078,861.7794348508634,1021.5863422291993,1194.9270015698587,1295.7333333333333,1461.6067503924646,1566.8453689167975,1624.4183673469388,1717.5458823529411,1763.456043956044,1708.0007849293563,1656.4246467817895,1507.7050980392157,1280.4905808477238,1068.493720565149,733.8516483516484,314.5356862745098,12743.0,1063.0,1.9940874737431702,0.10499366489915216,0.7053079816756063,0.9296611516286258,1.1827459553704516,1.388117437302463,1.6415282328238434,1.9843600585911931,2.3991574714875434,2.882409024562596,3.698656350942593,8.07277441936366,1.6941497869828135,0.0381054968829267
35985,13.910197579815168,1.8619356748772518,1.0,0.6765990633360821,0.997377258516461,1.0873797104518066,0.6948074036689154,1.2622621339750992,0.6014727920891059,0.4018607975033695,0.28898136752420356,0.5531396128765302,0.5783772530075993,0.22893926684954674,0.942515390633206,0.6562072061809132,0.7285983847584043,0.8667766940782724,0.9444447521943856,0.5772163840991664,0.9250017947538173,0.6771097638825496,0.7353174675630391,0.850670456568919,0.9745287115639331,0.5825394327938738,11986.0,18768.0,5.9375,36.0,0.006060606060606061,0.4044489383215369,0.6531850353892821,0.582903255117731,435.0,13.22293308581019,0.018541254226157128,-0.001588498526029503,-11.672188498973,0.012182266840179895,0.09598435698908148,0.02262294058684639,0.00626868495393546,4.0063248485422855,6.831982413356451,8.301701747683145,9.343899316661448,10.16319413321956,10.772475762483625,11.21923807117492,11.619052186401767,11.939232917364835,12.209962462888967,12.47110387730957,12.797940722789715,13.046395296997478,13.258973254888193,13.396596565176251,13.549331993609766,13.801418652850616,13.910197579815161,13.910197579815161,13.910197579815161,34.13265306122449,76.33333333333333,127.71717171717172,172.73737373737373,234.8080808080808,283.8686868686869,324.74747474747477,369.42424242424244,391.57575757575756,397.4040404040404,400.24242424242425,423.42424242424244,418.16161616161617,423.4646464646465,391.2929292929293,346.35353535353534,313.3131313131313,247.0,148.0,49.0,990.0,235.0,2.4693281497138786,0.6140311729632895,1.3050156521259872,1.6513853838034427,1.8312984648391375,2.01986320853726,2.1923891922047822,2.418845457588149,2.7869216691314755,3.2376328575342472,3.981255817705604,8.802136925580207,1.2315663836096287,0.559078561323695
35986,21.781209968412522,0.290612704614717,1.0000000000000004,0.7584250533356557,0.8030717250115471,0.938305845880664,0.6877999765149951,0.7958376281394562,0.6238619436152282,0.47421066802116096,0.6795848387265633,0.6648812286037621,0.6894601398853383,0.8539239848652623,0.9056664353718283,0.731920839146698,0.5299290596942785,0.9652145293007299,1.0641478106109545,0.6658758532606327,1.1804941410590672,1.0087785072791746,0.9080417396244052,1.2581123161937597,1.466674239203295,1.1409886985957984,12006.0,16240.0,4.545454545454546,36.0,0.010447761194029851,0.4304932735426009,0.6786248131539612,0.5548183283933567,171.0,18.085285741335365,0.07207696143783641,-0.029560513917690656,-2.438285127198061,0.032123463772492984,0.19608289794442432,0.03393675781844814,0.017221295988593906,5.022719260914322,8.702131616693665,10.690426430036524,12.141088455858595,13.295064873275427,14.252250470653482,15.022281431937635,15.738327378261628,16.332981578206795,16.84841948610806,17.38111524007701,17.887971906593393,18.28346093512332,18.69858938923784,19.09894614157087,19.47672354276337,20.058914030556778,20.706499862070842,21.460124164254513,21.764659480818484,10.106060606060606,33.0,46.38805970149254,61.417910447761194,79.01492537313433,104.73134328358209,121.25373134328358,131.7462686567164,138.1492537313433,152.01492537313433,159.3134328358209,160.97014925373134,153.55223880597015,146.2537313432836,130.59701492537314,109.50746268656717,105.19402985074628,87.35820895522389,84.29850746268657,32.701492537313435,670.0,101.0,2.2205991982444315,0.5391186038697041,1.031960981887402,1.4487222430915134,1.6622501635502398,1.865221965609502,2.0779566210618254,2.2091551574207284,2.5084759071826155,2.9782181866255515,3.3816613362285226,6.53242488794816,1.1428234322175728,0.795393619812094
35987,34.42999024930518,0.11422817968679987,1.0,0.6914584509664015,1.0403749049683944,1.000453185989644,0.6528581169109897,1.1264799378980217,0.9685790767854456,0.5268594253399151,1.2088478947511738,0.9681403291522646,0.8070044802885508,1.0731197725605734,1.3025311326269697,0.8287755928948631,2.2797926215121493,1.3019411111560524,1.2694574386487376,2.0238199943144792,0.965465241289563,0.7468461944921088,0.7821380651664241,0.9650279041637805,1.1439640178264543,0.6943204568967919,28759.0,39735.0,4.428571428571429,38.0,0.004736129905277402,0.4278943805010156,0.6817874069058903,0.5474028672962037,399.0,31.701250529470425,0.03744150057590718,-0.007903641136325726,-4.737247039699619,0.02323342049398671,0.3131944611728779,0.07708302337590026,0.008887457980849757,11.920105164796716,20.11925999018686,24.182884485803186,26.083386257748618,27.243708140379486,28.240611009449367,29.144860552473094,29.700212271563565,30.255454124621366,30.753625830581548,31.242786853142587,31.656136966449356,31.98073295217224,32.32916031062698,32.456584313009685,32.98599744143711,33.63769394259029,34.17213014270703,34.413679519768564,34.42795709334922,18.537414965986393,44.554054054054056,82.36486486486487,126.72972972972973,159.2925170068027,200.5,258.8378378378378,306.2162162162162,340.5238095238095,363.22972972972974,375.2432432432432,384.44594594594594,362.05442176870747,363.9189189189189,272.1081081081081,256.31081081081084,274.55102040816325,292.43243243243245,217.56756756756758,73.5,1478.0,262.0,2.2662805523366605,0.5199527914259375,1.1216691786430075,1.3716923112769783,1.6039274248667856,1.8523127347235433,2.0148562046581198,2.3109468279684573,2.5890617581712854,2.973205157322757,3.7900038810329524,8.829344161576811,1.2200113366978753,0.559766752328724
35988,31.898237237842352,3.764920631216019,1.0000000000000002,0.609538795715369,1.1671332259690095,1.0346055413276278,0.6380171025370835,1.2819337910095026,1.4695721927090348,1.1822050062969502,1.2840371200850038,1.4204178636267968,1.8529362325804375,1.0016407470418929,1.0749093888362122,0.8161970979955631,1.0239127592494117,1.0389557622674876,1.2792715034596163,0.7987251497934981,0.9134366908593314,0.5715993074182345,1.0276582762414197,0.8828840117047798,0.8958996634185231,0.801646920807162,7843.0,10781.0,1.9393939393939394,20.0,0.0099601593625498,0.45109780439121755,0.6966067864271457,0.5130021778241127,153.0,30.906212236394808,0.1097298643788784,-0.006372736471210973,-17.21864145404197,0.05615432456412442,0.6218130003704841,0.10735235497975518,0.027331899776901224,10.12899871796975,15.662189326844208,18.01855603592612,19.98485150132811,22.28155340566757,25.02538482724472,26.42475097831617,27.607101923813584,28.36071513001376,29.041979761203358,29.518972699651613,29.880978847363682,30.320072635395196,30.776021905880427,31.015419461546525,31.250274209692098,31.538832353219348,31.845157338986656,31.89823723784234,31.898237237842345,12.34,18.62,32.82,31.62,24.46,33.62,53.470588235294116,69.38,91.38,110.66,126.46,132.54,135.78,148.07843137254903,131.18,121.06,114.82,117.38,75.5,25.0,502.0,104.0,2.324564305291288,0.6186279631690907,1.0153663271750653,1.3343508269553108,1.4828218392485562,1.6662252759686516,2.0193016341370504,2.1595122640025286,2.5556513681922732,3.1280991711026704,4.278592103263223,6.695129532188059,1.8159792572446536,0.853620419674553
35989,19.20017570958544,1.9014041586842527,1.0,0.6302226436022281,1.1830600208222617,1.121076139798469,0.7291712962525386,1.4105906289520769,0.7055620477985163,0.3893334059325639,0.6364043945279817,0.6293613990619336,0.5339395666470715,0.4511616492169414,0.8842783882483295,0.5872923710455888,0.880495159437748,0.7887763880223982,0.8054244236764198,0.6242031822456279,0.8798146540829479,0.5560926890458596,0.9329040008114629,0.7847947368152072,0.7626365600289132,0.661357010080603,366675.0,556161.0,45.416666666666664,220.0,0.0004564820450395618,0.4143545523712909,0.6672584326654831,0.5651321737572322,9832.0,18.23584710069759,0.0007478598417013355,-8.100670262610822e-05,-9.232073611897672,0.0008774421278671665,0.043791125561545616,0.0035969950597648406,0.0003597181505104585,9.89719606121403,13.327032160207539,14.618088828152286,15.46907387667551,16.106725314434794,16.5938156483908,16.98407859622929,17.302813711026314,17.621802973379964,17.89468133405539,18.12819308408476,18.333154903892254,18.51958742548877,18.709843539534404,18.893579788097604,19.100310180253917,19.200175709585434,19.200175709585434,19.200175709585434,19.200175709585434,647.3815322171487,1886.9290060851927,3089.5829528158297,4326.888438133874,5615.934550989346,6658.537525354969,7550.842212075088,8125.278904665314,8920.744292237443,9395.62981744422,9590.618661257606,9555.938102486049,9277.759634888438,8978.015728056824,8549.31845841785,8146.028411973617,6900.5,4929.0,2957.5,985.5,19716.0,5780.0,2.1477320824712263,0.2150733884418479,1.0876183865529034,1.3087046683646606,1.5051163132338963,1.6973174598687766,1.8991184862286663,2.120788239609377,2.3994159773880903,2.803061452178306,3.531164101241375,10.407097387956775,1.2002532905757006,0.0623785466561094
35990,21.428768728735417,1.1227208153426549,0.9999999999999999,0.7498455294452622,0.8845437212808939,1.0118174448273656,0.6907984927778188,1.0870867148998657,0.6675514359354382,0.6747986411139482,0.3183822289133092,0.6597548197534137,0.9768386123722816,0.29287657051593735,0.9987098516339165,0.7400618062514649,0.8120739858108391,0.9870454959435044,1.0713135798480826,0.7470185907714283,0.9946498853374885,0.8313632264978005,0.6513376166089098,0.9830329477143912,1.203481529258622,0.5991588414075193,13606.0,19238.0,4.787878787878788,34.0,0.005924170616113744,0.41874258600237246,0.6595492289442467,0.5680255550814174,261.0,18.83651978399933,0.042575409393387435,-0.011295377870450719,-3.7692771221728547,0.024087838568674684,0.3964392713906336,0.033608318319056904,0.011132894616544563,7.6476635872726675,11.048428683926286,12.71114500763429,13.971944563132736,14.892411236871117,15.68105581868109,16.32097728590025,16.953355606423813,17.510134690290666,17.97668163073174,18.462287521530733,18.883564134461512,19.215070742629454,19.559143142918437,19.96134206030211,20.382830303034833,20.830563202911737,21.141229142531273,21.428768728735403,21.428768728735406,22.61904761904762,54.833333333333336,68.82352941176471,84.52380952380952,108.47619047619048,138.2941176470588,161.97619047619048,183.04761904761904,202.96470588235294,220.76190476190476,238.35714285714286,251.23529411764707,240.76190476190476,223.5952380952381,218.72941176470587,203.78571428571428,200.14285714285714,168.9764705882353,126.5,42.0,844.0,126.0,2.2446994153409543,0.6117830541849892,1.060553227102599,1.4211202470869297,1.6762475736098081,1.9844539634049023,2.1318246779689076,2.351895372935555,2.6281169193924856,2.8391268891527366,3.339856793847591,5.216974184024582,0.9796794398363095,0.676200339610223
35991,20.25383708322339,2.696555376229573,0.9999999999999999,0.6789421793299998,1.0088600433489345,1.0346542514436388,0.7101849505602892,1.0903318950815806,1.0026073219178193,0.8624712540253879,0.641505591263052,0.9690264361441469,1.2144318931919846,0.5883580900062118,1.0186069645375158,0.7189187054000207,0.9555580683479974,0.9844901938171786,1.0122978596390153,0.8763919249344723,0.9608681315943233,0.6446320807910672,0.9240465244437917,0.928685239782891,0.9076960590089875,0.8474910516807846,70380.0,119460.0,26.8125,138.0,0.0010109519797809603,0.3874283788338389,0.6523424334344455,0.5954794584038431,3669.0,19.884148970904988,0.0019930403353051007,-0.0001065545326888668,-18.704416274103192,0.002958759977585746,0.20129322642900396,0.015380741949358165,0.0012346943019830303,11.061758169187987,14.636938120236655,15.943361529477498,16.801815265598446,17.458639533064154,17.97370371573528,18.381903920590226,18.734761810549337,19.042067981543024,19.30576904607075,19.56144309793653,19.756732371342476,19.883846862327378,19.897379524582544,20.083064349802722,20.253005519639405,20.25383708322338,20.253837083223377,20.253837083223384,20.253837083223388,187.61551433389545,559.5295109612142,945.1060606060606,1316.0775716694773,1687.0656565656566,2054.284991568297,2406.486531986532,2738.0236087689714,3047.607744107744,3243.7116357504215,3501.2006745362564,3599.1161616161617,3428.612141652614,2873.594276094276,2793.7571669477234,2668.813131313131,2077.0,1483.5,890.0,296.5,5935.0,1472.0,2.4211671619591186,0.24464470873027533,1.1273036723094134,1.4392768910674063,1.691695755165295,1.9437512683859643,2.1896116155822227,2.5121038206069626,2.8297214730657836,3.300701809632059,4.119985319055152,8.236534807092479,1.3741897673163905,0.229565824670717
35992,23.300040943287602,5.440136438704906,1.0,0.6107901827104444,1.2026923769515268,1.1153111460330878,0.6973703174730567,1.4061007650298631,1.3020498144163184,0.7884795197243325,2.7125290750678235,1.1674319036866243,1.1306468026649212,1.9291142872041707,0.9525553065254132,0.5313075889656462,1.4831717404539166,0.854071359291476,0.7618729613999862,1.0548118437460752,0.8770861493663455,0.5232725068244333,0.9246099015283924,0.7864048991942246,0.7503509881529339,0.6575701575048608,26150.0,42192.0,9.085714285714285,46.0,0.0032482598607888632,0.43036211699164345,0.680129990714949,0.5560105357741705,959.0,22.22692730149342,0.00860898839250269,-0.0012809912850386183,-6.7205674956977965,0.008291506269537,0.5262810792800738,0.0571554191919727,0.003852291499861659,13.330367154517788,16.917037733560928,18.223318311290555,19.223172590526364,19.846377311594182,20.23470646916926,20.633239784288207,21.005080850296025,21.2894447145422,21.346586184707586,21.733116801084964,22.11028066094432,22.243294643421674,22.46067131576551,22.70009097291413,22.832589633576838,23.144889846703112,23.300040943287588,23.300040943287588,23.300040943287602,69.66976744186047,206.4093023255814,356.1388888888889,503.80930232558137,643.8888888888889,708.7441860465116,764.2407407407408,852.5813953488372,895.8425925925926,726.8651162790698,807.3813953488373,919.4629629629629,836.1116279069768,814.6203703703703,795.706976744186,676.2222222222222,654.8186046511628,538.5,323.0,107.5,2155.0,669.0,1.967294408749173,0.4030761221499884,0.949578033464816,1.169114585533752,1.3618637835975889,1.5175472599981572,1.6757620688914623,1.9039342994529396,2.2179879603508965,2.684546279933689,3.326570453682681,8.828462201799834,1.159191022354004,0.816121531191748
35993,26.512979187942005,7.17608327214284,1.0,0.5729622895571553,1.4070225634121578,1.1977162331333928,0.7594165633659153,1.727354457050569,2.1860852306408005,1.7711019208765226,3.5762354278523887,1.825211323154314,2.3321876376077135,2.070354126366603,1.0666772618139109,0.5727703518256099,1.976703040925974,0.8905926398136346,0.7542242024416153,1.1443528760745283,0.7911596468369517,0.4619413899413385,0.9667109002752173,0.6605568372127408,0.6082845861221463,0.5596482507277987,111014.0,160406.0,16.651162790697676,124.0,0.0016512549537648614,0.435177539223782,0.6819157720891825,0.5394530732498782,3457.0,25.350358773406903,0.0021101938357111568,-0.0003830318569837612,-5.509186239307033,0.0031935418523202585,0.7927537265982262,0.046865738755087705,0.0015043839248252192,17.263727699988387,20.99321814476779,22.289105493685142,23.115215662251337,23.737495454573956,24.204957804898957,24.57892778897369,24.88200356827593,25.16211740015599,25.37542020245643,25.496251055440325,25.56210128300957,25.77068708134973,25.970640085990542,26.108739833722524,26.323825833202484,26.512508350051142,26.51297918794199,26.512979187941994,26.512979187941994,203.3190082644628,616.4702970297029,1041.8793388429751,1482.5891089108911,1932.9719008264462,2326.463696369637,2695.115702479339,3003.1633663366338,3241.7454545454543,3406.529702970297,3200.608910891089,2777.9454545454546,2747.714521452145,2665.2661157024795,2428.7541254125413,2318.5206611570247,2118.615511551155,1514.0,908.5,302.5,6056.0,2117.0,1.8793029796925864,0.36887950727956215,0.8950604728075717,1.0806931375586921,1.2504097679773012,1.4244631240480767,1.6284961931979558,1.827665540035593,2.084293873943451,2.4027950418203847,3.1714469362940236,10.575748152201749,1.181587127647762,0.204524030701723
35994,20.79710881185132,3.243785001843904,1.0,0.6307573212666595,1.1346865599500005,1.0724784339060325,0.7301087948725201,1.2065224070353393,0.9674020876137579,0.487163042380825,1.044495792750212,0.9020247466332912,0.6672471908325465,0.8657077453843082,0.8253931308540351,0.49230763305477754,0.8577550915470983,0.7696128003692368,0.6742935251735139,0.7109317543921706,0.9353447298499433,0.5609138094409184,1.0666775147484853,0.8721338353101985,0.768260584422704,0.8840925858720848,125181.0,195069.0,24.74418604651163,138.0,0.0010240655401945725,0.4064780437844066,0.6644475739341954,0.5735287906396344,4572.0,20.213730421871595,0.001604783267447899,-8.582564796269485e-05,-18.698178289844513,0.002247256921009783,0.27642494332362727,0.012065240634269095,0.0009599153919746202,11.596803856914915,15.032431989002202,16.403399074415688,17.344328458246217,17.97277703943163,18.495479511352304,18.927680803851977,19.29957450806764,19.627218548828175,19.874001374891623,20.081288767298336,20.25742875344374,20.427713866564524,20.605686919315342,20.717724435511343,20.797108811851302,20.797108811851302,20.797108811851302,20.797108811851306,20.79710881185131,247.0806658130602,707.9807938540333,1189.5108834827145,1693.5454545454545,2211.0576184379,2669.752880921895,3123.5409207161124,3551.541613316261,4016.5108834827147,4309.71318822023,4450.541613316262,4419.679897567222,4363.865556978233,4339.24168797954,3992.829705505762,3515.0,2734.0,1953.0,1172.0,390.5,7812.0,2072.0,2.1738224714457886,0.274764584025413,0.9804505987610762,1.2216290032985384,1.4104207082954445,1.6169451060873248,1.8650919247783992,2.145845139148961,2.4434864367993576,2.9380783286768075,3.836491127389486,9.628408231166999,1.4957898831739886,0.168555246007163
35995,14.654732547956026,3.101876357244493,0.9999999999999998,0.6403469294716674,1.209172442118571,1.0727252929172097,0.6714476086633043,1.3926679734914733,0.9433164013943585,0.6501897074462111,0.6120420717177304,0.8793643700048016,0.9683401937205305,0.43947450746879524,0.8587693708604973,0.543618209797538,0.7831411990548227,0.8005491960808786,0.8096211867963238,0.5623315922828734,0.9415170037206695,0.6145772662635282,1.074338081578469,0.8776869622979361,0.9153018915161649,0.7714244184743198,9267.0,17561.0,9.166666666666666,60.0,0.00625,0.40303842716711347,0.6577301161751564,0.5895890440418299,545.0,14.087569404187455,0.013861642995078778,-0.0007761753546537961,-17.858906382387783,0.010324268266945071,0.19342050330633762,0.02460907245887641,0.005424693988432578,5.717850053813422,8.865495881922685,10.052314973223904,10.927852634223058,11.52694666620684,12.05203103875097,12.537603299985614,12.916862383662167,13.175187573067008,13.3751123586697,13.583111246801717,13.81866133848271,14.036734767396355,14.183848739290735,14.344833477136119,14.60997211924959,14.654732547956025,14.654732547956026,14.654732547956028,14.654732547956028,37.972972972972975,113.26785714285714,199.42857142857142,269.4107142857143,315.30357142857144,362.5,428.39285714285717,491.05357142857144,508.625,500.7857142857143,497.9642857142857,510.07142857142856,526.3035714285714,502.75,474.48214285714283,486.01785714285717,391.5,279.5,167.5,55.5,1120.0,276.0,2.2294828422061213,0.6586346799878862,1.077591633400088,1.401424124585652,1.5858356671108438,1.764916052909665,1.9405280694594726,2.254362799971581,2.5979429218714305,3.0728902782427956,3.657421133043052,6.044705048948853,1.0809274023169138,0.966964047751389
35996,19.452839989396818,2.682824220657481,1.0,0.6971728718142897,0.9706957069508712,1.0374308707619126,0.6765627008659356,1.166644767640485,0.7808633963791508,0.6735655501063634,0.34763501050343737,0.7526895703476292,0.9955700325250917,0.29797845937844647,0.9050042095560655,0.6746722975520336,0.7143201958172619,0.8723513393151777,0.9972058712200917,0.6122859465284877,0.9837436632359388,0.7209485374798722,0.7982936415029008,0.9482498458075141,1.0656049122381812,0.6842645367684915,11844.0,19088.0,8.89655172413793,56.0,0.0056657223796034,0.43005671077504726,0.6710775047258979,0.5731311525142818,383.0,16.53050860548147,0.02426469672463942,-0.00945113996419306,-2.5673830687694346,0.015850676529999375,0.251416342524126,0.029639675747808784,0.007971190693834377,6.7835001141163325,10.515857608517601,12.07999700101089,13.310276088978792,14.09579958567535,14.683136043594628,15.216663980405528,15.649672448956554,16.01463372358608,16.328155926310906,16.55812350200466,16.817822533879394,17.099500803244364,17.339825384624298,17.69686279462199,18.059707289582573,18.41951574074934,18.78270289793074,19.225668509224835,19.438757237630423,24.0,77.00943396226415,131.78301886792454,171.17924528301887,201.12264150943398,233.4811320754717,278.2761904761905,316.95283018867923,346.85849056603774,365.83962264150944,364.5,342.25471698113205,327.97169811320754,296.62857142857143,282.5188679245283,259.4056603773585,216.78301886792454,169.25471698113208,127.19811320754717,50.405660377358494,1059.0,226.0,2.581572387144867,0.6541410440494013,1.393590809100095,1.6559734335807714,1.9679129236849553,2.1921959059486755,2.457306085713262,2.6385230653895353,2.9421483235448918,3.3084045075957835,3.9056896872775244,7.772375982007453,1.1797765718013435,0.387260197002906
35997,13.412278720799655,2.657709049431558,0.9999999999999999,0.6203159824251808,1.1440272546734362,1.1168911033087445,0.7579628677579252,1.2853864424968053,0.5628673976192329,0.46956505486996414,0.18443274792721687,0.5039590663331108,0.6195093121895936,0.14348427976956452,0.9679900808772357,0.6207888554707133,0.806872325612095,0.8666825960110206,0.8190227805050974,0.6277274280602975,0.8855338794407355,0.5310126831232788,1.053193162581849,0.7928560598409078,0.7005787561784244,0.8193591652764507,8965.0,14851.0,5.0,24.0,0.00798175598631699,0.4257990867579909,0.6689497716894978,0.5565941117149886,506.0,12.851142102649371,0.01496116076890318,-0.0010891166703908544,-13.7369679260662,0.01227690601754349,0.10355890387906524,0.030538465016755778,0.006513791255559439,3.8281659555103933,6.659699535827193,8.483916156909773,9.475869193408368,10.209788985558522,10.766054138214958,11.222930156054838,11.601080732540494,11.932518613460433,12.180497841264815,12.46126982437161,12.66721227155356,12.859952521135279,12.934991074855237,13.123251244813623,13.221564694551894,13.221564694551898,13.296296503097533,13.41227872079965,13.412278720799652,30.264367816091955,72.06818181818181,116.45977011494253,161.79545454545453,206.20454545454547,258.2413793103448,313.54545454545456,365.1136363636364,415.264367816092,451.4318181818182,472.25,488.81609195402297,493.72727272727275,435.8636363636364,423.4712643678161,366.5,278.5,201.7816091954023,131.5,43.5,877.0,258.0,2.053476532975725,0.5415479468247358,0.9917905792496015,1.2483529999527032,1.4326381034131344,1.6039523973707592,1.7991542640930103,2.0444046143071404,2.390855687891956,2.744224462108242,3.4829366573006855,5.817186495376702,0.9718581995604515,0.845599477945361
35998,29.47421540469797,0.7929884859361602,1.0,0.6898316508448828,0.9084757058339311,0.8725862119352795,0.6106245745655355,0.6455580170990142,0.9490964980474653,0.5912347688815609,1.0206457435544278,1.087682208434736,0.9682459460499594,1.5810286860675506,0.97536726575549,0.7340809280317437,0.8317765087810397,1.1177889959918756,1.2021804536020326,1.288461279621075,1.3646523169866576,0.9771562895899344,1.4600884712872981,1.5639168924753477,1.6002570651290757,2.2617463227373307,7530.0,11294.0,2.606060606060606,30.0,0.013651877133105802,0.505982905982906,0.7230769230769231,0.5011850796522426,89.0,19.696726426777442,0.1705368077559639,-0.10741557445742754,-1.5876357652730653,0.04902773832266976,0.1606601785861381,0.033883401105813366,0.04164089213393566,4.374178658699804,8.82575081533295,11.327793627839961,13.093110718581746,14.300451270299929,15.308602745385457,16.321385838537868,17.3058659232625,18.081901091340086,18.847570592141683,19.57035364231891,20.321157480090907,21.105891589935073,21.797712801430286,22.76490168428846,23.599266928657684,24.257810197885547,25.35892551312896,26.498834984727278,28.680663740021682,9.741379310344827,16.084745762711865,28.982758620689655,38.847457627118644,52.98275862068966,58.42372881355932,70.5,72.94915254237289,76.67241379310344,80.49152542372882,82.33898305084746,81.29310344827586,72.38983050847457,75.98275862068965,77.89830508474576,82.5,63.983050847457626,50.63793103448276,32.0,20.83050847457627,586.0,43.0,2.1461621280542786,0.4697671205567302,1.1614739111716466,1.394081052874365,1.6992544106194083,1.7740562900216093,1.8648647342942577,2.1251091451378756,2.5446223900572584,3.052385604858603,3.3757797376500815,4.816896592205631,0.8149048681977136,0.359030916446354
35999,27.651236269185777,2.5689205507258532,1.0,0.6381025402839826,1.1602822857446762,1.109585530564626,0.7329908315294388,1.3540143471295891,1.037366106348718,0.7581687540198412,0.7750768224180971,0.9349131525001427,1.034349573565425,0.5724288107147483,0.8780191801563906,0.6241227411126627,0.7771213028201284,0.7913037399736097,0.8514741443769293,0.5739387506990369,0.8906667182623874,0.5637059357013665,0.9475546105269266,0.8027021745760877,0.7690490950959823,0.6998113517302624,398325.0,552945.0,40.27450980392157,218.0,0.0004862039625622949,0.3955509633501489,0.6546526469336899,0.5800465800341391,8267.0,26.165925818763977,0.0008743529289179541,-0.0001888257898301671,-4.630474098397051,0.0015244828127672719,0.82889733562104,0.019147863848275607,0.000576329085329856,18.47258730387914,21.928850203988844,23.184868127758904,23.98622534076213,24.57561072248491,25.02827543413128,25.40822488679962,25.719401960642948,26.01182521372626,26.216840101552766,26.420565692911694,26.585233837775043,26.758801036574567,26.941444116543632,27.18716319807186,27.408887950059174,27.56197734171846,27.65123626918575,27.65123626918576,27.651236269185762,567.1294832826748,1715.6638297872341,2858.011543134872,3997.2620060790273,5050.077203647416,5968.122114216282,6801.1635258358665,7287.357446808511,7911.035844471446,7888.38905775076,7812.568389057751,7401.424665856622,6988.115501519756,6567.63829787234,6541.476913730256,6203.112462006079,5379.437689969604,4113.5,2468.0,822.5,16454.0,4821.0,2.17042340818846,0.3140663422539969,1.0705490818250387,1.2961042906227256,1.495910090073692,1.6999427089692392,1.9156470174575055,2.1626708552227405,2.468703925243613,2.909587288601071,3.5679755543378273,10.054696897007746,1.2399952481295218,0.109784329703543
